bizyaev_name,bizyaev_name_norm,bizyaev_catalog_token,RAJ2000,DEJ2000,h,z0,z0_over_h,h_over_z0,B/T,Type,thickness_flag,sparc_match_name,sparc_match_reason,match_sep_deg,nearest_sparc_name,nearest_sparc_sep_deg
2MASXJ00004392+0705232,2MASXJ000043920705232,,0.18259,7.090147,7.61,1.31,0.1721419185282523,5.809160305343512,0.09,SB,intermediate,,unmatched,,,
PGC2038248,PGC2038248,PGC_2038248,0.186788,33.756809,3.59,0.88,0.245125348189415,4.079545454545454,0.11,SB,thick_like,,unmatched,,,
SDSSJ000045.59+140428.7,SDSSJ000045591404287,,0.189996,14.074663,3.7,0.82,0.2216216216216216,4.51219512195122,0.07,SC,thick_like,,unmatched,,,
PGC1454005,PGC1454005,PGC_1454005,0.199556,14.27753,4.13,1.79,0.4334140435835351,2.3072625698324023,0.22,SB,thick_like,,unmatched,,,
PGC1045602,PGC1045602,PGC_1045602,0.21228,-5.370842,4.11,1.0,0.24330900243309,4.11,0.08,SC,thick_like,,unmatched,,,
PGC1457443,PGC1457443,PGC_1457443,0.220469,14.413526,6.77,1.1,0.1624815361890694,6.154545454545453,0.17,SB,intermediate,,unmatched,,,
UGC12900,UGC12900,UGC_12900,0.233094,20.338327,18.51,2.81,0.1518098325229605,6.587188612099644,0.06,SB,intermediate,,unmatched,,,
PGC991444,PGC991444,PGC_991444,0.463719,-9.408434,4.18,1.29,0.3086124401913876,3.2403100775193794,0.07,SC,thick_like,,unmatched,,,
PGC1501610,PGC1501610,PGC_1501610,0.473763,16.137632,5.55,1.45,0.2612612612612612,3.827586206896552,0.06,SC,thick_like,,unmatched,,,
PGC91845,PGC91845,PGC_91845,0.577984,35.242317,7.51,1.33,0.1770972037283621,5.646616541353383,0.05,SD,intermediate,,unmatched,,,
NED,NED,,0.593305,-10.42879,6.19,0.65,0.1050080775444265,9.523076923076925,0.05,SD,intermediate,,unmatched,,,
PGC1964011,PGC1964011,PGC_1964011,0.598585,31.778606,3.79,1.58,0.41688654353562,2.3987341772151898,0.27,SA,thick_like,,unmatched,,,
PGC2024213,PGC2024213,PGC_2024213,0.680029,33.131416,4.52,1.76,0.3893805309734514,2.568181818181818,0.19,SB,thick_like,,unmatched,,,
NED,NED,,0.688804,31.461485,4.23,1.18,0.2789598108747044,3.584745762711865,0.07,SB,thick_like,,unmatched,,,
PGC1819666,PGC1819666,PGC_1819666,0.829738,27.850815,6.07,1.47,0.2421746293245469,4.129251700680272,0.14,SC,thick_like,,unmatched,,,
NED,NED,,0.854554,24.132711,4.53,1.39,0.3068432671081677,3.2589928057553963,0.07,SC,thick_like,,unmatched,,,
PGC1893913,PGC1893913,PGC_1893913,0.935497,30.192247,4.47,1.07,0.2393736017897092,4.177570093457944,0.11,SB,thick_like,,unmatched,,,
PGC90450,PGC90450,PGC_90450,1.08124,-6.193389,6.0,1.58,0.2633333333333333,3.79746835443038,0.09,SB,thick_like,,unmatched,,,
PGC1338462,PGC1338462,PGC_1338462,1.123737,8.07944,3.74,1.7,0.4545454545454545,2.2,0.1,SB,thick_like,,unmatched,,,
PGC1745323,PGC1745323,PGC_1745323,1.161462,25.675274,4.16,1.37,0.3293269230769231,3.036496350364964,0.11,SC,thick_like,,unmatched,,,
PGC90452,PGC90452,PGC_90452,1.25126,4.506516,8.01,1.12,0.1398252184769038,7.1517857142857135,0.09,SB,intermediate,,unmatched,,,
NED,NED,,1.35392,7.464624,4.29,1.29,0.3006993006993007,3.3255813953488373,0.09,SC,thick_like,,unmatched,,,
PGC984316,PGC984316,PGC_984316,1.376796,-9.950334,5.91,1.33,0.2250423011844331,4.443609022556391,0.05,SD,thick_like,,unmatched,,,
PGC1080508,PGC1080508,PGC_1080508,1.381093,-2.891589,4.77,0.78,0.1635220125786163,6.115384615384615,0.09,SC,intermediate,,unmatched,,,
PGC1352786,PGC1352786,PGC_1352786,1.385511,8.737666,6.05,1.75,0.2892561983471075,3.457142857142857,0.08,SC,thick_like,,unmatched,,,
PGC968997,PGC968997,PGC_968997,1.427206,-11.180237,6.96,1.42,0.2040229885057471,4.901408450704226,0.07,SC,thick_like,,unmatched,,,
PGC990749,PGC990749,PGC_990749,1.582847,-9.462467,4.22,1.81,0.4289099526066351,2.331491712707182,0.1,SC,thick_like,,unmatched,,,
PGC1451356,PGC1451356,PGC_1451356,1.622053,14.182354,7.33,1.57,0.2141882673942701,4.6687898089171975,0.06,SD,thick_like,,unmatched,,,
UGC00047,UGC00047,UGC_47,1.658795,17.284151,13.73,3.15,0.2294246176256373,4.358730158730159,0.03,IR,thick_like,,unmatched,,,
PGC1725914,PGC1725914,PGC_1725914,1.783559,25.115232,4.33,1.37,0.3163972286374134,3.1605839416058394,0.21,SB,thick_like,,unmatched,,,
PGC566,PGC566,PGC_566,1.814582,33.917542,8.1,2.35,0.2901234567901234,3.4468085106382977,0.07,SC,thick_like,,unmatched,,,
PGC212468,PGC212468,PGC_212468,1.851756,8.373794,4.32,2.04,0.4722222222222222,2.117647058823529,0.49,SA,thick_like,,unmatched,,,
PGC1716792,PGC1716792,PGC_1716792,1.918513,24.801214,3.87,1.91,0.4935400516795865,2.026178010471204,0.18,SC,thick_like,,unmatched,,,
NED,NED,,2.070027,8.225907,5.34,1.31,0.2453183520599251,4.076335877862595,0.05,SC,thick_like,,unmatched,,,
PGC90453,PGC90453,PGC_90453,2.100091,33.02813,9.36,2.16,0.2307692307692308,4.333333333333333,0.06,SC,thick_like,,unmatched,,,
SDSSJ000826.52+002208.9,SDSSJ000826520022089,,2.110474,0.369248,4.7,1.19,0.2531914893617021,3.949579831932773,0.06,SC,thick_like,,unmatched,,,
NGC00011,NGC00011,NGC_11,2.176961,37.447861,11.19,3.48,0.3109919571045576,3.21551724137931,0.19,SB,thick_like,,unmatched,,,
PGC90454,PGC90454,PGC_90454,2.190198,-4.632575,7.96,1.53,0.1922110552763819,5.202614379084968,0.06,SD,intermediate,,unmatched,,,
PGC90455,PGC90455,PGC_90455,2.202895,4.456114,4.84,1.86,0.3842975206611571,2.6021505376344085,0.07,SC,thick_like,,unmatched,,,
SDSSJ000903.08+153842.7,SDSSJ000903081538427,,2.26288,15.645201,4.88,0.85,0.1741803278688524,5.741176470588235,0.05,SD,intermediate,,unmatched,,,
UGC00083,UGC00083,UGC_83,2.331449,0.59924,5.5,1.71,0.3109090909090909,3.216374269005848,0.19,SB,thick_like,,unmatched,,,
SDSSJ000924.18+003216.2,SDSSJ000924180032162,,2.350708,0.537843,3.9,0.87,0.2230769230769231,4.482758620689655,0.08,SD,thick_like,,unmatched,,,
PGC90457,PGC90457,PGC_90457,2.351928,-1.751413,8.45,1.41,0.1668639053254438,5.99290780141844,0.09,SB,intermediate,,unmatched,,,
PGC90459,PGC90459,PGC_90459,2.474841,28.549753,7.98,1.78,0.2230576441102756,4.48314606741573,0.3,SB,thick_like,,unmatched,,,
UGC00095,UGC00095,UGC_95,2.609454,28.988247,14.16,3.2,0.2259887005649717,4.425,0.11,SB,thick_like,,unmatched,,,
2MASXJ00104055+1504181,2MASXJ001040551504181,,2.669025,15.07164,6.32,1.01,0.1598101265822784,6.257425742574258,0.08,SD,intermediate,,unmatched,,,
PGC90460,PGC90460,PGC_90460,2.694386,-0.892352,13.82,1.01,0.0730824891461649,13.683168316831685,0.05,SD,thin_like,,unmatched,,,
PGC90461,PGC90461,PGC_90461,2.781433,33.90324,5.74,1.58,0.2752613240418118,3.632911392405063,0.11,SB,thick_like,,unmatched,,,
PGC1184724,PGC1184724,PGC_1184724,3.016386,1.105347,3.56,1.09,0.3061797752808989,3.26605504587156,0.06,SD,thick_like,,unmatched,,,
PGC1168181,PGC1168181,PGC_1168181,3.198281,0.523035,5.2,1.26,0.2423076923076923,4.126984126984127,0.06,SC,thick_like,,unmatched,,,
NED,NED,,3.420708,5.977557,8.8,1.69,0.1920454545454545,5.207100591715977,0.06,SB,intermediate,,unmatched,,,
NED,NED,,3.458802,-9.982133,3.14,0.78,0.2484076433121019,4.0256410256410255,0.05,SD,thick_like,,unmatched,,,
PGC90466,PGC90466,PGC_90466,3.564188,1.928268,8.41,2.06,0.2449464922711058,4.08252427184466,0.18,SB,thick_like,,unmatched,,,
PGC90467,PGC90467,PGC_90467,3.608825,7.300052,5.79,1.02,0.1761658031088083,5.676470588235294,0.05,SD,intermediate,,unmatched,,,
PGC1157455,PGC1157455,PGC_1157455,3.610015,0.11439,4.7,0.66,0.1404255319148936,7.121212121212121,0.06,SD,intermediate,,unmatched,,,
NGC00052,NGC00052,NGC_52,3.666854,18.581877,15.68,6.99,0.4457908163265306,2.2432045779685263,0.14,SC,thick_like,,unmatched,,,
PGC999009,PGC999009,PGC_999009,3.812457,-8.801081,6.86,2.63,0.3833819241982507,2.608365019011407,0.06,SC,thick_like,,unmatched,,,
PGC90468,PGC90468,PGC_90468,3.980848,16.003706,8.97,2.0,0.2229654403567446,4.485,0.07,SD,thick_like,,unmatched,,,
SDSSJ001612.05+143659.7,SDSSJ001612051436597,,4.050224,14.616557,4.1,0.83,0.2024390243902439,4.9397590361445785,0.07,SD,thick_like,,unmatched,,,
PGC1307089,PGC1307089,PGC_1307089,4.156056,6.767066,5.49,1.41,0.2568306010928961,3.893617021276596,0.06,SD,thick_like,,unmatched,,,
PGC212496,PGC212496,PGC_212496,4.161357,7.114754,3.81,1.77,0.4645669291338583,2.152542372881356,0.35,SA,thick_like,,unmatched,,,
PGC1189342,PGC1189342,PGC_1189342,4.275275,1.257441,3.67,1.75,0.4768392370572207,2.097142857142857,0.12,SC,thick_like,,unmatched,,,
PGC1141,PGC1141,PGC_1141,4.364594,-9.57382,6.55,1.64,0.250381679389313,3.9939024390243913,0.13,SB,thick_like,,unmatched,,,
PGC90470,PGC90470,PGC_90470,4.773863,26.625856,10.04,2.1,0.2091633466135458,4.78095238095238,0.04,SD,thick_like,,unmatched,,,
2MASXJ00194467+1551308,2MASXJ001944671551308,,4.936191,15.858472,6.21,1.16,0.1867954911433172,5.353448275862069,0.1,SB,intermediate,,unmatched,,,
PGC1299296,PGC1299296,PGC_1299296,5.245854,6.364702,4.2,2.21,0.5261904761904762,1.900452488687783,0.19,SC,thick_like,,unmatched,,,
PGC1368,PGC1368,PGC_1368,5.362609,-4.231283,12.91,3.44,0.2664601084430674,3.7529069767441854,0.19,SB,thick_like,,unmatched,,,
PGC90472,PGC90472,PGC_90472,5.535238,10.379254,9.22,1.56,0.1691973969631236,5.910256410256411,0.04,SD,intermediate,,unmatched,,,
PGC894817,PGC894817,PGC_894817,5.544475,-16.699507,4.84,1.34,0.2768595041322314,3.6119402985074633,0.08,SC,thick_like,,unmatched,,,
2MASXJ00221442+0825197,2MASXJ002214420825197,,5.560495,8.422548,5.34,0.85,0.1591760299625468,6.282352941176471,0.05,SD,intermediate,,unmatched,,,
UGC00211,UGC00211,UGC_211,5.563128,20.608295,8.19,2.66,0.3247863247863248,3.078947368421052,0.06,SC,thick_like,,unmatched,,,
PGC1154760,PGC1154760,PGC_1154760,5.58274,0.009102,8.13,1.19,0.1463714637146371,6.831932773109244,0.1,SB,intermediate,,unmatched,,,
PGC90473,PGC90473,PGC_90473,5.617809,-10.698508,6.28,1.22,0.1942675159235668,5.147540983606557,0.06,SD,intermediate,,unmatched,,,
PGC1471258,PGC1471258,PGC_1471258,5.685671,14.949582,5.22,3.5,0.6704980842911877,1.491428571428571,0.17,SC,thick_like,,unmatched,,,
PGC997209,PGC997209,PGC_997209,5.8027,-8.945599,3.76,1.48,0.3936170212765957,2.5405405405405403,0.09,SC,thick_like,,unmatched,,,
NED,NED,,6.012434,16.487118,29.05,6.87,0.2364888123924268,4.228529839883552,0.06,IR,thick_like,,unmatched,,,
PGC90476,PGC90476,PGC_90476,6.305318,13.538459,12.61,1.33,0.1054718477398889,9.481203007518795,0.05,SB,intermediate,,unmatched,,,
PGC1609,PGC1609,PGC_1609,6.448764,-2.284876,29.15,4.73,0.1622641509433962,6.162790697674418,0.09,SD,intermediate,,unmatched,,,
PGC172049,PGC172049,PGC_172049,6.588714,0.154153,5.22,2.16,0.4137931034482759,2.4166666666666665,0.38,SA,thick_like,,unmatched,,,
PGC90478,PGC90478,PGC_90478,6.79393,-10.322334,13.46,1.96,0.1456166419019316,6.867346938775511,0.07,SB,intermediate,,unmatched,,,
PGC923806,PGC923806,PGC_923806,6.827743,-14.501973,4.55,1.69,0.3714285714285714,2.692307692307692,0.08,SC,thick_like,,unmatched,,,
NED,NED,,6.867521,23.756132,4.89,1.09,0.2229038854805726,4.486238532110091,0.07,SC,thick_like,,unmatched,,,
NED,NED,,7.068677,24.844599,8.82,0.77,0.0873015873015873,11.454545454545457,0.04,SD,thin_like,,unmatched,,,
PGC1751,PGC1751,PGC_1751,7.115848,-7.39056,9.12,2.84,0.3114035087719298,3.2112676056338025,0.09,SB,thick_like,,unmatched,,,
PGC91877,PGC91877,PGC_91877,7.262248,-20.705639,8.25,1.31,0.1587878787878787,6.297709923664122,0.04,SD,intermediate,,unmatched,,,
NED,NED,,7.346062,31.382654,10.56,1.88,0.178030303030303,5.617021276595746,0.03,IR,intermediate,,unmatched,,,
PGC90482,PGC90482,PGC_90482,7.48522,10.699792,9.98,2.44,0.2444889779559118,4.09016393442623,0.22,SB,thick_like,,unmatched,,,
PGC901474,PGC901474,PGC_901474,7.495394,-16.178576,5.75,1.24,0.2156521739130434,4.637096774193548,0.11,SC,thick_like,,unmatched,,,
NED,NED,,8.101919,-0.88519,4.11,0.38,0.0924574209245742,10.81578947368421,0.04,SD,thin_like,,unmatched,,,
SDSSJ003239.04-005552.3,SDSSJ003239040055523,,8.162688,-0.931249,5.35,0.92,0.1719626168224299,5.815217391304347,0.05,SD,intermediate,,unmatched,,,
PGC969956,PGC969956,PGC_969956,8.365676,-11.103443,13.69,1.06,0.0774287801314828,12.91509433962264,0.04,SD,thin_like,,unmatched,,,
PGC1320660,PGC1320660,PGC_1320660,8.445087,7.390704,5.26,2.69,0.5114068441064639,1.9553903345724903,0.13,SC,thick_like,,unmatched,,,
NED,NED,,8.451971,-9.53985,5.92,0.78,0.1317567567567567,7.589743589743589,0.04,SD,intermediate,,unmatched,,,
PGC90484,PGC90484,PGC_90484,8.866123,-10.777742,9.56,2.29,0.2395397489539749,4.17467248908297,0.06,SD,thick_like,,unmatched,,,
PGC143625,PGC143625,PGC_143625,8.915275,-22.679335,4.96,1.36,0.2741935483870968,3.647058823529412,0.18,SB,thick_like,,unmatched,,,
PGC869853,PGC869853,PGC_869853,8.943889,-18.305206,4.85,0.88,0.1814432989690722,5.511363636363636,0.05,SD,intermediate,,unmatched,,,
PGC143643,PGC143643,PGC_143643,9.001315,-9.194606,5.28,1.23,0.2329545454545454,4.2926829268292686,0.19,SB,thick_like,,unmatched,,,
PGC1147118,PGC1147118,PGC_1147118,9.126265,-0.287375,4.78,0.87,0.1820083682008368,5.494252873563219,0.08,SC,intermediate,,unmatched,,,
PGC91883,PGC91883,PGC_91883,9.141284,-20.40556,7.61,1.64,0.2155059132720105,4.640243902439025,0.07,SB,thick_like,,unmatched,,,
NED,NED,,9.263625,25.649082,7.56,1.5,0.1984126984126984,5.04,0.06,SD,intermediate,,unmatched,,,
UGC00371,UGC00371,UGC_371,9.338315,29.149338,15.86,3.13,0.1973518284993695,5.067092651757188,0.06,SD,intermediate,,unmatched,,,
PGC3127897,PGC3127897,PGC_3127897,9.348694,15.028772,5.24,1.65,0.3148854961832061,3.175757575757576,0.37,SA,thick_like,,unmatched,,,
SDSSJ003752.17+153615.2,SDSSJ003752171536152,,9.467381,15.604246,5.6,1.06,0.1892857142857143,5.283018867924528,0.09,SC,intermediate,,unmatched,,,
PGC1742958,PGC1742958,PGC_1742958,9.589609,25.61318,4.61,1.56,0.3383947939262473,2.9551282051282053,0.15,SC,thick_like,,unmatched,,,
PGC1303555,PGC1303555,PGC_1303555,9.688127,6.584071,5.33,1.49,0.2795497185741088,3.577181208053692,0.07,SC,thick_like,,unmatched,,,
PGC856862,PGC856862,PGC_856862,9.742514,-19.320461,6.09,1.99,0.3267651888341543,3.0603015075376883,0.08,SC,thick_like,,unmatched,,,
PGC73384,PGC73384,PGC_73384,9.813744,6.405738,5.47,1.69,0.3089579524680073,3.2366863905325443,0.31,SB,thick_like,,unmatched,,,
NED,NED,,9.852391,-8.834152,8.17,0.69,0.0844553243574051,11.840579710144928,0.02,IR,thin_like,,unmatched,,,
PGC1705804,PGC1705804,PGC_1705804,9.868913,24.370907,5.26,1.61,0.3060836501901141,3.267080745341614,0.11,SC,thick_like,,unmatched,,,
PGC73391,PGC73391,PGC_73391,9.869792,6.721838,4.26,1.6,0.3755868544600939,2.6625,0.15,SC,thick_like,,unmatched,,,
PGC836595,PGC836595,PGC_836595,9.899598,-20.815044,4.21,0.8,0.1900237529691211,5.262499999999999,0.08,SB,intermediate,,unmatched,,,
UGC00418,UGC00418,UGC_418,9.906785,8.96508,22.67,4.56,0.2011468901632112,4.971491228070176,0.27,SB,thick_like,,unmatched,,,
PGC1463891,PGC1463891,PGC_1463891,9.909661,14.664233,4.27,2.33,0.5456674473067916,1.832618025751073,0.34,SC,thick_like,,unmatched,,,
PGC172710,PGC172710,PGC_172710,9.951584,-9.142943,6.0,2.61,0.435,2.298850574712644,0.13,SC,thick_like,,unmatched,,,
PGC90487,PGC90487,PGC_90487,9.98185,28.1213,12.28,1.43,0.1164495114006514,8.587412587412587,0.06,SB,intermediate,,unmatched,,,
PGC73411,PGC73411,PGC_73411,10.056877,7.169527,3.58,2.16,0.6033519553072626,1.6574074074074074,0.26,SB,thick_like,,unmatched,,,
PGC90488,PGC90488,PGC_90488,10.156021,5.73093,8.72,1.59,0.1823394495412844,5.484276729559749,0.06,SD,intermediate,,unmatched,,,
PGC980105,PGC980105,PGC_980105,10.186053,-10.286705,5.43,1.07,0.1970534069981584,5.074766355140186,0.06,SD,intermediate,,unmatched,,,
PGC90490,PGC90490,PGC_90490,10.234062,-1.865228,9.59,2.07,0.2158498435870698,4.632850241545894,0.05,SD,thick_like,,unmatched,,,
UGC00433,UGC00433,UGC_433,10.265016,31.733191,18.15,4.25,0.234159779614325,4.270588235294118,0.11,IR,thick_like,,unmatched,,,
PGC90491,PGC90491,PGC_90491,10.292008,25.585461,6.06,2.06,0.3399339933993399,2.9417475728155336,0.08,SC,thick_like,,unmatched,,,
PGC90492,PGC90492,PGC_90492,10.29833,15.052696,6.25,2.23,0.3568,2.802690582959641,0.18,SC,thick_like,,unmatched,,,
PGC2468,PGC2468,PGC_2468,10.317429,15.2171,3.96,2.5,0.6313131313131313,1.584,0.14,SC,thick_like,,unmatched,,,
PGC90493,PGC90493,PGC_90493,10.376707,10.889951,10.23,1.59,0.1554252199413489,6.433962264150943,0.05,SD,intermediate,,unmatched,,,
PGC90495,PGC90495,PGC_90495,10.443166,-2.341023,6.48,2.05,0.316358024691358,3.160975609756098,0.07,SB,thick_like,,unmatched,,,
PGC90494,PGC90494,PGC_90494,10.476619,41.954082,7.78,1.77,0.2275064267352185,4.395480225988701,0.08,SD,thick_like,,unmatched,,,
PGC985821,PGC985821,PGC_985821,10.502644,-9.834388,7.87,1.89,0.2401524777636594,4.164021164021165,0.11,SB,thick_like,,unmatched,,,
PGC90496,PGC90496,PGC_90496,10.529958,-1.500061,7.06,2.17,0.3073654390934844,3.2534562211981566,0.06,IR,thick_like,,unmatched,,,
PGC3128317,PGC3128317,PGC_3128317,10.590298,15.722653,4.63,1.59,0.3434125269978402,2.9119496855345908,0.24,SB,thick_like,,unmatched,,,
PGC93263,PGC93263,PGC_93263,10.640643,-8.881494,4.31,1.91,0.4431554524361949,2.256544502617801,0.13,SC,thick_like,,unmatched,,,
PGC975875,PGC975875,PGC_975875,10.835071,-10.625837,5.03,1.93,0.3836978131212723,2.6062176165803117,0.07,SC,thick_like,,unmatched,,,
PGC970029,PGC970029,PGC_970029,10.839989,-11.096181,5.54,1.55,0.279783393501805,3.574193548387097,0.09,SC,thick_like,,unmatched,,,
PGC90498,PGC90498,PGC_90498,11.159943,-11.188782,8.35,1.81,0.2167664670658682,4.613259668508287,0.06,SB,thick_like,,unmatched,,,
PGC172838,PGC172838,PGC_172838,11.27655,-22.120138,3.82,1.71,0.4476439790575916,2.2339181286549707,0.29,SB,thick_like,,unmatched,,,
NED,NED,,11.291527,25.651768,6.33,1.09,0.1721958925750395,5.807339449541284,0.05,SD,intermediate,,unmatched,,,
UGC00474,UGC00474,UGC_474,11.307083,10.502778,8.82,2.55,0.2891156462585034,3.458823529411765,0.15,SB,thick_like,,unmatched,,,
PGC90500,PGC90500,PGC_90500,11.697161,39.601116,6.74,1.57,0.2329376854599406,4.292993630573249,0.06,IR,thick_like,,unmatched,,,
UGC00485,UGC00485,UGC_485,11.784159,30.341217,22.36,3.89,0.1739713774597495,5.748071979434447,0.04,SD,intermediate,,unmatched,,,
UGC00501,UGC00501,UGC_501,12.259528,28.218452,17.59,3.87,0.2200113700966458,4.5452196382428935,0.06,UN,thick_like,,unmatched,,,
UGC00507,UGC00507,UGC_507,12.398632,1.115403,21.85,4.01,0.1835240274599542,5.448877805486285,0.06,SD,intermediate,,unmatched,,,
AGC102276,AGC102276,,12.46777,25.944426,6.47,1.29,0.1993817619783617,5.015503875968992,0.04,SD,intermediate,,unmatched,,,
PGC90501,PGC90501,PGC_90501,12.61191,5.055819,6.3,1.66,0.2634920634920635,3.7951807228915664,0.06,SD,thick_like,,unmatched,,,
PGC1697598,PGC1697598,PGC_1697598,12.635285,23.993662,4.29,1.7,0.3962703962703962,2.523529411764706,0.31,SB,thick_like,,unmatched,,,
PGC90503,PGC90503,PGC_90503,12.652223,3.098993,3.86,1.4,0.3626943005181347,2.757142857142857,0.08,SD,thick_like,,unmatched,,,
PGC1747842,PGC1747842,PGC_1747842,12.707131,25.737906,4.43,1.64,0.3702031602708803,2.701219512195122,0.1,SC,thick_like,,unmatched,,,
PGC90504,PGC90504,PGC_90504,12.714975,0.851287,10.35,1.75,0.1690821256038647,5.914285714285714,0.05,SD,intermediate,,unmatched,,,
PGC996252,PGC996252,PGC_996252,12.827066,-9.020129,5.62,2.47,0.4395017793594306,2.2753036437246963,0.25,SB,thick_like,,unmatched,,,
PGC90506,PGC90506,PGC_90506,12.88912,-0.545294,6.14,1.35,0.2198697068403909,4.548148148148147,0.05,SD,thick_like,,unmatched,,,
PGC1125962,PGC1125962,PGC_1125962,12.95315,-1.133388,3.94,1.55,0.3934010152284264,2.541935483870968,0.17,SB,thick_like,,unmatched,,,
PGC1147497,PGC1147497,PGC_1147497,13.011279,-0.27247,5.85,1.64,0.2803418803418803,3.567073170731707,0.45,SA,thick_like,,unmatched,,,
PGC90508,PGC90508,PGC_90508,13.223612,31.634186,9.35,1.52,0.1625668449197861,6.151315789473684,0.05,SD,intermediate,,unmatched,,,
PGC1185888,PGC1185888,PGC_1185888,13.288822,1.144435,6.94,1.23,0.1772334293948126,5.642276422764228,0.06,SD,intermediate,,unmatched,,,
UGC00542,UGC00542,UGC_542,13.361045,29.270332,15.31,5.0,0.3265839320705421,3.0620000000000003,0.4,SB,thick_like,,unmatched,,,
PGC90510,PGC90510,PGC_90510,13.378144,28.277,6.77,1.71,0.2525849335302806,3.95906432748538,0.09,SB,thick_like,,unmatched,,,
NED,NED,,13.386376,2.924128,20.48,3.19,0.15576171875,6.4200626959247655,0.06,SD,intermediate,,unmatched,,,
PGC1705008,PGC1705008,PGC_1705008,13.435132,24.336132,4.84,1.25,0.2582644628099174,3.872,0.1,SC,thick_like,,unmatched,,,
PGC90511,PGC90511,PGC_90511,13.477202,-3.460148,15.56,2.01,0.1291773778920308,7.741293532338309,0.09,SB,intermediate,,unmatched,,,
PGC1320750,PGC1320750,PGC_1320750,13.506557,7.394457,6.84,3.18,0.4649122807017544,2.150943396226415,0.21,SB,thick_like,,unmatched,,,
PGC90512,PGC90512,PGC_90512,13.597616,29.048241,5.86,1.63,0.2781569965870307,3.595092024539878,0.2,SB,thick_like,,unmatched,,,
PGC73462,PGC73462,PGC_73462,13.77312,-1.233795,3.71,1.27,0.3423180592991914,2.921259842519685,0.34,SB,thick_like,,unmatched,,,
PGC3102143,PGC3102143,PGC_3102143,14.074458,-8.958753,5.16,2.26,0.4379844961240309,2.283185840707965,0.08,SC,thick_like,,unmatched,,,
PGC1151316,PGC1151316,PGC_1151316,14.081713,-0.125765,4.99,2.74,0.5490981963927856,1.8211678832116789,0.34,SB,thick_like,,unmatched,,,
NED,NED,,14.098935,-11.135113,4.74,0.6,0.1265822784810126,7.9,0.05,SD,intermediate,,unmatched,,,
PGC3360,PGC3360,PGC_3360,14.102165,-1.143432,6.86,1.25,0.1822157434402332,5.488,0.26,SD,intermediate,,unmatched,,,
PGC994646,PGC994646,PGC_994646,14.244656,-9.14568,5.09,1.91,0.3752455795677799,2.6649214659685865,0.09,SC,thick_like,,unmatched,,,
PGC985693,PGC985693,PGC_985693,14.349925,-9.846807,3.96,2.02,0.51010101010101,1.9603960396039604,0.12,SC,thick_like,,unmatched,,,
PGC1341372,PGC1341372,PGC_1341372,14.369369,8.195706,8.65,2.05,0.2369942196531791,4.219512195121951,0.19,SB,thick_like,,unmatched,,,
NGC00325,NGC00325,NGC_325,14.449542,-5.112174,11.39,2.94,0.2581211589113257,3.8741496598639458,0.12,SB,thick_like,,unmatched,,,
PGC994919,PGC994919,PGC_994919,14.544062,-9.122091,5.11,2.29,0.4481409001956947,2.2314410480349345,0.08,SC,thick_like,,unmatched,,,
PGC1478004,PGC1478004,PGC_1478004,14.55946,15.20026,5.2,1.2,0.2307692307692307,4.333333333333334,0.11,SB,thick_like,,unmatched,,,
UGC00604,UGC00604,UGC_604,14.647366,45.005219,14.71,1.56,0.1060503059143439,9.42948717948718,0.03,SD,intermediate,,unmatched,,,
SDSSJ005846.65+133904.8,SDSSJ005846651339048,,14.694393,13.651346,3.44,1.04,0.3023255813953489,3.3076923076923075,0.08,SB,thick_like,,unmatched,,,
PGC1148202,PGC1148202,PGC_1148202,14.912169,-0.245314,3.54,1.85,0.5225988700564972,1.9135135135135133,0.15,SC,thick_like,,unmatched,,,
PGC90515,PGC90515,PGC_90515,14.956309,14.327884,6.72,1.35,0.2008928571428571,4.977777777777777,0.05,SD,thick_like,,unmatched,,,
PGC173280,PGC173280,PGC_173280,15.257993,-9.110479,4.66,1.42,0.3047210300429184,3.2816901408450705,0.29,SA,thick_like,,unmatched,,,
PGC1451696,PGC1451696,PGC_1451696,15.724411,14.194534,4.62,2.08,0.4502164502164502,2.2211538461538463,0.16,SC,thick_like,,unmatched,,,
NED,NED,,15.777982,6.535584,6.29,1.14,0.1812400635930047,5.517543859649123,0.06,SC,intermediate,,unmatched,,,
NED,NED,,15.871194,15.474948,10.94,0.49,0.0447897623400365,22.3265306122449,0.04,IR,thin_like,,unmatched,,,
UGC00653,UGC00653,UGC_653,15.952917,31.198055,9.45,2.74,0.28994708994709,3.4489051094890506,0.07,IR,thick_like,,unmatched,,,
PGC1448370,PGC1448370,PGC_1448370,16.142355,14.066875,3.58,1.44,0.4022346368715083,2.486111111111111,0.14,SB,thick_like,,unmatched,,,
PGC173367,PGC173367,PGC_173367,16.143017,0.605039,3.87,2.3,0.5943152454780362,1.6826086956521742,0.24,SC,thick_like,,unmatched,,,
PGC1158324,PGC1158324,PGC_1158324,16.150038,0.147929,6.13,1.04,0.1696574225122349,5.894230769230769,0.09,SB,intermediate,,unmatched,,,
PGC996305,PGC996305,PGC_996305,16.251299,-9.016181,5.5,1.04,0.1890909090909091,5.288461538461538,0.05,SD,intermediate,,unmatched,,,
SDSSJ010529.27+152812.3,SDSSJ010529271528123,,16.371994,15.470015,8.5,1.06,0.1247058823529411,8.018867924528301,0.04,SD,intermediate,,unmatched,,,
PGC1314606,PGC1314606,PGC_1314606,16.401356,7.134357,6.56,0.81,0.1234756097560975,8.098765432098764,0.08,SB,intermediate,,unmatched,,,
PGC1509186,PGC1509186,PGC_1509186,16.683874,16.455252,4.41,1.89,0.4285714285714285,2.333333333333333,0.29,SC,thick_like,,unmatched,,,
PGC212661,PGC212661,PGC_212661,16.847523,0.892642,4.67,1.91,0.4089935760171306,2.445026178010471,0.09,SC,thick_like,,unmatched,,,
PGC1510779,PGC1510779,PGC_1510779,16.927767,16.521702,3.15,1.28,0.4063492063492063,2.4609375,0.09,SC,thick_like,,unmatched,,,
PGC1001050,PGC1001050,PGC_1001050,16.973082,-8.645327,8.02,1.85,0.2306733167082294,4.335135135135134,0.2,SB,thick_like,,unmatched,,,
UGC00711,UGC00711,UGC_711,17.154181,1.641211,34.94,5.69,0.1628506010303377,6.140597539543057,0.04,IR,intermediate,,unmatched,,,
PGC90522,PGC90522,PGC_90522,17.264805,16.934765,7.56,1.74,0.2301587301587301,4.344827586206896,0.08,SD,thick_like,,unmatched,,,
NED,NED,,17.274954,19.604738,7.29,0.59,0.0809327846364883,12.35593220338983,0.03,SD,thin_like,,unmatched,,,
PGC138322,PGC138322,PGC_138322,17.279818,17.302794,4.85,1.71,0.3525773195876289,2.8362573099415203,0.36,SB,thick_like,,unmatched,,,
UGC00723,UGC00723,UGC_723,17.483648,20.771261,15.3,3.01,0.1967320261437908,5.083056478405316,0.05,SD,intermediate,,unmatched,,,
2MASXJ01100256+2241380,2MASXJ011002562241380,,17.510708,22.693838,6.75,1.75,0.2592592592592592,3.857142857142857,0.27,SB,thick_like,,unmatched,,,
PGC1000667,PGC1000667,PGC_1000667,17.539621,-8.671575,5.06,1.59,0.3142292490118577,3.182389937106918,0.1,SB,thick_like,,unmatched,,,
PGC90524,PGC90524,PGC_90524,17.568766,29.200155,5.94,1.91,0.3215488215488215,3.109947643979058,0.04,SD,thick_like,,unmatched,,,
PGC3127414,PGC3127414,PGC_3127414,17.579872,14.334698,7.67,1.34,0.1747066492829204,5.723880597014925,0.14,SB,intermediate,,unmatched,,,
NED,NED,,17.627274,24.033566,3.81,1.31,0.3438320209973753,2.9083969465648853,0.09,SC,thick_like,,unmatched,,,
NED,NED,,17.635992,6.124789,3.92,0.8,0.2040816326530612,4.9,0.06,SD,thick_like,,unmatched,,,
PGC73737,PGC73737,PGC_73737,17.701597,17.415041,4.85,1.7,0.3505154639175258,2.8529411764705883,0.43,SA,thick_like,,unmatched,,,
NED,NED,,17.759241,-8.520889,4.4,0.62,0.1409090909090909,7.096774193548388,0.05,SD,intermediate,,unmatched,,,
PGC4270,PGC4270,PGC_4270,17.856897,17.67613,4.39,1.93,0.4396355353075171,2.2746113989637307,0.38,SA,thick_like,,unmatched,,,
PGC4278,PGC4278,PGC_4278,17.880224,23.215996,7.42,2.53,0.3409703504043126,2.9328063241106723,0.08,SD,thick_like,,unmatched,,,
PGC1498793,PGC1498793,PGC_1498793,17.89138,16.01948,3.55,1.56,0.4394366197183099,2.275641025641025,0.18,SB,thick_like,,unmatched,,,
2MASXJ01114694+2423143,2MASXJ011146942423143,,17.945707,24.387396,3.64,1.17,0.3214285714285714,3.111111111111112,0.12,SC,thick_like,,unmatched,,,
PGC1543844,PGC1543844,PGC_1543844,17.966602,17.864286,7.12,1.0,0.1404494382022472,7.12,0.06,SD,intermediate,,unmatched,,,
PGC1503710,PGC1503710,PGC_1503710,17.976202,16.223715,3.71,1.43,0.38544474393531,2.5944055944055946,0.22,SB,thick_like,,unmatched,,,
PGC1805700,PGC1805700,PGC_1805700,18.051981,27.360235,3.33,1.09,0.3273273273273273,3.0550458715596327,0.13,SB,thick_like,,unmatched,,,
PGC1743757,PGC1743757,PGC_1743757,18.068268,25.634621,4.33,1.68,0.3879907621247113,2.577380952380953,0.21,SB,thick_like,,unmatched,,,
PGC1471954,PGC1471954,PGC_1471954,18.073921,14.975701,4.38,1.39,0.317351598173516,3.1510791366906474,0.22,SA,thick_like,,unmatched,,,
PGC1502091,PGC1502091,PGC_1502091,18.134123,16.155773,4.76,1.37,0.2878151260504202,3.4744525547445253,0.06,SC,thick_like,,unmatched,,,
PGC1485444,PGC1485444,PGC_1485444,18.158974,15.467892,3.92,1.92,0.4897959183673469,2.0416666666666665,0.4,SB,thick_like,,unmatched,,,
PGC90528,PGC90528,PGC_90528,18.21866,27.530455,4.87,1.25,0.2566735112936344,3.896,0.08,SD,thick_like,,unmatched,,,
NGC00429,NGC00429,NGC_429,18.238955,-0.345437,6.99,4.94,0.7067238912732475,1.4149797570850202,0.44,SB,thick_like,,unmatched,,,
PGC1429997,PGC1429997,PGC_1429997,18.279984,13.396872,5.59,4.33,0.7745974955277282,1.2909930715935334,0.35,SB,thick_like,,unmatched,,,
UGC00764,UGC00764,UGC_764,18.302217,34.965965,8.99,2.12,0.235817575083426,4.2405660377358485,0.06,SD,thick_like,,unmatched,,,
PGC987025,PGC987025,PGC_987025,18.354607,-9.742872,5.98,1.02,0.1705685618729097,5.862745098039216,0.06,SD,intermediate,,unmatched,,,
PGC92839,PGC92839,PGC_92839,18.360157,17.441143,6.39,1.41,0.2206572769953051,4.531914893617022,0.06,SD,thick_like,,unmatched,,,
PGC94060,PGC94060,PGC_94060,18.387714,0.496669,7.39,2.21,0.2990527740189445,3.343891402714932,0.21,SB,thick_like,,unmatched,,,
PGC1169114,PGC1169114,PGC_1169114,18.435274,0.556405,4.0,1.24,0.31,3.2258064516129035,0.09,SC,thick_like,,unmatched,,,
UGC00775,UGC00775,UGC_775,18.470995,19.17671,8.83,2.34,0.2650056625141562,3.773504273504274,0.2,SB,thick_like,,unmatched,,,
NED,NED,,18.508577,17.112263,4.31,1.14,0.2645011600928074,3.780701754385965,0.07,SC,thick_like,,unmatched,,,
PGC166829,PGC166829,PGC_166829,18.636766,1.004198,5.72,1.76,0.3076923076923077,3.25,0.08,SC,thick_like,,unmatched,,,
PGC1613002,PGC1613002,PGC_1613002,18.636812,20.001976,3.97,1.95,0.4911838790931989,2.035897435897436,0.38,SA,thick_like,,unmatched,,,
PGC1727942,PGC1727942,PGC_1727942,18.684967,25.181561,2.96,1.48,0.5,2.0,0.19,SC,thick_like,,unmatched,,,
PGC73840,PGC73840,PGC_73840,18.695589,0.524679,4.76,2.3,0.4831932773109244,2.0695652173913044,0.48,SA,thick_like,,unmatched,,,
PGC1460097,PGC1460097,PGC_1460097,18.699074,14.512235,4.22,1.58,0.3744075829383886,2.6708860759493667,0.09,SC,thick_like,,unmatched,,,
PGC1433134,PGC1433134,PGC_1433134,18.764372,13.521481,5.45,1.99,0.365137614678899,2.738693467336684,0.27,SB,thick_like,,unmatched,,,
PGC1629904,PGC1629904,PGC_1629904,18.809408,20.531651,5.32,1.18,0.2218045112781954,4.508474576271187,0.05,SD,thick_like,,unmatched,,,
NED,NED,,18.870375,25.933643,4.07,0.91,0.2235872235872235,4.472527472527473,0.07,SD,thick_like,,unmatched,,,
PGC1477895,PGC1477895,PGC_1477895,18.964981,15.196716,4.36,1.88,0.4311926605504587,2.319148936170213,0.28,SB,thick_like,,unmatched,,,
NED,NED,,19.024111,19.772249,3.7,1.36,0.3675675675675676,2.7205882352941178,0.09,SC,thick_like,,unmatched,,,
PGC997290,PGC997290,PGC_997290,19.059599,-8.939355,6.01,0.73,0.1214642262895174,8.232876712328768,0.06,SB,intermediate,,unmatched,,,
PGC1626162,PGC1626162,PGC_1626162,19.152668,20.399277,5.51,2.09,0.3793103448275862,2.636363636363636,0.22,SA,thick_like,,unmatched,,,
NED,NED,,19.237841,18.133789,5.78,2.06,0.356401384083045,2.8058252427184467,0.09,SC,thick_like,,unmatched,,,
NED,NED,,19.316139,31.029711,4.43,0.97,0.218961625282167,4.56701030927835,0.07,SC,thick_like,,unmatched,,,
2MASXJ01172843+1742160,2MASXJ011728431742160,,19.368464,17.704424,3.53,1.85,0.5240793201133145,1.908108108108108,0.31,SB,thick_like,,unmatched,,,
NED,NED,,19.522617,29.493177,6.59,1.02,0.1547799696509863,6.46078431372549,0.05,SD,intermediate,,unmatched,,,
PGC90535,PGC90535,PGC_90535,19.613579,0.28547,7.93,1.39,0.1752837326607818,5.705035971223022,0.07,SB,intermediate,,unmatched,,,
PGC2008067,PGC2008067,PGC_2008067,19.622169,32.685638,4.12,1.68,0.4077669902912621,2.452380952380953,0.16,SC,thick_like,,unmatched,,,
PGC1146985,PGC1146985,PGC_1146985,19.768171,-0.292525,3.96,1.13,0.2853535353535353,3.504424778761062,0.12,SB,thick_like,,unmatched,,,
UGC00847,UGC00847,UGC_847,19.768316,-0.138572,22.66,2.19,0.0966460723742277,10.34703196347032,0.05,SD,thin_like,,unmatched,,,
2MASXJ01194999+0042219,2MASXJ011949990042219,,19.958263,0.70602,5.92,0.94,0.1587837837837837,6.297872340425532,0.06,SD,intermediate,,unmatched,,,
PGC90536,PGC90536,PGC_90536,20.00246,13.053057,12.83,1.51,0.117692907248636,8.496688741721854,0.14,SA,intermediate,,unmatched,,,
PGC90537,PGC90537,PGC_90537,20.054974,-2.52317,9.57,1.61,0.1682340647857889,5.944099378881988,0.05,SD,intermediate,,unmatched,,,
NED,NED,,20.070786,30.180111,5.68,1.1,0.1936619718309859,5.163636363636363,0.06,SD,intermediate,,unmatched,,,
PGC1921834,PGC1921834,PGC_1921834,20.101139,30.877567,3.56,1.2,0.3370786516853932,2.966666666666667,0.1,SB,thick_like,,unmatched,,,
PGC986639,PGC986639,PGC_986639,20.155573,-9.771979,6.1,1.0,0.1639344262295082,6.1,0.05,SB,intermediate,,unmatched,,,
PGC3128080,PGC3128080,PGC_3128080,20.206917,15.305096,5.57,1.22,0.2190305206463195,4.565573770491803,0.07,SD,thick_like,,unmatched,,,
PGC90539,PGC90539,PGC_90539,20.242643,21.493122,6.02,1.08,0.1794019933554817,5.5740740740740735,0.05,SD,intermediate,,unmatched,,,
PGC90540,PGC90540,PGC_90540,20.348846,-1.862524,14.87,2.8,0.1882985877605918,5.310714285714286,0.03,SD,intermediate,,unmatched,,,
PGC2145900,PGC2145900,PGC_2145900,20.469849,39.232082,4.0,1.09,0.2725,3.6697247706422016,0.09,SC,thick_like,,unmatched,,,
PGC1156250,PGC1156250,PGC_1156250,20.482189,0.066368,5.38,1.24,0.2304832713754646,4.338709677419355,0.18,SB,thick_like,,unmatched,,,
PGC169769,PGC169769,PGC_169769,20.621622,34.040031,7.57,2.35,0.3104359313077939,3.2212765957446807,0.08,SD,thick_like,,unmatched,,,
PGC100135,PGC100135,PGC_100135,20.639366,36.712231,4.43,2.24,0.5056433408577878,1.9776785714285712,0.16,SC,thick_like,,unmatched,,,
PGC1334427,PGC1334427,PGC_1334427,20.685312,7.921215,4.29,1.24,0.289044289044289,3.459677419354839,0.07,SD,thick_like,,unmatched,,,
SDSSJ012307.65-092505.0,SDSSJ012307650925050,,20.781891,-9.418065,5.61,0.98,0.1746880570409982,5.724489795918368,0.05,SD,intermediate,,unmatched,,,
UGC00931,UGC00931,UGC_931,20.810881,-0.700633,8.43,3.7,0.438908659549229,2.278378378378378,0.08,SC,thick_like,,unmatched,,,
PGC1149015,PGC1149015,PGC_1149015,20.88385,-0.213389,5.9,1.79,0.3033898305084745,3.2960893854748603,0.25,SB,thick_like,,unmatched,,,
PGC90544,PGC90544,PGC_90544,20.98724,28.63345,10.44,3.2,0.3065134099616858,3.2625,0.07,SD,thick_like,,unmatched,,,
PGC144099,PGC144099,PGC_144099,21.041134,0.320136,6.88,1.13,0.1642441860465116,6.08849557522124,0.12,SB,intermediate,,unmatched,,,
PGC5170,PGC5170,PGC_5170,21.102089,34.044247,5.21,1.68,0.3224568138195777,3.1011904761904763,0.08,SC,thick_like,,unmatched,,,
PGC1156593,PGC1156593,PGC_1156593,21.17087,0.081251,6.39,1.27,0.1987480438184663,5.031496062992126,0.06,SD,intermediate,,unmatched,,,
NGC00522,NGC00522,NGC_522,21.191042,9.994639,25.39,5.44,0.2142575817250886,4.667279411764706,0.11,SD,thick_like,,unmatched,,,
UGC00971,UGC00971,UGC_971,21.202381,1.036697,7.14,1.28,0.1792717086834734,5.578125,0.03,IR,intermediate,,unmatched,,,
PGC1976209,PGC1976209,PGC_1976209,21.394917,32.020836,4.79,1.2,0.2505219206680584,3.9916666666666663,0.11,SC,thick_like,,unmatched,,,
PGC2138497,PGC2138497,PGC_2138497,21.404509,38.871895,4.07,1.33,0.3267813267813267,3.0601503759398496,0.13,SC,thick_like,,unmatched,,,
PGC998982,PGC998982,PGC_998982,21.413839,-8.803039,5.79,1.3,0.2245250431778929,4.453846153846154,0.11,SB,thick_like,,unmatched,,,
PGC212758,PGC212758,PGC_212758,21.432344,8.040122,5.6,1.75,0.3125,3.2,0.26,SB,thick_like,,unmatched,,,
NED,NED,,21.458862,44.730598,4.67,1.22,0.2612419700214132,3.827868852459016,0.07,SC,thick_like,,unmatched,,,
PGC831400,PGC831400,PGC_831400,21.518005,-21.198309,3.88,1.72,0.4432989690721649,2.255813953488372,0.35,SA,thick_like,,unmatched,,,
2MASXJ01264588-2117259,2MASXJ012645882117259,,21.691078,-21.290442,5.74,1.29,0.2247386759581881,4.449612403100775,0.07,SD,thick_like,,unmatched,,,
NED,NED,,21.762358,44.683659,4.67,0.64,0.1370449678800856,7.296875,0.06,SD,intermediate,,unmatched,,,
PGC1326601,PGC1326601,PGC_1326601,21.782793,7.623869,3.53,1.51,0.4277620396600566,2.3377483443708607,0.41,SB,thick_like,,unmatched,,,
NGC00560,NGC00560,NGC_560,21.855862,-1.912998,16.48,6.87,0.4168689320388349,2.398835516739447,0.43,SB,thick_like,,unmatched,,,
PGC90550,PGC90550,PGC_90550,21.88052,-10.396425,9.41,1.24,0.1317747077577045,7.588709677419355,0.04,SD,intermediate,,unmatched,,,
PGC974400,PGC974400,PGC_974400,21.884192,-10.736865,4.74,1.33,0.2805907172995781,3.56390977443609,0.07,SC,thick_like,,unmatched,,,
PGC91935,PGC91935,PGC_91935,21.891518,-20.83786,8.2,1.45,0.1768292682926829,5.655172413793103,0.08,SB,intermediate,,unmatched,,,
UGC01040,UGC01040,UGC_1040,21.899595,-1.105119,8.76,2.91,0.3321917808219178,3.0103092783505154,0.43,SB,thick_like,,unmatched,,,
PGC91937,PGC91937,PGC_91937,22.132296,-19.501934,12.66,0.84,0.0663507109004739,15.071428571428571,0.03,IR,thin_like,,unmatched,,,
PGC1169623,PGC1169623,PGC_1169623,22.169977,0.575261,5.72,0.87,0.1520979020979021,6.57471264367816,0.1,SB,intermediate,,unmatched,,,
UGC01054,UGC01054,UGC_1054,22.202999,34.345757,7.1,1.94,0.2732394366197183,3.6597938144329896,0.06,SD,thick_like,,unmatched,,,
PGC1305147,PGC1305147,PGC_1305147,22.246939,6.663114,8.87,2.64,0.2976324689966178,3.3598484848484844,0.24,SB,thick_like,,unmatched,,,
SDSSJ012953.51+135631.3,SDSSJ012953511356313,,22.47299,13.94206,5.59,0.81,0.1449016100178891,6.901234567901234,0.07,SD,intermediate,,unmatched,,,
NED,NED,,22.630163,44.719929,3.55,1.52,0.4281690140845071,2.335526315789473,0.15,SC,thick_like,,unmatched,,,
NED,NED,,22.640051,6.386581,3.63,0.89,0.2451790633608815,4.078651685393258,0.07,SD,thick_like,,unmatched,,,
NED,NED,,22.708813,39.538223,3.45,1.53,0.4434782608695652,2.2549019607843137,0.09,SC,thick_like,,unmatched,,,
PGC3100987,PGC3100987,PGC_3100987,22.919968,-9.737604,5.62,1.58,0.2811387900355871,3.556962025316456,0.08,SC,thick_like,,unmatched,,,
PGC1167384,PGC1167384,PGC_1167384,22.977274,0.491943,6.34,1.28,0.2018927444794953,4.953125,0.08,SD,thick_like,,unmatched,,,
PGC2188129,PGC2188129,PGC_2188129,23.069756,41.860912,4.29,1.74,0.4055944055944055,2.4655172413793105,0.09,SC,thick_like,,unmatched,,,
PGC2359706,PGC2359706,PGC_2359706,23.158386,49.995365,4.53,1.84,0.4061810154525386,2.4619565217391304,0.09,SC,thick_like,,unmatched,,,
UGC01103,UGC01103,UGC_1103,23.166021,11.829496,7.58,1.97,0.2598944591029024,3.847715736040609,0.06,IR,thick_like,,unmatched,,,
PGC871270,PGC871270,PGC_871270,23.422136,-18.203777,3.25,2.08,0.64,1.5625,0.32,SB,thick_like,,unmatched,,,
UGC01123,UGC01123,UGC_1123,23.533209,-1.032286,12.55,4.48,0.3569721115537849,2.8013392857142856,0.36,SA,thick_like,,unmatched,,,
NED,NED,,23.544382,50.176029,4.98,0.86,0.1726907630522088,5.790697674418605,0.04,SD,intermediate,,unmatched,,,
NED,NED,,23.580976,53.73365,29.75,1.0,0.0336134453781512,29.75,0.05,SD,thin_like,,unmatched,,,
PGC1127971,PGC1127971,PGC_1127971,23.656418,-1.05225,7.38,1.94,0.2628726287262872,3.8041237113402064,0.07,SD,thick_like,,unmatched,,,
PGC90551,PGC90551,PGC_90551,23.714769,-3.050619,14.18,1.99,0.1403385049365303,7.125628140703517,0.05,SD,intermediate,,unmatched,,,
PGC1446565,PGC1446565,PGC_1446565,23.774433,14.003314,6.21,1.88,0.3027375201288245,3.3031914893617023,0.06,SD,thick_like,,unmatched,,,
PGC90553,PGC90553,PGC_90553,23.88154,2.031661,16.67,3.09,0.185362927414517,5.394822006472492,0.03,IR,intermediate,,unmatched,,,
PGC985605,PGC985605,PGC_985605,23.883022,-9.854013,5.1,1.28,0.2509803921568627,3.984375,0.2,SB,thick_like,,unmatched,,,
PGC5934,PGC5934,PGC_5934,23.965912,-9.94627,6.68,1.94,0.2904191616766467,3.4432989690721647,0.07,SD,thick_like,,unmatched,,,
PGC2241686,PGC2241686,PGC_2241686,23.986595,44.324375,5.48,1.6,0.291970802919708,3.4250000000000003,0.18,SB,thick_like,,unmatched,,,
UGC01146,UGC01146,UGC_1146,24.100519,10.536125,7.16,1.86,0.2597765363128492,3.8494623655913975,0.05,SD,thick_like,,unmatched,,,
PGC1460544,PGC1460544,PGC_1460544,24.101635,14.529505,4.04,2.38,0.5891089108910891,1.6974789915966388,0.11,SC,thick_like,,unmatched,,,
PGC849270,PGC849270,PGC_849270,24.108059,-19.879301,3.42,1.68,0.4912280701754385,2.0357142857142856,0.11,SC,thick_like,,unmatched,,,
SDSSJ013635.41-103226.1,SDSSJ013635411032261,,24.147581,-10.540591,5.61,1.22,0.2174688057040998,4.5983606557377055,0.05,SD,thick_like,,unmatched,,,
PGC842018,PGC842018,PGC_842018,24.281027,-20.418934,4.41,1.36,0.3083900226757369,3.242647058823529,0.1,SC,thick_like,,unmatched,,,
PGC138005,PGC138005,PGC_138005,24.290222,54.058197,3.97,0.98,0.2468513853904282,4.051020408163265,0.06,IR,thick_like,,unmatched,,,
PGC90554,PGC90554,PGC_90554,24.507647,32.351669,6.04,1.71,0.2831125827814569,3.5321637426900585,0.06,SC,thick_like,,unmatched,,,
UGC01160,UGC01160,UGC_1160,24.513882,32.494026,17.13,3.53,0.2060712200817279,4.852691218130311,0.05,SD,thick_like,,unmatched,,,
PGC1147312,PGC1147312,PGC_1147312,24.563093,-0.28043,4.48,1.06,0.2366071428571428,4.226415094339623,0.07,SD,thick_like,,unmatched,,,
SDSSJ013838.86+134304.3,SDSSJ013838861343043,,24.661947,13.717856,8.1,1.01,0.1246913580246913,8.01980198019802,0.04,SD,intermediate,,unmatched,,,
PGC1693089,PGC1693089,PGC_1693089,24.699862,23.754589,4.53,1.0,0.2207505518763796,4.53,0.08,SD,thick_like,,unmatched,,,
PGC6108,PGC6108,PGC_6108,24.787836,-10.503865,13.17,2.19,0.1662870159453303,6.013698630136987,0.04,SD,intermediate,,unmatched,,,
PGC1440467,PGC1440467,PGC_1440467,24.995527,13.785427,4.29,1.59,0.3706293706293706,2.69811320754717,0.22,SB,thick_like,,unmatched,,,
UGC01181,UGC01181,UGC_1181,25.124933,14.522899,9.5,2.14,0.2252631578947368,4.439252336448598,0.07,SB,thick_like,,unmatched,,,
PGC90557,PGC90557,PGC_90557,25.258743,-9.339615,9.95,1.85,0.185929648241206,5.378378378378378,0.06,SD,intermediate,,unmatched,,,
PGC1430362,PGC1430362,PGC_1430362,25.534962,13.410595,4.89,1.29,0.2638036809815951,3.790697674418604,0.06,SD,thick_like,,unmatched,,,
PGC1157741,PGC1157741,PGC_1157741,25.543848,0.124752,3.35,1.11,0.3313432835820896,3.018018018018018,0.33,SB,thick_like,,unmatched,,,
PGC174003,PGC174003,PGC_174003,25.701128,0.735861,3.54,1.06,0.2994350282485876,3.339622641509434,0.14,SC,thick_like,,unmatched,,,
PGC1440035,PGC1440035,PGC_1440035,25.718065,13.77126,3.5,1.37,0.3914285714285714,2.554744525547445,0.1,SC,thick_like,,unmatched,,,
PGC1433323,PGC1433323,PGC_1433323,25.91095,13.527663,10.05,1.93,0.1920398009950248,5.207253886010363,0.14,SA,intermediate,,unmatched,,,
PGC1301250,PGC1301250,PGC_1301250,25.9461,6.468358,5.68,1.42,0.25,4.0,0.17,SB,thick_like,,unmatched,,,
PGC90561,PGC90561,PGC_90561,26.020111,-7.49407,5.52,1.79,0.3242753623188406,3.083798882681564,0.05,SD,thick_like,,unmatched,,,
PGC997454,PGC997454,PGC_997454,26.28274,-8.925764,6.74,3.58,0.5311572700296736,1.88268156424581,0.53,SA,thick_like,,unmatched,,,
NED,NED,,26.408684,24.625561,3.58,1.17,0.3268156424581005,3.05982905982906,0.08,SC,thick_like,,unmatched,,,
2MASXJ01461053-0947225,2MASXJ014610530947225,,26.543821,-9.789683,6.58,1.29,0.196048632218845,5.10077519379845,0.07,SD,intermediate,,unmatched,,,
PGC1136847,PGC1136847,PGC_1136847,26.995764,-0.702173,4.93,0.85,0.1724137931034483,5.8,0.07,SD,intermediate,,unmatched,,,
PGC998898,PGC998898,PGC_998898,27.051191,-8.80914,4.85,2.0,0.4123711340206186,2.425,0.1,SC,thick_like,,unmatched,,,
PGC90564,PGC90564,PGC_90564,27.09244,33.845081,10.32,1.89,0.1831395348837209,5.4603174603174605,0.04,IR,intermediate,,unmatched,,,
PGC1689181,PGC1689181,PGC_1689181,27.145056,23.543518,6.22,1.77,0.2845659163987138,3.5141242937853105,0.37,SB,thick_like,,unmatched,,,
PGC1417675,PGC1417675,PGC_1417675,27.14868,12.862238,4.35,1.37,0.3149425287356322,3.175182481751824,0.15,SB,thick_like,,unmatched,,,
NED,NED,,27.381723,32.588757,38.67,11.31,0.2924747866563227,3.419098143236074,0.05,IR,thick_like,,unmatched,,,
PGC1004424,PGC1004424,PGC_1004424,27.423338,-8.383626,3.67,1.39,0.3787465940054496,2.6402877697841727,0.08,SC,thick_like,,unmatched,,,
NED,NED,,27.477966,5.981707,4.78,0.9,0.1882845188284518,5.311111111111111,0.05,SD,intermediate,,unmatched,,,
NED,NED,,27.559879,27.655331,30.13,26.08,0.8655824759376037,1.1552914110429449,0.04,UN,thick_like,,unmatched,,,
PGC1465061,PGC1465061,PGC_1465061,27.621141,14.707645,4.26,1.77,0.4154929577464789,2.406779661016949,0.23,SB,thick_like,,unmatched,,,
PGC904579,PGC904579,PGC_904579,27.659245,-15.933372,5.96,1.12,0.1879194630872483,5.321428571428571,0.05,SD,intermediate,,unmatched,,,
PGC90567,PGC90567,PGC_90567,27.733145,16.821842,8.29,1.59,0.1917973462002412,5.213836477987421,0.04,SD,intermediate,,unmatched,,,
PGC144366,PGC144366,PGC_144366,27.761942,-8.584081,4.92,2.59,0.5264227642276422,1.8996138996139,0.58,SB,thick_like,,unmatched,,,
PGC1161233,PGC1161233,PGC_1161233,27.791122,0.258806,6.53,1.25,0.1914241960183767,5.224,0.1,SB,intermediate,,unmatched,,,
PGC1468480,PGC1468480,PGC_1468480,27.798708,14.840808,5.64,1.2,0.2127659574468085,4.7,0.06,SD,thick_like,,unmatched,,,
PGC144376,PGC144376,PGC_144376,27.895777,-8.587979,4.05,1.58,0.3901234567901235,2.5632911392405062,0.21,SB,thick_like,,unmatched,,,
PGC174287,PGC174287,PGC_174287,28.066591,-8.243489,4.01,2.28,0.5685785536159601,1.7587719298245614,0.35,SA,thick_like,,unmatched,,,
PGC1179765,PGC1179765,PGC_1179765,28.119579,0.942502,4.29,1.28,0.2983682983682983,3.3515625,0.09,SC,thick_like,,unmatched,,,
PGC6966,PGC6966,PGC_6966,28.203789,-3.447419,30.31,5.12,0.1689211481359287,5.919921875,0.12,UN,intermediate,,unmatched,,,
PGC1146750,PGC1146750,PGC_1146750,28.287846,-0.301378,5.12,1.23,0.240234375,4.162601626016261,0.08,SD,thick_like,,unmatched,,,
PGC90569,PGC90569,PGC_90569,28.292084,20.673056,9.9,2.93,0.295959595959596,3.378839590443686,0.03,IR,thick_like,,unmatched,,,
PGC90571,PGC90571,PGC_90571,28.314001,-7.597335,6.87,2.92,0.4250363901018922,2.352739726027397,0.31,SB,thick_like,,unmatched,,,
PGC1009773,PGC1009773,PGC_1009773,28.364988,-8.003003,3.63,1.32,0.3636363636363636,2.75,0.13,SC,thick_like,,unmatched,,,
PGC90570,PGC90570,PGC_90570,28.366961,20.492924,7.66,2.07,0.2702349869451697,3.70048309178744,0.09,SB,thick_like,,unmatched,,,
PGC2816200,PGC2816200,PGC_2816200,28.440065,23.145515,5.68,1.34,0.2359154929577465,4.2388059701492535,0.05,SD,thick_like,,unmatched,,,
PGC1157424,PGC1157424,PGC_1157424,28.502071,0.113165,3.84,1.37,0.3567708333333333,2.8029197080291968,0.12,SC,thick_like,,unmatched,,,
2MASXJ01543290+0609252,2MASXJ015432900609252,,28.641788,6.15646,5.92,1.11,0.1875,5.333333333333333,0.05,SD,intermediate,,unmatched,,,
PGC90573,PGC90573,PGC_90573,28.649345,-3.67899,7.84,1.39,0.1772959183673469,5.640287769784173,0.06,SD,intermediate,,unmatched,,,
UGC01386,UGC01386,UGC_1386,28.748039,13.483127,5.52,2.62,0.4746376811594203,2.106870229007633,0.16,SC,thick_like,,unmatched,,,
NED,NED,,28.764893,0.01346,4.73,0.95,0.200845665961945,4.9789473684210535,0.05,SD,thick_like,,unmatched,,,
UGC01391,UGC01391,UGC_1391,28.815882,10.013679,12.48,2.91,0.2331730769230769,4.288659793814433,0.13,SB,thick_like,,unmatched,,,
NED,NED,,28.931093,13.795195,7.81,1.43,0.1830985915492957,5.461538461538462,0.09,SD,intermediate,,unmatched,,,
UGC01401,UGC01401,UGC_1401,28.994553,-0.327777,7.26,1.72,0.2369146005509642,4.220930232558139,0.07,SD,thick_like,,unmatched,,,
PGC1008502,PGC1008502,PGC_1008502,29.020372,-8.088178,3.64,1.38,0.3791208791208791,2.63768115942029,0.11,SC,thick_like,,unmatched,,,
PGC988223,PGC988223,PGC_988223,29.05101,-9.65328,5.36,1.42,0.2649253731343283,3.774647887323944,0.2,SB,thick_like,,unmatched,,,
PGC90575,PGC90575,PGC_90575,29.077154,31.419971,7.59,1.0,0.1317523056653491,7.59,0.04,SD,intermediate,,unmatched,,,
UGC01417,UGC01417,UGC_1417,29.178179,17.710922,13.29,1.62,0.1218961625282167,8.203703703703702,0.04,SD,intermediate,,unmatched,,,
PGC7390,PGC7390,PGC_7390,29.442678,-1.208313,4.99,2.25,0.4509018036072144,2.217777777777778,0.28,SB,thick_like,,unmatched,,,
PGC919199,PGC919199,PGC_919199,29.449118,-14.843961,5.41,1.38,0.255083179297597,3.920289855072464,0.1,SC,thick_like,,unmatched,,,
PGC1434036,PGC1434036,PGC_1434036,29.554331,13.553356,8.1,1.43,0.1765432098765432,5.664335664335664,0.05,SD,intermediate,,unmatched,,,
UGC01465,UGC01465,UGC_1465,29.824917,18.009924,5.74,2.6,0.4529616724738676,2.207692307692308,0.22,SB,thick_like,,unmatched,,,
PGC908059,PGC908059,PGC_908059,29.872869,-15.667928,4.73,1.62,0.3424947145877378,2.919753086419753,0.08,SC,thick_like,,unmatched,,,
PGC90579,PGC90579,PGC_90579,29.961729,13.05295,7.66,1.19,0.1553524804177545,6.436974789915967,0.05,SD,intermediate,,unmatched,,,
PGC907950,PGC907950,PGC_907950,30.035917,-15.676736,4.26,1.31,0.3075117370892019,3.2519083969465647,0.08,SC,thick_like,,unmatched,,,
NGC00781,NGC00781,NGC_781,30.037323,12.656107,11.13,4.83,0.4339622641509433,2.3043478260869565,0.46,SA,thick_like,,unmatched,,,
PGC1131661,PGC1131661,PGC_1131661,30.191145,-0.908072,5.66,1.82,0.3215547703180212,3.10989010989011,0.12,SC,thick_like,,unmatched,,,
PGC89524,PGC89524,PGC_89524,30.236364,19.707113,13.56,2.02,0.1489675516224188,6.712871287128713,0.04,SD,intermediate,,unmatched,,,
PGC1431971,PGC1431971,PGC_1431971,30.280561,13.475552,9.43,1.11,0.1177094379639448,8.495495495495495,0.07,SB,intermediate,,unmatched,,,
PGC90581,PGC90581,PGC_90581,30.31797,31.172379,6.19,2.15,0.3473344103392568,2.8790697674418606,0.05,IR,thick_like,,unmatched,,,
IC00194,IC00194,IC_194,30.771639,2.614171,13.78,4.03,0.2924528301886793,3.419354838709677,0.21,SA,thick_like,,unmatched,,,
PGC90582,PGC90582,PGC_90582,30.805597,-8.582415,8.62,2.27,0.2633410672853828,3.797356828193832,0.09,SB,thick_like,,unmatched,,,
PGC1004356,PGC1004356,PGC_1004356,30.891756,-8.389057,6.53,1.07,0.1638591117917305,6.102803738317757,0.05,SD,intermediate,,unmatched,,,
PGC174737,PGC174737,PGC_174737,30.922365,0.272655,5.18,1.38,0.2664092664092664,3.753623188405797,0.22,SB,thick_like,,unmatched,,,
PGC1455430,PGC1455430,PGC_1455430,30.996077,14.334221,3.35,1.26,0.3761194029850746,2.6587301587301586,0.09,SC,thick_like,,unmatched,,,
NED,NED,,31.086805,6.851719,6.63,0.67,0.1010558069381598,9.8955223880597,0.05,SD,intermediate,,unmatched,,,
PGC174747,PGC174747,PGC_174747,31.134302,-1.159112,3.68,1.36,0.3695652173913044,2.705882352941176,0.19,SB,thick_like,,unmatched,,,
PGC959754,PGC959754,PGC_959754,31.175955,-11.947726,5.62,1.67,0.297153024911032,3.3652694610778444,0.08,SC,thick_like,,unmatched,,,
UGC01570,UGC01570,UGC_1570,31.18762,21.434664,7.58,3.38,0.445910290237467,2.242603550295858,0.31,SB,thick_like,,unmatched,,,
PGC86552,PGC86552,PGC_86552,31.19664,0.8351,4.4,2.4,0.5454545454545454,1.8333333333333333,0.1,SC,thick_like,,unmatched,,,
PGC1147727,PGC1147727,PGC_1147727,31.245409,-0.263628,5.72,0.97,0.1695804195804195,5.896907216494845,0.15,SB,intermediate,,unmatched,,,
UGC01576,UGC01576,UGC_1576,31.311905,30.0047,12.47,2.2,0.1764234161988773,5.668181818181818,0.05,SD,intermediate,,unmatched,,,
PGC92850,PGC92850,PGC_92850,31.377771,14.614638,5.5,1.46,0.2654545454545454,3.767123287671233,0.08,SC,thick_like,,unmatched,,,
PGC1172031,PGC1172031,PGC_1172031,31.416481,0.661752,4.62,1.27,0.2748917748917749,3.637795275590552,0.08,SC,thick_like,,unmatched,,,
PGC90587,PGC90587,PGC_90587,31.613482,31.118666,9.04,2.23,0.2466814159292035,4.053811659192824,0.05,UN,thick_like,,unmatched,,,
PGC90588,PGC90588,PGC_90588,31.615356,13.664636,9.94,1.98,0.1991951710261569,5.02020202020202,0.05,SD,intermediate,,unmatched,,,
UGC01600,UGC01600,UGC_1600,31.653427,1.515415,11.25,2.61,0.2319999999999999,4.310344827586207,0.05,SD,thick_like,,unmatched,,,
PGC1171914,PGC1171914,PGC_1171914,31.66016,0.657912,5.3,1.56,0.2943396226415095,3.3974358974358974,0.07,SD,thick_like,,unmatched,,,
PGC928412,PGC928412,PGC_928412,31.676477,-14.143558,4.79,1.33,0.2776617954070981,3.601503759398496,0.07,SD,thick_like,,unmatched,,,
PGC1141752,PGC1141752,PGC_1141752,31.755661,-0.502063,6.41,1.1,0.171606864274571,5.827272727272727,0.05,SD,intermediate,,unmatched,,,
AGC748835,AGC748835,,31.840538,15.429127,5.26,1.02,0.1939163498098859,5.156862745098039,0.05,SD,intermediate,,unmatched,,,
PGC1137006,PGC1137006,PGC_1137006,31.853382,-0.69549,4.49,1.91,0.4253897550111358,2.350785340314137,0.07,SC,thick_like,,unmatched,,,
PGC90590,PGC90590,PGC_90590,31.888548,2.394597,7.2,0.91,0.1263888888888888,7.912087912087912,0.06,SD,intermediate,,unmatched,,,
PGC968582,PGC968582,PGC_968582,31.970308,-11.213147,5.36,1.68,0.3134328358208955,3.1904761904761907,0.15,SC,thick_like,,unmatched,,,
PGC1167325,PGC1167325,PGC_1167325,32.16996,0.489751,6.28,2.05,0.3264331210191082,3.063414634146342,0.27,SA,thick_like,,unmatched,,,
PGC1475644,PGC1475644,PGC_1475644,32.179138,15.115223,5.2,1.81,0.348076923076923,2.8729281767955803,0.18,SB,thick_like,,unmatched,,,
2MASXJ02084772+1631280,2MASXJ020847721631280,,32.198948,16.524279,4.39,1.68,0.3826879271070615,2.613095238095238,0.08,SC,thick_like,,unmatched,,,
PGC1469746,PGC1469746,PGC_1469746,32.369308,14.890634,3.44,0.98,0.2848837209302325,3.510204081632653,0.07,SD,thick_like,,unmatched,,,
2MASXJ02093276+1646569,2MASXJ020932761646569,,32.386513,16.78266,4.12,0.85,0.2063106796116504,4.847058823529412,0.12,SC,thick_like,,unmatched,,,
PGC1320205,PGC1320205,PGC_1320205,32.40012,7.37111,4.04,1.27,0.3143564356435643,3.1811023622047245,0.07,SD,thick_like,,unmatched,,,
PGC1003390,PGC1003390,PGC_1003390,32.430759,-8.463926,7.75,1.11,0.1432258064516129,6.981981981981981,0.14,SB,intermediate,,unmatched,,,
NED,NED,,32.484627,14.280978,5.53,0.9,0.162748643761302,6.144444444444445,0.05,SD,intermediate,,unmatched,,,
PGC1123253,PGC1123253,PGC_1123253,32.52256,-1.24965,3.43,1.0,0.2915451895043731,3.43,0.11,SB,thick_like,,unmatched,,,
PGC994758,PGC994758,PGC_994758,32.543152,-9.135548,3.76,1.97,0.523936170212766,1.9086294416243652,0.14,SC,thick_like,,unmatched,,,
PGC1449465,PGC1449465,PGC_1449465,32.716633,14.109565,4.08,1.19,0.2916666666666666,3.428571428571429,0.08,SC,thick_like,,unmatched,,,
PGC1131348,PGC1131348,PGC_1131348,32.721786,-0.920619,7.29,0.76,0.1042524005486968,9.592105263157894,0.05,SD,intermediate,,unmatched,,,
2MASXJ02105932+1221446,2MASXJ021059321221446,,32.747009,12.362394,4.63,1.33,0.2872570194384449,3.4812030075187965,0.08,SC,thick_like,,unmatched,,,
PGC1140701,PGC1140701,PGC_1140701,32.756039,-0.546434,7.84,1.07,0.1364795918367347,7.327102803738317,0.03,SD,intermediate,,unmatched,,,
UGC01677,UGC01677,UGC_1677,32.766109,6.667119,10.21,1.05,0.1028403525954946,9.723809523809525,0.04,SD,intermediate,,unmatched,,,
PGC1496504,PGC1496504,PGC_1496504,32.819092,15.92451,4.4,2.53,0.575,1.7391304347826089,0.37,SA,thick_like,,unmatched,,,
UGC01681,UGC01681,UGC_1681,32.841019,14.504297,5.88,2.42,0.4115646258503401,2.4297520661157024,0.14,SC,thick_like,,unmatched,,,
PGC1493989,PGC1493989,PGC_1493989,32.848392,15.816681,5.34,1.3,0.2434456928838951,4.107692307692307,0.17,SB,thick_like,,unmatched,,,
PGC963758,PGC963758,PGC_963758,33.223087,-11.611477,6.5,1.13,0.1738461538461538,5.752212389380532,0.05,SD,intermediate,,unmatched,,,
PGC2793659,PGC2793659,PGC_2793659,33.376926,16.881348,5.57,2.44,0.4380610412926391,2.2827868852459017,0.08,SC,thick_like,,unmatched,,,
PGC3126507,PGC3126507,PGC_3126507,33.598511,12.337646,6.09,3.34,0.548440065681445,1.8233532934131735,0.45,SA,thick_like,,unmatched,,,
PGC1136821,PGC1136821,PGC_1136821,33.789185,-0.70365,5.44,1.08,0.1985294117647058,5.037037037037037,0.08,SB,intermediate,,unmatched,,,
UGC01733,UGC01733,UGC_1733,33.835396,22.006334,14.66,3.16,0.2155525238744884,4.639240506329114,0.08,IR,thick_like,,unmatched,,,
PGC90601,PGC90601,PGC_90601,33.897533,-8.065325,6.76,1.26,0.1863905325443787,5.365079365079365,0.06,SB,intermediate,,unmatched,,,
2MASXJ02153675-1120013,2MASXJ021536751120013,,33.904221,-11.33444,5.4,1.2,0.2222222222222222,4.500000000000001,0.07,SD,thick_like,,unmatched,,,
PGC90602,PGC90602,PGC_90602,33.909702,-10.081817,10.27,2.7,0.2629016553067186,3.803703703703704,0.06,SD,thick_like,,unmatched,,,
IC00217,IC00217,IC_217,34.044197,-11.925905,18.53,5.74,0.3097679438747976,3.2282229965156795,0.06,SD,thick_like,,unmatched,,,
PGC1140280,PGC1140280,PGC_1140280,34.181232,-0.563471,5.3,1.72,0.3245283018867924,3.081395348837209,0.07,SC,thick_like,,unmatched,,,
2MASXJ02165150+2221209,2MASXJ021651502221209,,34.214954,22.356676,5.77,1.66,0.2876949740034662,3.475903614457831,0.12,SB,thick_like,,unmatched,,,
PGC8754,PGC8754,PGC_8754,34.386692,-11.518738,14.04,3.62,0.2578347578347578,3.878453038674033,0.04,SD,thick_like,,unmatched,,,
PGC90605,PGC90605,PGC_90605,34.477146,-3.392567,6.48,1.32,0.2037037037037037,4.909090909090909,0.09,SB,thick_like,,unmatched,,,
2MASXJ02175860+1832502,2MASXJ021758601832502,,34.494209,18.547239,5.06,1.64,0.3241106719367589,3.0853658536585367,0.23,SB,thick_like,,unmatched,,,
UGC01774,UGC01774,UGC_1774,34.613995,5.553589,7.35,3.07,0.4176870748299319,2.3941368078175898,0.25,SB,thick_like,,unmatched,,,
PGC959184,PGC959184,PGC_959184,34.704914,-11.987719,5.21,1.8,0.345489443378119,2.8944444444444444,0.25,SB,thick_like,,unmatched,,,
PGC90606,PGC90606,PGC_90606,34.80817,2.168171,16.45,1.56,0.0948328267477203,10.544871794871794,0.03,SD,thin_like,,unmatched,,,
PGC90607,PGC90607,PGC_90607,34.953598,18.983677,9.11,1.85,0.2030735455543359,4.924324324324324,0.04,SD,thick_like,,unmatched,,,
PGC1002435,PGC1002435,PGC_1002435,35.051533,-8.53967,5.68,1.77,0.3116197183098592,3.2090395480225986,0.13,SB,thick_like,,unmatched,,,
UGC01817,UGC01817,UGC_1817,35.378658,14.200382,26.37,4.32,0.1638225255972696,6.104166666666666,0.04,IR,intermediate,,unmatched,,,
PGC90608,PGC90608,PGC_90608,35.408192,-9.703906,10.5,2.36,0.2247619047619047,4.4491525423728815,0.06,IR,thick_like,,unmatched,,,
NED,NED,,35.703823,23.517658,13.74,0.58,0.0422125181950509,23.689655172413797,0.04,SD,thin_like,,unmatched,,,
PGC9105,PGC9105,PGC_9105,35.983925,-6.704778,19.12,2.73,0.1427824267782426,7.003663003663004,0.08,SB,intermediate,,unmatched,,,
2MASXJ02242864+1958489,2MASXJ022428641958489,,36.119392,19.980211,5.73,1.01,0.1762652705061081,5.673267326732674,0.25,SB,intermediate,,unmatched,,,
UGC01867,UGC01867,UGC_1867,36.31464,45.452408,17.52,4.26,0.2431506849315068,4.112676056338028,0.07,IR,thick_like,,unmatched,,,
UGC01911,UGC01911,UGC_1911,36.652405,0.648892,13.28,1.9,0.1430722891566265,6.989473684210527,0.07,SD,intermediate,,unmatched,,,
PGC9321,PGC9321,PGC_9321,36.751293,-2.694999,9.42,3.01,0.3195329087048832,3.1295681063122927,0.1,SD,thick_like,,unmatched,,,
PGC90612,PGC90612,PGC_90612,36.752808,-3.010194,4.7,1.45,0.3085106382978723,3.241379310344828,0.07,SC,thick_like,,unmatched,,,
NED,NED,,36.911354,25.559078,5.25,1.22,0.2323809523809523,4.30327868852459,0.06,SD,thick_like,,unmatched,,,
PGC998409,PGC998409,PGC_998409,36.928936,-8.848405,5.25,1.54,0.2933333333333333,3.409090909090909,0.07,SC,thick_like,,unmatched,,,
PGC90613,PGC90613,PGC_90613,37.053802,-2.517433,11.7,1.27,0.1085470085470085,9.21259842519685,0.04,SD,intermediate,,unmatched,,,
PGC90614,PGC90614,PGC_90614,37.24519,-5.389626,6.8,1.71,0.2514705882352941,3.976608187134503,0.08,SD,thick_like,,unmatched,,,
PGC90615,PGC90615,PGC_90615,37.390274,24.259178,8.5,1.84,0.2164705882352941,4.619565217391304,0.05,SD,thick_like,,unmatched,,,
PGC1176153,PGC1176153,PGC_1176153,37.45639,0.813063,3.15,1.76,0.5587301587301587,1.7897727272727273,0.12,SC,thick_like,,unmatched,,,
NED,NED,,37.457851,25.721695,5.98,1.3,0.217391304347826,4.6000000000000005,0.07,SC,thick_like,,unmatched,,,
PGC1679125,PGC1679125,PGC_1679125,37.506496,22.968473,8.95,1.68,0.1877094972067039,5.3273809523809526,0.05,SD,intermediate,,unmatched,,,
PGC1124962,PGC1124962,PGC_1124962,37.590557,-1.175253,4.45,1.61,0.3617977528089888,2.763975155279503,0.09,SC,thick_like,,unmatched,,,
PGC90618,PGC90618,PGC_90618,37.606121,-16.58683,15.93,1.66,0.1042059008160703,9.596385542168674,0.05,SD,intermediate,,unmatched,,,
PGC90619,PGC90619,PGC_90619,37.831398,-17.248297,8.0,1.28,0.16,6.25,0.07,SD,intermediate,,unmatched,,,
NED,NED,,37.928116,23.389977,3.84,1.48,0.3854166666666667,2.5945945945945947,0.08,SC,thick_like,,unmatched,,,
NED,NED,,37.977955,20.407288,5.16,1.21,0.2344961240310077,4.264462809917355,0.05,SD,thick_like,,unmatched,,,
2MASXJ02330522+0536476,2MASXJ023305220536476,,38.271763,5.613328,5.61,1.83,0.3262032085561497,3.065573770491804,0.11,SC,thick_like,,unmatched,,,
PGC90620,PGC90620,PGC_90620,38.279762,22.375254,7.25,1.79,0.2468965517241379,4.050279329608938,0.05,SC,thick_like,,unmatched,,,
PGC1699952,PGC1699952,PGC_1699952,38.307949,24.108347,7.45,1.81,0.2429530201342281,4.116022099447513,0.1,SD,thick_like,,unmatched,,,
NED,NED,,38.338902,22.119404,3.7,1.21,0.327027027027027,3.057851239669421,0.07,SD,thick_like,,unmatched,,,
PGC169966,PGC169966,PGC_169966,38.371819,23.485031,7.76,3.16,0.4072164948453609,2.4556962025316453,0.07,SC,thick_like,,unmatched,,,
PGC1642170,PGC1642170,PGC_1642170,38.47541,21.073404,5.18,1.95,0.3764478764478765,2.6564102564102563,0.37,SB,thick_like,,unmatched,,,
PGC1046727,PGC1046727,PGC_1046727,38.518246,-5.290079,5.21,1.34,0.2571976967370442,3.888059701492537,0.25,SB,thick_like,,unmatched,,,
PGC1666261,PGC1666261,PGC_1666261,38.546246,22.241819,4.97,2.03,0.408450704225352,2.4482758620689657,0.24,SC,thick_like,,unmatched,,,
PGC1760895,PGC1760895,PGC_1760895,38.664917,26.056301,4.83,1.9,0.3933747412008281,2.542105263157895,0.09,SC,thick_like,,unmatched,,,
PGC1766355,PGC1766355,PGC_1766355,38.844967,26.187454,3.85,1.32,0.3428571428571428,2.9166666666666665,0.1,SC,thick_like,,unmatched,,,
PGC1002746,PGC1002746,PGC_1002746,38.860043,-8.514226,4.73,1.88,0.3974630021141648,2.515957446808511,0.08,SC,thick_like,,unmatched,,,
PGC175274,PGC175274,PGC_175274,38.911377,1.227102,4.98,1.93,0.3875502008032128,2.580310880829016,0.14,SC,thick_like,,unmatched,,,
PGC1043890,PGC1043890,PGC_1043890,38.964062,-5.504436,6.32,1.68,0.2658227848101265,3.7619047619047614,0.11,SB,thick_like,,unmatched,,,
PGC90623,PGC90623,PGC_90623,39.024014,21.609621,10.84,1.56,0.1439114391143911,6.948717948717948,0.05,SD,intermediate,,unmatched,,,
PGC213041,PGC213041,PGC_213041,39.079624,-0.688969,4.16,1.08,0.2596153846153846,3.851851851851852,0.09,SC,thick_like,,unmatched,,,
UGC02092,UGC02092,UGC_2092,39.131924,7.309408,27.47,3.74,0.1361485256643611,7.344919786096256,0.06,SD,intermediate,,unmatched,,,
PGC1308973,PGC1308973,PGC_1308973,39.142838,6.863202,4.93,1.75,0.3549695740365112,2.817142857142857,0.09,SC,thick_like,,unmatched,,,
PGC1845823,PGC1845823,PGC_1845823,39.173676,28.783749,6.87,2.88,0.4192139737991266,2.385416666666667,0.07,SC,thick_like,,unmatched,,,
PGC1154022,PGC1154022,PGC_1154022,39.177082,-0.01708,8.03,3.96,0.4931506849315069,2.0277777777777777,0.07,SC,thick_like,,unmatched,,,
PGC90625,PGC90625,PGC_90625,39.251095,25.625477,9.98,2.34,0.2344689378757515,4.264957264957266,0.1,SB,thick_like,,unmatched,,,
PGC1148822,PGC1148822,PGC_1148822,39.265919,-0.221238,4.87,1.47,0.3018480492813141,3.312925170068028,0.12,SC,thick_like,,unmatched,,,
PGC1780374,PGC1780374,PGC_1780374,39.299435,26.550858,4.27,1.8,0.4215456674473068,2.372222222222222,0.22,SB,thick_like,,unmatched,,,
NGC01009,NGC01009,NGC_1009,39.579342,2.310022,9.86,3.47,0.3519269776876268,2.841498559077809,0.26,SB,thick_like,,unmatched,,,
NGC01032,NGC01032,NGC_1032,39.848305,1.093927,11.45,11.07,0.966812227074236,1.034327009936766,0.19,SC,thick_like,,unmatched,,,
NED,NED,,39.882427,6.780545,5.0,1.48,0.296,3.3783783783783785,0.08,SC,thick_like,,unmatched,,,
2MASXJ02394540+2033533,2MASXJ023945402033533,,39.93927,20.564966,5.9,1.31,0.2220338983050847,4.5038167938931295,0.05,SD,thick_like,,unmatched,,,
PGC1319834,PGC1319834,PGC_1319834,40.06443,7.355303,3.89,1.18,0.3033419023136247,3.296610169491525,0.23,SB,thick_like,,unmatched,,,
NGC01043,NGC01043,NGC_1043,40.194004,1.343049,7.97,2.27,0.2848180677540778,3.511013215859031,0.42,SA,thick_like,,unmatched,,,
PGC1023494,PGC1023494,PGC_1023494,40.255993,-7.163651,5.42,1.24,0.2287822878228782,4.370967741935484,0.25,SB,thick_like,,unmatched,,,
NED,NED,,40.289745,26.462332,3.39,1.04,0.3067846607669616,3.2596153846153846,0.08,SC,thick_like,,unmatched,,,
PGC90630,PGC90630,PGC_90630,40.395603,1.23467,9.24,2.33,0.2521645021645021,3.965665236051502,0.06,IR,thick_like,,unmatched,,,
NED,NED,,40.453545,-5.866916,6.58,1.03,0.1565349544072948,6.388349514563107,0.09,SB,intermediate,,unmatched,,,
PGC1020421,PGC1020421,PGC_1020421,40.464912,-7.352128,5.38,0.93,0.1728624535315985,5.784946236559139,0.05,SD,intermediate,,unmatched,,,
UGC02177,UGC02177,UGC_2177,40.526058,-0.893382,7.4,2.33,0.3148648648648648,3.175965665236052,0.07,SD,thick_like,,unmatched,,,
PGC144988,PGC144988,PGC_144988,40.530701,1.018929,5.54,1.47,0.2653429602888086,3.7687074829931975,0.25,SB,thick_like,,unmatched,,,
PGC1025907,PGC1025907,PGC_1025907,40.560097,-6.99577,6.75,1.16,0.1718518518518518,5.81896551724138,0.06,SD,intermediate,,unmatched,,,
PGC92859,PGC92859,PGC_92859,40.604126,28.493317,7.39,1.95,0.2638700947225981,3.7897435897435896,0.05,SD,thick_like,,unmatched,,,
PGC998858,PGC998858,PGC_998858,40.815128,-8.81274,5.7,1.03,0.1807017543859649,5.533980582524272,0.05,SD,intermediate,,unmatched,,,
PGC1057513,PGC1057513,PGC_1057513,40.960526,-4.487935,5.34,1.4,0.2621722846441947,3.8142857142857145,0.13,SB,thick_like,,unmatched,,,
PGC1158434,PGC1158434,PGC_1158434,40.968994,0.152646,6.12,1.53,0.25,4.0,0.06,SD,thick_like,,unmatched,,,
PGC1069108,PGC1069108,PGC_1069108,40.979137,-3.606442,8.64,2.17,0.2511574074074074,3.981566820276498,0.2,SB,thick_like,,unmatched,,,
2MASXJ02442781+2933590,2MASXJ024427812933590,,41.115955,29.566433,6.55,1.07,0.1633587786259542,6.121495327102803,0.07,SD,intermediate,,unmatched,,,
PGC1044473,PGC1044473,PGC_1044473,41.175087,-5.458,5.69,1.4,0.2460456942003514,4.064285714285715,0.08,SC,thick_like,,unmatched,,,
NED,NED,,41.205418,5.312606,5.65,1.21,0.2141592920353982,4.669421487603306,0.05,SD,thick_like,,unmatched,,,
PGC1136175,PGC1136175,PGC_1136175,41.25753,-0.729697,2.73,1.06,0.3882783882783883,2.5754716981132075,0.12,SC,thick_like,,unmatched,,,
PGC10419,PGC10419,PGC_10419,41.302738,32.284103,8.58,4.2,0.4895104895104895,2.0428571428571427,0.47,SA,thick_like,,unmatched,,,
PGC3090061,PGC3090061,PGC_3090061,41.471333,19.489525,4.02,1.99,0.4950248756218905,2.0201005025125625,0.48,SB,thick_like,,unmatched,,,
PGC90636,PGC90636,PGC_90636,41.51405,0.224535,6.44,1.64,0.2546583850931677,3.9268292682926833,0.09,SB,thick_like,,unmatched,,,
PGC1023449,PGC1023449,PGC_1023449,41.689762,-7.166871,5.76,1.57,0.2725694444444445,3.668789808917197,0.23,SB,thick_like,,unmatched,,,
NED,NED,,41.777042,5.271252,6.36,1.05,0.1650943396226415,6.057142857142857,0.07,SB,intermediate,,unmatched,,,
PGC3107779,PGC3107779,PGC_3107779,42.143234,-0.9931,5.94,3.4,0.5723905723905723,1.747058823529412,0.12,SC,thick_like,,unmatched,,,
PGC1884139,PGC1884139,PGC_1884139,42.282715,29.945326,3.94,1.79,0.4543147208121827,2.201117318435754,0.17,SC,thick_like,,unmatched,,,
PGC10704,PGC10704,PGC_10704,42.389496,-9.002487,6.02,2.61,0.4335548172757475,2.3065134099616857,0.2,SB,thick_like,,unmatched,,,
PGC10760,PGC10760,PGC_10760,42.560638,0.094409,5.65,1.83,0.3238938053097345,3.087431693989071,0.12,SC,thick_like,,unmatched,,,
PGC10766,PGC10766,PGC_10766,42.573414,-8.59713,15.28,4.34,0.2840314136125654,3.52073732718894,0.25,IR,thick_like,,unmatched,,,
PGC2035642,PGC2035642,PGC_2035642,42.576797,33.61227,5.14,1.32,0.2568093385214008,3.8939393939393936,0.07,SD,thick_like,,unmatched,,,
PGC10817,PGC10817,PGC_10817,42.792137,-6.706264,9.48,2.22,0.2341772151898734,4.27027027027027,0.07,SD,thick_like,,unmatched,,,
PGC1130054,PGC1130054,PGC_1130054,42.812588,-0.973197,3.83,1.95,0.5091383812010444,1.964102564102564,0.11,SC,thick_like,,unmatched,,,
PGC90640,PGC90640,PGC_90640,42.837944,5.556636,7.58,1.6,0.2110817941952506,4.7375,0.05,SD,thick_like,,unmatched,,,
PGC2016551,PGC2016551,PGC_2016551,43.121727,32.898911,3.94,1.65,0.4187817258883248,2.387878787878788,0.24,SC,thick_like,,unmatched,,,
PGC2045380,PGC2045380,PGC_2045380,43.124802,34.196705,6.55,1.93,0.2946564885496183,3.393782383419689,0.33,SB,thick_like,,unmatched,,,
PGC1017829,PGC1017829,PGC_1017829,43.311226,-7.506728,4.36,2.47,0.5665137614678899,1.7651821862348178,0.12,SB,thick_like,,unmatched,,,
PGC1125963,PGC1125963,PGC_1125963,43.332653,-1.133374,5.14,2.45,0.4766536964980545,2.097959183673469,0.16,SC,thick_like,,unmatched,,,
PGC996125,PGC996125,PGC_996125,43.388966,-9.031057,7.0,0.93,0.1328571428571428,7.526881720430107,0.04,SD,intermediate,,unmatched,,,
NED,NED,,43.506367,6.810364,5.74,1.23,0.2142857142857142,4.666666666666667,0.05,SD,thick_like,,unmatched,,,
PGC1005904,PGC1005904,PGC_1005904,43.522537,-8.269293,4.47,1.13,0.2527964205816554,3.9557522123893807,0.08,SB,thick_like,,unmatched,,,
UGC02370,UGC02370,UGC_2370,43.609245,42.65007,15.36,2.81,0.1829427083333333,5.466192170818505,0.05,SD,intermediate,,unmatched,,,
UGC02404,UGC02404,UGC_2404,43.953655,1.079368,10.84,1.94,0.1789667896678966,5.587628865979381,0.07,SD,intermediate,,unmatched,,,
NED,NED,,43.955807,34.296696,4.15,0.9,0.216867469879518,4.611111111111112,0.05,SD,thick_like,,unmatched,,,
PGC1101063,PGC1101063,PGC_1101063,43.980755,-2.125576,4.77,1.32,0.2767295597484277,3.6136363636363633,0.13,SB,thick_like,,unmatched,,,
PGC90644,PGC90644,PGC_90644,44.035538,27.700703,12.2,2.03,0.1663934426229508,6.009852216748769,0.04,SD,intermediate,,unmatched,,,
UGC02396,UGC02396,UGC_2396,44.039089,37.056522,8.3,2.13,0.2566265060240963,3.896713615023475,0.05,SD,thick_like,,unmatched,,,
2MASXJ02561486+0523345,2MASXJ025614860523345,,44.06192,5.393504,6.13,1.3,0.2120717781402936,4.715384615384616,0.06,SD,thick_like,,unmatched,,,
PGC2080682,PGC2080682,PGC_2080682,44.069904,36.441662,5.84,1.56,0.2671232876712329,3.743589743589743,0.09,SD,thick_like,,unmatched,,,
NED,NED,,44.07552,33.73048,5.68,1.14,0.2007042253521126,4.982456140350878,0.05,SD,thick_like,,unmatched,,,
PGC4126719,PGC4126719,PGC_4126719,44.216412,5.686173,9.17,0.78,0.0850599781897491,11.756410256410255,0.04,SD,thin_like,,unmatched,,,
PGC996347,PGC996347,PGC_996347,44.36813,-9.012405,4.5,2.02,0.4488888888888889,2.227722772277228,0.35,SB,thick_like,,unmatched,,,
PGC90646,PGC90646,PGC_90646,44.558266,-4.497862,9.22,1.57,0.1702819956616052,5.872611464968153,0.07,SB,intermediate,,unmatched,,,
UGC02436,UGC02436,UGC_2436,44.565228,36.499847,16.57,3.11,0.1876885938442969,5.327974276527332,0.08,SB,intermediate,,unmatched,,,
UGC02441,UGC02441,UGC_2441,44.592003,3.862498,29.28,5.87,0.2004781420765027,4.9880749574105625,0.05,IR,thick_like,,unmatched,,,
PGC2077408,PGC2077408,PGC_2077408,45.103062,36.248528,4.31,1.88,0.4361948955916473,2.292553191489361,0.31,SA,thick_like,,unmatched,,,
PGC1030318,PGC1030318,PGC_1030318,45.114735,-6.658119,6.56,2.29,0.3490853658536585,2.8646288209606983,0.26,SB,thick_like,,unmatched,,,
PGC1003831,PGC1003831,PGC_1003831,45.158749,-8.43008,7.11,1.15,0.1617440225035161,6.182608695652175,0.04,SD,intermediate,,unmatched,,,
PGC90651,PGC90651,PGC_90651,45.346687,27.643131,7.21,1.51,0.2094313453536754,4.774834437086093,0.05,SD,thick_like,,unmatched,,,
PGC2127208,PGC2127208,PGC_2127208,45.407799,38.443996,4.45,1.35,0.3033707865168539,3.2962962962962963,0.17,SC,thick_like,,unmatched,,,
PGC1000566,PGC1000566,PGC_1000566,45.638214,-8.679696,4.07,0.97,0.2383292383292383,4.195876288659794,0.07,SD,thick_like,,unmatched,,,
PGC2075655,PGC2075655,PGC_2075655,45.742069,36.142181,5.06,1.2,0.2371541501976284,4.216666666666667,0.07,SC,thick_like,,unmatched,,,
PGC1033134,PGC1033134,PGC_1033134,46.240337,-6.412862,3.85,1.47,0.3818181818181818,2.619047619047619,0.11,SC,thick_like,,unmatched,,,
SDSSJ030501.47+001138.3,SDSSJ030501470011383,,46.256184,0.194003,3.31,0.87,0.2628398791540785,3.8045977011494254,0.08,SB,thick_like,,unmatched,,,
PGC1003799,PGC1003799,PGC_1003799,46.278324,-8.432907,6.26,1.26,0.2012779552715655,4.968253968253968,0.05,SD,thick_like,,unmatched,,,
PGC1009519,PGC1009519,PGC_1009519,46.480251,-8.019322,4.03,2.6,0.6451612903225806,1.55,0.13,SC,thick_like,,unmatched,,,
PGC1001166,PGC1001166,PGC_1001166,46.631973,-8.635201,5.24,2.02,0.3854961832061068,2.594059405940594,0.2,SC,thick_like,,unmatched,,,
PGC1027339,PGC1027339,PGC_1027339,46.642082,-6.890422,4.02,1.14,0.2835820895522388,3.526315789473684,0.08,SC,thick_like,,unmatched,,,
SDSSJ030705.87-010803.9,SDSSJ030705870108039,,46.774448,-1.134418,8.33,1.03,0.1236494597839135,8.087378640776699,0.05,SD,intermediate,,unmatched,,,
PGC90657,PGC90657,PGC_90657,47.102581,-0.558568,5.45,1.43,0.2623853211009174,3.811188811188812,0.09,SB,thick_like,,unmatched,,,
PGC3080432,PGC3080432,PGC_3080432,47.282867,-8.51251,4.15,1.5,0.36144578313253,2.766666666666667,0.22,SB,thick_like,,unmatched,,,
2MASXJ03091348-0005588,2MASXJ030913480005588,,47.306244,-0.099781,4.52,0.82,0.1814159292035398,5.512195121951219,0.09,SB,intermediate,,unmatched,,,
PGC1010392,PGC1010392,PGC_1010392,47.396751,-7.957227,3.61,1.38,0.3822714681440443,2.6159420289855078,0.09,SC,thick_like,,unmatched,,,
PGC2181130,PGC2181130,PGC_2181130,47.427765,41.441074,7.81,1.91,0.2445582586427656,4.089005235602095,0.08,SC,thick_like,,unmatched,,,
PGC1154156,PGC1154156,PGC_1154156,47.611881,-0.012471,5.85,1.66,0.2837606837606837,3.5240963855421685,0.12,SC,thick_like,,unmatched,,,
PGC11875,PGC11875,PGC_11875,47.747463,38.659096,8.79,2.92,0.3321956769055745,3.0102739726027394,0.22,SA,thick_like,,unmatched,,,
UGC02584,UGC02584,UGC_2584,47.936275,1.044841,16.96,1.4,0.0825471698113207,12.114285714285716,0.02,SD,thin_like,,unmatched,,,
UGC02587,UGC02587,UGC_2587,47.999397,-1.16165,17.94,4.73,0.2636566332218506,3.792811839323467,0.27,SB,thick_like,,unmatched,,,
PGC1155336,PGC1155336,PGC_1155336,48.038013,0.031369,4.35,2.24,0.5149425287356323,1.9419642857142851,0.47,SA,thick_like,,unmatched,,,
PGC1005139,PGC1005139,PGC_1005139,48.134705,-8.32528,3.94,1.45,0.3680203045685279,2.717241379310345,0.08,SC,thick_like,,unmatched,,,
PGC90665,PGC90665,PGC_90665,48.604301,2.126332,5.3,1.44,0.2716981132075471,3.6805555555555554,0.13,SB,thick_like,,unmatched,,,
NED,NED,,48.629353,42.211365,5.16,0.68,0.1317829457364341,7.588235294117647,0.05,SD,intermediate,,unmatched,,,
PGC1022033,PGC1022033,PGC_1022033,48.79039,-7.252605,4.35,1.99,0.4574712643678161,2.185929648241206,0.32,SB,thick_like,,unmatched,,,
PGC12090,PGC12090,PGC_12090,48.805527,-7.270738,9.98,2.85,0.2855711422845691,3.5017543859649125,0.06,SD,thick_like,,unmatched,,,
PGC1571433,PGC1571433,PGC_1571433,48.840782,18.821753,4.17,2.55,0.6115107913669064,1.635294117647059,0.16,SC,thick_like,,unmatched,,,
NGC01184,NGC01184,NGC_1184,49.18832,80.793457,29.34,11.54,0.3933197000681663,2.542461005199307,0.42,SB,thick_like,,unmatched,,,
PGC145437,PGC145437,PGC_145437,49.249268,-0.90123,3.6,1.53,0.425,2.3529411764705883,0.2,SB,thick_like,,unmatched,,,
NED,NED,,49.254623,4.111901,12.2,0.9,0.0737704918032787,13.555555555555554,0.05,SB,thin_like,,unmatched,,,
NED,NED,,49.259403,3.570377,6.25,1.05,0.168,5.9523809523809526,0.05,SD,intermediate,,unmatched,,,
PGC1247067,PGC1247067,PGC_1247067,49.345234,3.19028,5.05,2.62,0.5188118811881188,1.9274809160305344,0.13,SC,thick_like,,unmatched,,,
NED,NED,,49.3605,17.152369,9.37,1.02,0.1088580576307364,9.18627450980392,0.04,SD,intermediate,,unmatched,,,
PGC90670,PGC90670,PGC_90670,49.831207,2.540155,7.04,2.05,0.2911931818181817,3.434146341463415,0.13,SB,thick_like,,unmatched,,,
NED,NED,,49.854774,42.656704,4.7,0.88,0.1872340425531914,5.340909090909091,0.06,SD,intermediate,,unmatched,,,
PGC1584577,PGC1584577,PGC_1584577,49.891006,19.219488,4.51,1.74,0.3858093126385809,2.5919540229885056,0.51,SA,thick_like,,unmatched,,,
PGC2213262,PGC2213262,PGC_2213262,49.957676,43.110191,3.55,1.06,0.2985915492957747,3.3490566037735845,0.04,SC,thick_like,,unmatched,,,
NED,NED,,50.049362,41.857922,3.82,1.14,0.2984293193717277,3.3508771929824563,0.08,SC,thick_like,,unmatched,,,
PGC2193182,PGC2193182,PGC_2193182,50.25098,42.142277,4.6,2.48,0.5391304347826087,1.8548387096774197,0.4,SA,thick_like,,unmatched,,,
PGC1159445,PGC1159445,PGC_1159445,50.378017,0.19356,3.97,1.0,0.2518891687657431,3.97,0.07,SD,thick_like,,unmatched,,,
PGC1149944,PGC1149944,PGC_1149944,50.391434,-0.178404,8.11,2.37,0.2922318125770654,3.421940928270042,0.14,SB,thick_like,,unmatched,,,
PGC1134241,PGC1134241,PGC_1134241,50.501167,-0.807185,4.01,0.87,0.2169576059850374,4.60919540229885,0.11,SB,thick_like,,unmatched,,,
UGC02699,UGC02699,UGC_2699,50.50383,-1.053871,9.96,3.21,0.322289156626506,3.1028037383177574,0.07,SB,thick_like,,unmatched,,,
PGC1011541,PGC1011541,PGC_1011541,50.506523,-7.882714,5.96,1.9,0.3187919463087248,3.136842105263158,0.09,SB,thick_like,,unmatched,,,
NED,NED,,50.520981,42.172306,12.22,1.98,0.1620294599018003,6.171717171717172,0.07,IR,intermediate,,unmatched,,,
PGC2262140,PGC2262140,PGC_2262140,51.206348,45.27607,6.77,2.52,0.3722304283604136,2.6865079365079363,0.38,SA,thick_like,,unmatched,,,
UGC02727,UGC02727,UGC_2727,51.282379,5.234909,10.63,2.32,0.218250235183443,4.581896551724139,0.06,SD,thick_like,,unmatched,,,
PGC1150506,PGC1150506,PGC_1150506,51.327164,-0.156456,4.66,1.42,0.3047210300429184,3.2816901408450705,0.34,SB,thick_like,,unmatched,,,
2MASXJ03255243+0503028,2MASXJ032552430503028,,51.468456,5.050749,6.74,1.13,0.1676557863501483,5.964601769911505,0.13,SB,intermediate,,unmatched,,,
PGC1172634,PGC1172634,PGC_1172634,51.640587,0.6827,4.02,1.55,0.3855721393034826,2.593548387096774,0.1,SC,thick_like,,unmatched,,,
SDSSJ032705.57-004640.0,SDSSJ032705570046400,,51.773594,-0.777812,4.71,0.84,0.1783439490445859,5.607142857142858,0.05,SD,intermediate,,unmatched,,,
PGC90679,PGC90679,PGC_90679,51.832493,3.92016,8.67,1.74,0.2006920415224913,4.982758620689655,0.06,SD,thick_like,,unmatched,,,
NED,NED,,51.882923,16.583212,7.2,0.78,0.1083333333333333,9.23076923076923,0.05,SD,intermediate,,unmatched,,,
PGC2233660,PGC2233660,PGC_2233660,52.158405,43.976952,4.66,1.96,0.4206008583690987,2.377551020408164,0.33,SA,thick_like,,unmatched,,,
PGC2214400,PGC2214400,PGC_2214400,52.161224,43.163948,6.37,1.99,0.3124018838304552,3.201005025125628,0.21,SB,thick_like,,unmatched,,,
PGC2263356,PGC2263356,PGC_2263356,52.174839,45.342873,5.77,2.01,0.3483535528596187,2.870646766169154,0.42,SA,thick_like,,unmatched,,,
PGC1015973,PGC1015973,PGC_1015973,54.211788,-7.614039,4.32,1.41,0.3263888888888888,3.063829787234043,0.07,IR,thick_like,,unmatched,,,
PGC176460,PGC176460,PGC_176460,54.213902,-7.557426,4.85,2.21,0.4556701030927835,2.194570135746606,0.23,SB,thick_like,,unmatched,,,
NED,NED,,54.240086,4.150391,6.93,1.39,0.2005772005772005,4.985611510791367,0.05,SD,thick_like,,unmatched,,,
PGC1012876,PGC1012876,PGC_1012876,54.279644,-7.79923,6.4,1.22,0.190625,5.245901639344263,0.07,SD,intermediate,,unmatched,,,
PGC1148192,PGC1148192,PGC_1148192,54.355099,-0.245878,4.94,1.35,0.2732793522267206,3.659259259259259,0.14,SB,thick_like,,unmatched,,,
PGC1547377,PGC1547377,PGC_1547377,54.784298,17.99749,5.79,1.85,0.3195164075993091,3.1297297297297297,0.07,SC,thick_like,,unmatched,,,
PGC3104770,PGC3104770,PGC_3104770,55.001301,-6.483054,6.19,1.26,0.2035541195476575,4.912698412698413,0.08,SD,thick_like,,unmatched,,,
PGC90688,PGC90688,PGC_90688,55.123615,0.872493,10.0,1.83,0.183,5.46448087431694,0.18,SB,intermediate,,unmatched,,,
PGC1048222,PGC1048222,PGC_1048222,55.498104,-5.180547,6.22,1.13,0.1816720257234726,5.504424778761062,0.06,SC,intermediate,,unmatched,,,
PGC13646,PGC13646,PGC_13646,55.73336,-12.916331,30.29,5.69,0.1878507758336084,5.323374340949033,0.07,IR,intermediate,,unmatched,,,
UGC02852,UGC02852,UGC_2852,56.231537,5.905763,15.84,3.39,0.2140151515151515,4.672566371681416,0.06,SD,thick_like,,unmatched,,,
PGC1032615,PGC1032615,PGC_1032615,56.347614,-6.459128,8.52,2.46,0.2887323943661972,3.463414634146341,0.06,SC,thick_like,,unmatched,,,
PGC1018398,PGC1018398,PGC_1018398,56.400864,-7.47197,10.73,4.81,0.4482758620689654,2.230769230769231,0.37,SA,thick_like,,unmatched,,,
PGC1478198,PGC1478198,PGC_1478198,56.41103,15.206658,5.97,1.41,0.236180904522613,4.23404255319149,0.07,SD,thick_like,,unmatched,,,
2MASXJ03462587-0035565,2MASXJ034625870035565,,56.607986,-0.599172,5.78,1.59,0.2750865051903114,3.635220125786164,0.27,SB,thick_like,,unmatched,,,
PGC3092474,PGC3092474,PGC_3092474,56.623985,0.718807,5.28,2.48,0.4696969696969696,2.1290322580645165,0.47,SA,thick_like,,unmatched,,,
SDSSJ034830.23-001000.4,SDSSJ034830230010004,,57.125996,-0.166833,3.95,1.0,0.2531645569620253,3.95,0.06,SD,thick_like,,unmatched,,,
UGC02868,UGC02868,UGC_2868,57.135754,35.150055,10.23,3.31,0.3235581622678397,3.090634441087613,0.08,SC,thick_like,,unmatched,,,
PGC90695,PGC90695,PGC_90695,57.31208,16.084696,11.12,2.08,0.1870503597122302,5.346153846153846,0.05,SD,intermediate,,unmatched,,,
2MASXJ03502147+1657223,2MASXJ035021471657223,,57.58942,16.956339,5.32,0.99,0.1860902255639097,5.373737373737374,0.07,SD,intermediate,,unmatched,,,
2MASXJ03513359-0059333,2MASXJ035133590059333,,57.889675,-0.992613,6.51,1.26,0.1935483870967742,5.166666666666666,0.07,SD,intermediate,,unmatched,,,
PGC1399792,PGC1399792,PGC_1399792,58.296345,11.853214,3.92,1.65,0.4209183673469387,2.375757575757576,0.13,SC,thick_like,,unmatched,,,
PGC1400465,PGC1400465,PGC_1400465,58.65667,11.89543,3.83,1.35,0.3524804177545692,2.837037037037037,0.13,SC,thick_like,,unmatched,,,
NED,NED,,59.032658,12.23615,7.09,0.99,0.1396332863187588,7.161616161616162,0.05,SD,intermediate,,unmatched,,,
NED,NED,,59.637459,12.874606,3.78,0.94,0.2486772486772486,4.0212765957446805,0.06,SD,thick_like,,unmatched,,,
SDSSJ035942.19-050232.3,SDSSJ035942190502323,,59.925812,-5.042328,5.54,1.0,0.1805054151624548,5.54,0.05,SD,intermediate,,unmatched,,,
PGC1495779,PGC1495779,PGC_1495779,61.904713,15.893161,3.44,1.86,0.5406976744186047,1.8494623655913975,0.18,SB,thick_like,,unmatched,,,
NED,NED,,62.22514,15.838815,4.32,1.18,0.2731481481481481,3.661016949152543,0.06,SD,thick_like,,unmatched,,,
2MASXJ04210417+1823202,2MASXJ042104171823202,,65.267578,18.3892,14.59,1.05,0.071967100753941,13.895238095238094,0.03,SD,thin_like,,unmatched,,,
PGC90708,PGC90708,PGC_90708,65.871323,30.894976,8.03,1.29,0.1606475716064757,6.224806201550387,0.06,SD,intermediate,,unmatched,,,
PGC1295467,PGC1295467,PGC_1295467,66.029297,6.153314,9.18,1.34,0.1459694989106754,6.850746268656716,0.05,SB,intermediate,,unmatched,,,
UGC03027,UGC03027,UGC_3027,66.057098,30.915739,13.52,2.91,0.2152366863905325,4.646048109965635,0.11,SB,thick_like,,unmatched,,,
PGC90712,PGC90712,PGC_90712,66.389503,-9.050209,9.42,1.97,0.2091295116772824,4.781725888324873,0.16,SB,thick_like,,unmatched,,,
NED,NED,,66.471123,6.751153,4.35,0.88,0.2022988505747126,4.9431818181818175,0.07,SD,thick_like,,unmatched,,,
UGC03054,UGC03054,UGC_3054,67.059784,1.052866,21.49,3.78,0.1758957654723127,5.685185185185185,0.06,SD,intermediate,,unmatched,,,
PGC90713,PGC90713,PGC_90713,67.247795,-9.113348,11.05,2.73,0.2470588235294117,4.047619047619048,0.1,IR,thick_like,,unmatched,,,
PGC15259,PGC15259,PGC_15259,67.340958,-4.759921,13.04,3.18,0.2438650306748466,4.100628930817609,0.1,SB,thick_like,,unmatched,,,
NED,NED,,67.587273,7.828737,5.74,2.3,0.4006968641114982,2.495652173913044,0.09,SC,thick_like,,unmatched,,,
PGC90716,PGC90716,PGC_90716,67.654648,0.24973,6.19,1.18,0.1906300484652665,5.245762711864408,0.06,SB,intermediate,,unmatched,,,
2MASXJ04324824+0939000,2MASXJ043248240939000,,68.200974,9.650077,4.46,0.84,0.1883408071748878,5.309523809523809,0.06,SD,intermediate,,unmatched,,,
PGC1643439,PGC1643439,PGC_1643439,69.150719,21.130789,6.23,2.44,0.391653290529695,2.5532786885245904,0.25,SB,thick_like,,unmatched,,,
PGC1369734,PGC1369734,PGC_1369734,69.173851,9.764659,4.6,1.57,0.341304347826087,2.929936305732484,0.23,SB,thick_like,,unmatched,,,
PGC1635912,PGC1635912,PGC_1635912,69.419395,20.78754,4.92,1.63,0.3313008130081301,3.0184049079754605,0.18,SB,thick_like,,unmatched,,,
PGC1653789,PGC1653789,PGC_1653789,69.994942,21.620554,8.57,2.59,0.3022170361726954,3.308880308880309,0.24,SB,thick_like,,unmatched,,,
NED,NED,,70.384972,10.308872,7.14,1.13,0.1582633053221288,6.318584070796461,0.04,SD,intermediate,,unmatched,,,
IC02098,IC02098,IC_2098,72.684486,-5.418391,19.57,4.59,0.2345426673479816,4.263616557734205,0.08,SD,thick_like,,unmatched,,,
PGC1051745,PGC1051745,PGC_1051745,72.802917,-4.917959,6.93,1.59,0.2294372294372294,4.358490566037736,0.07,SD,thick_like,,unmatched,,,
PGC1067174,PGC1067174,PGC_1067174,73.112694,-3.762186,5.19,1.12,0.2157996146435452,4.633928571428571,0.09,SB,thick_like,,unmatched,,,
PGC1064844,PGC1064844,PGC_1064844,73.188049,-3.952737,6.48,1.6,0.2469135802469135,4.05,0.05,SD,thick_like,,unmatched,,,
PGC16322,PGC16322,PGC_16322,73.763855,-4.101718,20.7,3.42,0.1652173913043478,6.052631578947368,0.07,SB,intermediate,,unmatched,,,
NED,NED,,75.264153,-3.378802,4.58,0.85,0.185589519650655,5.388235294117648,0.05,SD,intermediate,,unmatched,,,
PGC90732,PGC90732,PGC_90732,75.696915,-2.285382,10.0,2.37,0.237,4.219409282700422,0.06,SD,thick_like,,unmatched,,,
PGC1095815,PGC1095815,PGC_1095815,75.798355,-2.304833,5.9,1.33,0.2254237288135593,4.43609022556391,0.08,SD,thick_like,,unmatched,,,
PGC2788602,PGC2788602,PGC_2788602,76.518219,84.047096,4.37,1.31,0.2997711670480549,3.33587786259542,0.13,SB,thick_like,,unmatched,,,
2MASXJ05114977-0224214,2MASXJ051149770224214,,77.95723,-2.406048,5.11,1.7,0.3326810176125244,3.005882352941177,0.09,SC,thick_like,,unmatched,,,
PGC90736,PGC90736,PGC_90736,78.247101,-5.142178,10.1,2.6,0.2574257425742574,3.884615384615384,0.08,SB,thick_like,,unmatched,,,
2MASXJ05134969-0028073,2MASXJ051349690028073,,78.457024,-0.468863,4.37,1.45,0.3318077803203661,3.013793103448276,0.12,SC,thick_like,,unmatched,,,
UGC03283,UGC03283,UGC_3283,79.44136,-1.186779,19.04,2.81,0.1475840336134453,6.775800711743772,0.06,SD,intermediate,,unmatched,,,
NED,NED,,79.475685,-2.366392,7.04,1.29,0.1832386363636363,5.457364341085271,0.05,SD,intermediate,,unmatched,,,
NED,NED,,79.985085,-1.430347,4.96,1.96,0.3951612903225806,2.5306122448979598,0.08,SC,thick_like,,unmatched,,,
PGC147401,PGC147401,PGC_147401,80.755577,0.089278,3.5,1.17,0.3342857142857142,2.9914529914529915,0.16,SB,thick_like,,unmatched,,,
NED,NED,,80.869675,16.437515,6.82,0.73,0.1070381231671554,9.342465753424658,0.04,SD,intermediate,,unmatched,,,
NED,NED,,81.736427,17.454496,4.71,0.81,0.1719745222929936,5.814814814814814,0.03,SD,intermediate,,unmatched,,,
2MFGC04500,2MFGC04500,,82.897018,1.415511,5.5,1.85,0.3363636363636363,2.972972972972973,0.11,SC,thick_like,,unmatched,,,
PGC147591,PGC147591,PGC_147591,83.031578,1.176492,10.0,2.54,0.254,3.937007874015748,0.08,SB,thick_like,,unmatched,,,
NED,NED,,84.078949,2.293672,4.72,1.21,0.2563559322033898,3.900826446280992,0.07,SC,thick_like,,unmatched,,,
UGC03324,UGC03324,UGC_3324,84.146423,63.58754,11.02,1.99,0.1805807622504537,5.537688442211056,0.05,SD,intermediate,,unmatched,,,
NED,NED,,84.907684,19.644489,6.8,0.61,0.0897058823529411,11.147540983606556,0.03,SD,thin_like,,unmatched,,,
PGC2653744,PGC2653744,PGC_2653744,85.123878,63.32803,4.91,1.89,0.3849287169042769,2.597883597883598,0.17,SC,thick_like,,unmatched,,,
NED,NED,,85.861389,2.651339,3.7,1.16,0.3135135135135135,3.1896551724137936,0.12,SB,thick_like,,unmatched,,,
PGC90747,PGC90747,PGC_90747,90.175484,46.115101,6.93,1.32,0.1904761904761905,5.249999999999999,0.05,SD,intermediate,,unmatched,,,
PGC18810,PGC18810,PGC_18810,94.859482,63.292835,6.51,2.45,0.3763440860215054,2.657142857142857,0.1,SC,thick_like,,unmatched,,,
PGC90752,PGC90752,PGC_90752,95.545403,46.556183,10.18,1.59,0.156188605108055,6.40251572327044,0.09,SB,intermediate,,unmatched,,,
NED,NED,,96.398796,64.546555,4.32,1.9,0.4398148148148147,2.273684210526316,0.16,SC,thick_like,,unmatched,,,
PGC1746515,PGC1746515,PGC_1746515,96.678703,25.703993,5.96,2.03,0.3406040268456375,2.9359605911330053,0.08,SC,thick_like,,unmatched,,,
PGC1782122,PGC1782122,PGC_1782122,98.838524,26.601648,3.75,1.74,0.464,2.155172413793104,0.33,SA,thick_like,,unmatched,,,
PGC19447,PGC19447,PGC_19447,100.372971,63.997688,12.1,2.25,0.1859504132231405,5.377777777777777,0.06,IR,intermediate,,unmatched,,,
NED,NED,,100.809509,64.20211,4.53,1.06,0.2339955849889624,4.273584905660377,0.07,SD,thick_like,,unmatched,,,
PGC2672679,PGC2672679,PGC_2672679,101.821304,64.900017,5.24,1.95,0.3721374045801526,2.6871794871794874,0.14,SB,thick_like,,unmatched,,,
NED,NED,,102.16407,11.834567,4.42,1.06,0.2398190045248869,4.169811320754716,0.09,SC,thick_like,,unmatched,,,
NED,NED,,102.183617,27.685005,4.64,1.32,0.2844827586206896,3.5151515151515147,0.08,SC,thick_like,,unmatched,,,
UGC03539,UGC03539,UGC_3539,102.223267,66.261459,11.19,3.55,0.3172475424486148,3.152112676056338,0.06,SB,thick_like,,unmatched,,,
UGC03573,UGC03573,UGC_3573,102.949631,27.481491,21.85,3.37,0.1542334096109839,6.483679525222552,0.22,SA,intermediate,,unmatched,,,
PGC3088280,PGC3088280,PGC_3088280,103.534065,37.029942,4.03,2.58,0.640198511166253,1.562015503875969,0.3,SC,thick_like,,unmatched,,,
PGC1405028,PGC1405028,PGC_1405028,103.544815,12.175985,7.63,1.88,0.2463958060288335,4.058510638297872,0.08,SC,thick_like,,unmatched,,,
NED,NED,,104.093842,28.46019,4.82,0.76,0.1576763485477178,6.342105263157895,0.07,SC,intermediate,,unmatched,,,
NED,NED,,104.75119,39.914265,3.64,1.02,0.2802197802197802,3.5686274509803924,0.18,SB,thick_like,,unmatched,,,
PGC1905470,PGC1905470,PGC_1905470,105.037102,30.479986,4.43,1.2,0.2708803611738149,3.6916666666666655,0.08,SC,thick_like,,unmatched,,,
NED,NED,,105.824585,13.463978,5.63,0.55,0.0976909413854351,10.236363636363636,0.04,SD,thin_like,,unmatched,,,
PGC90768,PGC90768,PGC_90768,105.859802,40.187695,7.34,2.16,0.2942779291553133,3.398148148148148,0.12,SD,thick_like,,unmatched,,,
UGC03682,UGC03682,UGC_3682,106.802818,14.179241,11.78,2.37,0.2011884550084889,4.970464135021096,0.05,SD,thick_like,,unmatched,,,
NED,NED,,107.484238,12.501364,4.72,0.81,0.1716101694915254,5.82716049382716,0.12,SB,intermediate,,unmatched,,,
NED,NED,,107.523033,12.263016,4.22,1.04,0.2464454976303317,4.057692307692308,0.11,SC,thick_like,,unmatched,,,
PGC1919384,PGC1919384,PGC_1919384,107.594467,30.818598,4.02,1.49,0.3706467661691542,2.697986577181208,0.29,SB,thick_like,,unmatched,,,
PGC93040,PGC93040,PGC_93040,107.603981,39.705769,6.92,1.78,0.2572254335260115,3.887640449438202,0.05,SD,thick_like,,unmatched,,,
PGC1411778,PGC1411778,PGC_1411778,108.501488,12.561154,6.63,2.16,0.3257918552036199,3.069444444444444,0.17,SA,thick_like,,unmatched,,,
NED,NED,,108.592575,30.227434,4.81,0.91,0.1891891891891892,5.285714285714285,0.08,SB,intermediate,,unmatched,,,
PGC2162091,PGC2162091,PGC_2162091,108.746811,40.193878,2.9,0.92,0.3172413793103448,3.152173913043478,0.09,SC,thick_like,,unmatched,,,
NED,NED,,108.85746,14.84362,3.41,0.98,0.2873900293255131,3.479591836734694,0.06,IR,thick_like,,unmatched,,,
PGC90774,PGC90774,PGC_90774,109.048683,31.749434,7.04,1.58,0.2244318181818182,4.455696202531645,0.06,SB,thick_like,,unmatched,,,
PGC90776,PGC90776,PGC_90776,109.173241,30.264318,7.9,1.57,0.1987341772151898,5.031847133757962,0.33,SA,intermediate,,unmatched,,,
PGC1894860,PGC1894860,PGC_1894860,109.503296,30.216223,5.34,1.66,0.3108614232209737,3.216867469879518,0.07,SD,thick_like,,unmatched,,,
PGC90779,PGC90779,PGC_90779,109.711769,13.524243,15.57,2.52,0.1618497109826589,6.178571428571429,0.04,IR,intermediate,,unmatched,,,
2MASXJ07190621+3939343,2MASXJ071906213939343,,109.775894,39.65971,4.48,1.87,0.4174107142857142,2.39572192513369,0.09,SC,thick_like,,unmatched,,,
NED,NED,,110.085815,32.405872,4.08,0.81,0.1985294117647059,5.037037037037037,0.05,SD,intermediate,,unmatched,,,
PGC90780,PGC90780,PGC_90780,110.726242,34.415073,8.27,1.56,0.18863361547763,5.301282051282051,0.21,SB,intermediate,,unmatched,,,
NED,NED,,110.842163,13.516239,4.5,1.31,0.2911111111111111,3.4351145038167936,0.06,SD,thick_like,,unmatched,,,
PGC2089516,PGC2089516,PGC_2089516,111.068565,36.927448,4.51,1.09,0.2416851441241685,4.137614678899082,0.15,SB,thick_like,,unmatched,,,
PGC2149912,PGC2149912,PGC_2149912,111.302452,39.446053,3.91,0.76,0.1943734015345268,5.144736842105264,0.09,SC,intermediate,,unmatched,,,
2MASXJ07260988+6712131,2MASXJ072609886712131,,111.541214,67.203659,5.24,0.83,0.1583969465648854,6.313253012048193,0.07,SD,intermediate,,unmatched,,,
SDSSJ072727.26+382220.3,SDSSJ072727263822203,,111.863609,38.372261,2.77,1.28,0.4620938628158845,2.1640625,0.09,SC,thick_like,,unmatched,,,
PGC2117877,PGC2117877,PGC_2117877,112.171852,38.102451,4.12,1.2,0.2912621359223301,3.4333333333333336,0.14,SC,thick_like,,unmatched,,,
PGC90783,PGC90783,PGC_90783,112.208191,28.388935,10.22,2.35,0.2299412915851272,4.348936170212766,0.06,SC,thick_like,,unmatched,,,
PGC2188543,PGC2188543,PGC_2188543,112.381897,41.885689,3.76,1.18,0.3138297872340425,3.1864406779661016,0.12,SB,thick_like,,unmatched,,,
NED,NED,,112.523514,26.114031,7.48,1.26,0.1684491978609625,5.936507936507937,0.05,SD,intermediate,,unmatched,,,
PGC2152531,PGC2152531,PGC_2152531,112.914078,39.595013,4.79,1.81,0.3778705636743215,2.646408839779005,0.09,SC,thick_like,,unmatched,,,
NED,NED,,113.009949,83.715286,8.78,1.09,0.1241457858769931,8.055045871559631,0.02,SD,intermediate,,unmatched,,,
SDSSJ073229.77+381106.7,SDSSJ073229773811067,,113.124092,38.185219,4.32,1.26,0.2916666666666666,3.428571428571429,0.07,SC,thick_like,,unmatched,,,
PGC2197825,PGC2197825,PGC_2197825,113.495804,42.38459,5.95,2.03,0.3411764705882352,2.931034482758621,0.19,SC,thick_like,,unmatched,,,
NED,NED,,113.582474,65.472786,3.2,0.53,0.165625,6.037735849056604,0.09,SD,intermediate,,unmatched,,,
PGC1620901,PGC1620901,PGC_1620901,113.70945,20.234261,4.08,1.77,0.4338235294117647,2.305084745762712,0.17,SC,thick_like,,unmatched,,,
PGC1612917,PGC1612917,PGC_1612917,113.798721,19.999689,6.99,1.71,0.2446351931330471,4.087719298245614,0.16,SA,thick_like,,unmatched,,,
UGC03908,UGC03908,UGC_3908,113.910683,66.415131,10.09,2.83,0.2804757185332012,3.5653710247349824,0.11,SB,thick_like,,unmatched,,,
PGC90785,PGC90785,PGC_90785,113.926315,41.913605,4.29,1.69,0.3939393939393939,2.5384615384615388,0.09,SC,thick_like,,unmatched,,,
IC02201,IC02201,IC_2201,114.07003,33.122711,9.66,3.57,0.3695652173913043,2.7058823529411766,0.44,SB,thick_like,,unmatched,,,
PGC90786,PGC90786,PGC_90786,114.080139,23.664156,4.86,1.56,0.3209876543209876,3.1153846153846154,0.09,SC,thick_like,,unmatched,,,
PGC1782580,PGC1782580,PGC_1782580,114.199654,26.61557,3.94,1.22,0.3096446700507614,3.2295081967213117,0.09,SB,thick_like,,unmatched,,,
PGC21439,PGC21439,PGC_21439,114.396645,66.332886,8.77,1.74,0.1984036488027366,5.040229885057471,0.06,SB,intermediate,,unmatched,,,
UGC03942,UGC03942,UGC_3942,114.446198,27.036489,11.22,3.34,0.2976827094474153,3.3592814371257487,0.39,SA,thick_like,,unmatched,,,
PGC90789,PGC90789,PGC_90789,114.452911,32.212975,7.26,2.57,0.3539944903581267,2.8249027237354087,0.09,SC,thick_like,,unmatched,,,
PGC2034510,PGC2034510,PGC_2034510,114.471062,33.554173,5.41,1.38,0.255083179297597,3.920289855072464,0.25,SB,thick_like,,unmatched,,,
SDSSJ073753.15+291401.2,SDSSJ073753152914012,,114.471481,29.233681,5.31,0.83,0.1563088512241054,6.397590361445783,0.06,SC,intermediate,,unmatched,,,
PGC2253270,PGC2253270,PGC_2253270,114.539162,44.842503,7.66,2.85,0.3720626631853786,2.687719298245614,0.23,SB,thick_like,,unmatched,,,
PGC1653184,PGC1653184,PGC_1653184,114.805672,21.589617,4.94,1.49,0.3016194331983805,3.3154362416107386,0.09,SC,thick_like,,unmatched,,,
NED,NED,,114.87075,33.33152,6.68,0.76,0.1137724550898203,8.789473684210526,0.04,SD,intermediate,,unmatched,,,
2MASXJ07400328+2837178,2MASXJ074003282837178,,115.013313,28.621567,4.61,1.51,0.3275488069414316,3.0529801324503314,0.06,IR,thick_like,,unmatched,,,
PGC2048734,PGC2048734,PGC_2048734,115.028717,34.409454,6.82,1.27,0.1862170087976539,5.3700787401574805,0.05,SD,intermediate,,unmatched,,,
SDSSJ074009.47+310944.8,SDSSJ074009473109448,,115.039444,31.16247,3.57,1.3,0.3641456582633053,2.7461538461538457,0.09,SC,thick_like,,unmatched,,,
NED,NED,,115.060532,31.082485,2.32,0.9,0.3879310344827587,2.577777777777777,0.08,SC,thick_like,,unmatched,,,
PGC2309597,PGC2309597,PGC_2309597,115.10482,48.053589,4.45,1.52,0.3415730337078652,2.9276315789473686,0.29,SB,thick_like,,unmatched,,,
UGC03951,UGC03951,UGC_3951,115.260048,66.898697,7.2,2.09,0.2902777777777777,3.444976076555024,0.24,SB,thick_like,,unmatched,,,
PGC2254949,PGC2254949,PGC_2254949,115.316292,44.916039,3.66,1.57,0.4289617486338797,2.3312101910828025,0.16,SC,thick_like,,unmatched,,,
PGC2105102,PGC2105102,PGC_2105102,115.442902,37.615234,6.12,1.77,0.2892156862745098,3.457627118644068,0.07,SC,thick_like,,unmatched,,,
PGC1902895,PGC1902895,PGC_1902895,115.545753,30.416325,5.19,1.66,0.3198458574181117,3.126506024096386,0.14,SC,thick_like,,unmatched,,,
PGC2259244,PGC2259244,PGC_2259244,115.757133,45.120777,5.52,2.47,0.4474637681159421,2.234817813765182,0.24,SA,thick_like,,unmatched,,,
PGC1819865,PGC1819865,PGC_1819865,115.803787,27.857592,3.17,1.34,0.4227129337539432,2.3656716417910446,0.22,SC,thick_like,,unmatched,,,
UGC03986,UGC03986,UGC_3986,115.8871,31.535257,10.77,2.02,0.1875580315691736,5.331683168316832,0.06,SB,intermediate,,unmatched,,,
PGC2331317,PGC2331317,PGC_2331317,115.920815,49.017731,4.18,1.52,0.3636363636363636,2.75,0.16,SC,thick_like,,unmatched,,,
NED,NED,,115.923164,17.147587,4.57,1.1,0.2407002188183807,4.154545454545454,0.06,SC,thick_like,,unmatched,,,
PGC2250592,PGC2250592,PGC_2250592,115.964127,44.723919,3.47,2.14,0.6167146974063401,1.6214953271028036,0.2,SC,thick_like,,unmatched,,,
SDSSJ074435.10+181939.5,SDSSJ074435101819395,,116.146271,18.32765,8.34,0.76,0.0911270983213429,10.973684210526317,0.05,SB,thin_like,,unmatched,,,
PGC1561073,PGC1561073,PGC_1561073,116.164978,18.490416,3.72,1.29,0.346774193548387,2.8837209302325584,0.2,SB,thick_like,,unmatched,,,
SDSSJ074452.08+133946.3,SDSSJ074452081339463,,116.217018,13.662868,7.31,1.17,0.1600547195622435,6.247863247863248,0.09,SB,intermediate,,unmatched,,,
2MASXJ07445440+4756160,2MASXJ074454404756160,,116.227043,47.937706,5.0,1.73,0.346,2.8901734104046244,0.14,SC,thick_like,,unmatched,,,
PGC2385713,PGC2385713,PGC_2385713,116.238373,50.957027,6.94,1.3,0.1873198847262247,5.338461538461538,0.12,SB,intermediate,,unmatched,,,
NED,NED,,116.25106,22.604368,3.34,1.02,0.3053892215568862,3.2745098039215685,0.19,SD,thick_like,,unmatched,,,
PGC90794,PGC90794,PGC_90794,116.269707,12.222691,11.3,1.78,0.1575221238938053,6.348314606741574,0.08,SB,intermediate,,unmatched,,,
PGC2175570,PGC2175570,PGC_2175570,116.320679,41.091156,3.78,1.2,0.3174603174603174,3.15,0.08,SC,thick_like,,unmatched,,,
PGC90793,PGC90793,PGC_90793,116.331093,33.942295,8.26,1.74,0.2106537530266344,4.747126436781609,0.12,SD,thick_like,,unmatched,,,
PGC1677335,PGC1677335,PGC_1677335,116.336891,22.858931,5.36,1.51,0.2817164179104477,3.549668874172186,0.31,SB,thick_like,,unmatched,,,
PGC2045032,PGC2045032,PGC_2045032,116.36586,34.173363,5.44,1.83,0.3363970588235294,2.9726775956284155,0.16,SC,thick_like,,unmatched,,,
PGC2177145,PGC2177145,PGC_2177145,116.400284,41.193817,3.87,2.17,0.5607235142118863,1.783410138248848,0.27,SB,thick_like,,unmatched,,,
SDSSJ074558.36+442155.7,SDSSJ074558364421557,,116.493172,44.365494,5.17,0.88,0.1702127659574468,5.875,0.05,SD,intermediate,,unmatched,,,
PGC2212139,PGC2212139,PGC_2212139,116.532639,43.062843,3.83,1.51,0.3942558746736292,2.5364238410596025,0.09,SC,thick_like,,unmatched,,,
SDSSJ074646.19+461901.7,SDSSJ074646194619017,,116.69249,46.317139,3.24,0.95,0.2932098765432098,3.410526315789474,0.09,SC,thick_like,,unmatched,,,
UGC04011,UGC04011,UGC_4011,116.757278,52.227558,8.75,2.62,0.2994285714285714,3.339694656488549,0.08,SD,thick_like,,unmatched,,,
NED,NED,,116.8312,65.593079,7.3,0.77,0.1054794520547945,9.48051948051948,0.04,SD,intermediate,,unmatched,,,
SDSSJ074722.16+310224.9,SDSSJ074722163102249,,116.842308,31.040237,4.14,1.27,0.3067632850241546,3.259842519685039,0.08,SC,thick_like,,unmatched,,,
PGC90795,PGC90795,PGC_90795,117.065971,28.715334,6.05,1.89,0.312396694214876,3.201058201058201,0.08,SC,thick_like,,unmatched,,,
2MASXJ07482177+1851040,2MASXJ074821771851040,,117.090584,18.851095,4.62,1.36,0.2943722943722944,3.397058823529412,0.06,SD,thick_like,,unmatched,,,
PGC1849241,PGC1849241,PGC_1849241,117.115723,28.892555,5.07,1.93,0.3806706114398421,2.626943005181348,0.32,SA,thick_like,,unmatched,,,
UGC04032,UGC04032,UGC_4032,117.145996,30.154161,9.53,2.86,0.3001049317943337,3.332167832167832,0.1,SD,thick_like,,unmatched,,,
PGC1860349,PGC1860349,PGC_1860349,117.192284,29.247915,5.34,2.11,0.395131086142322,2.530805687203792,0.13,SB,thick_like,,unmatched,,,
PGC1442348,PGC1442348,PGC_1442348,117.22451,13.853063,4.29,1.51,0.351981351981352,2.8410596026490067,0.12,SC,thick_like,,unmatched,,,
SDSSJ074936.67+280455.9,SDSSJ074936672804559,,117.402786,28.08218,3.11,1.11,0.3569131832797428,2.8018018018018016,0.11,SC,thick_like,,unmatched,,,
IC02207,IC02207,IC_2207,117.462051,33.962292,22.06,4.5,0.2039891205802357,4.902222222222222,0.21,SB,thick_like,,unmatched,,,
PGC90797,PGC90797,PGC_90797,117.52153,30.482136,8.29,1.2,0.1447527141133896,6.908333333333333,0.09,SB,intermediate,,unmatched,,,
2MASXJ07501819+3017430,2MASXJ075018193017430,,117.57563,30.295403,4.63,1.12,0.2419006479481641,4.133928571428571,0.06,SC,thick_like,,unmatched,,,
PGC1585809,PGC1585809,PGC_1585809,117.663231,19.255165,3.85,1.6,0.4155844155844156,2.40625,0.26,SB,thick_like,,unmatched,,,
PGC1794675,PGC1794675,PGC_1794675,117.676506,26.993475,6.28,1.51,0.2404458598726114,4.158940397350993,0.1,SD,thick_like,,unmatched,,,
PGC2219161,PGC2219161,PGC_2219161,117.681793,43.370995,4.98,1.89,0.3795180722891565,2.6349206349206358,0.08,SC,thick_like,,unmatched,,,
PGC1900121,PGC1900121,PGC_1900121,117.684601,30.346361,5.14,2.47,0.4805447470817121,2.080971659919028,0.19,SC,thick_like,,unmatched,,,
PGC2206546,PGC2206546,PGC_2206546,117.76416,42.803627,5.21,1.48,0.2840690978886756,3.52027027027027,0.1,SC,thick_like,,unmatched,,,
PGC2367559,PGC2367559,PGC_2367559,117.76442,50.255329,4.24,2.01,0.4740566037735848,2.109452736318408,0.4,SA,thick_like,,unmatched,,,
PGC2208853,PGC2208853,PGC_2208853,117.766243,42.915363,6.26,1.59,0.2539936102236422,3.937106918238993,0.33,SB,thick_like,,unmatched,,,
NED,NED,,117.809273,10.735017,5.9,1.4,0.2372881355932203,4.214285714285714,0.12,SC,thick_like,,unmatched,,,
PGC2195265,PGC2195265,PGC_2195265,117.934052,42.253456,4.63,2.38,0.5140388768898488,1.945378151260504,0.28,SA,thick_like,,unmatched,,,
2MASXJ07514451+1945037,2MASXJ075144511945037,,117.935501,19.750969,2.12,0.83,0.3915094339622641,2.55421686746988,0.12,SB,thick_like,,unmatched,,,
PGC2244794,PGC2244794,PGC_2244794,117.972878,44.457523,4.22,0.94,0.2227488151658767,4.48936170212766,0.07,SD,thick_like,,unmatched,,,
UGC04061,UGC04061,UGC_4061,117.982063,27.302944,7.1,2.03,0.2859154929577465,3.497536945812808,0.17,SB,thick_like,,unmatched,,,
PGC2356646,PGC2356646,PGC_2356646,117.996147,49.893944,5.39,1.88,0.3487940630797773,2.867021276595745,0.08,SC,thick_like,,unmatched,,,
PGC90799,PGC90799,PGC_90799,117.998421,17.757563,6.96,1.67,0.2399425287356321,4.167664670658683,0.05,SD,thick_like,,unmatched,,,
SDSSJ075203.14+455841.4,SDSSJ075203144558414,,118.013084,45.978188,5.13,1.0,0.1949317738791423,5.13,0.07,SD,intermediate,,unmatched,,,
PGC1405252,PGC1405252,PGC_1405252,118.029266,12.188923,4.43,1.4,0.3160270880361174,3.164285714285714,0.1,SC,thick_like,,unmatched,,,
PGC1956684,PGC1956684,PGC_1956684,118.051399,31.633656,3.44,1.34,0.3895348837209302,2.567164179104477,0.13,SC,thick_like,,unmatched,,,
PGC1718966,PGC1718966,PGC_1718966,118.082703,24.87892,4.86,1.54,0.3168724279835391,3.155844155844156,0.08,SD,thick_like,,unmatched,,,
UGC04062,UGC04062,UGC_4062,118.159828,50.401733,9.06,3.87,0.4271523178807946,2.3410852713178296,0.2,SB,thick_like,,unmatched,,,
PGC90800,PGC90800,PGC_90800,118.181282,24.122164,11.64,1.93,0.165807560137457,6.0310880829015545,0.1,SB,intermediate,,unmatched,,,
PGC2137576,PGC2137576,PGC_2137576,118.199692,38.831089,4.55,2.0,0.4395604395604395,2.275,0.24,SB,thick_like,,unmatched,,,
PGC2156222,PGC2156222,PGC_2156222,118.220276,39.82164,4.19,0.82,0.1957040572792362,5.109756097560976,0.06,SD,intermediate,,unmatched,,,
PGC1633098,PGC1633098,PGC_1633098,118.226669,20.662914,6.9,1.67,0.2420289855072463,4.131736526946108,0.06,SD,thick_like,,unmatched,,,
UGC04068,UGC04068,UGC_4068,118.238426,40.173927,13.52,2.88,0.2130177514792899,4.694444444444445,0.06,SB,thick_like,,unmatched,,,
SDSSJ075303.60+361847.9,SDSSJ075303603618479,,118.265015,36.313351,6.32,0.71,0.1123417721518987,8.901408450704226,0.04,SD,intermediate,,unmatched,,,
PGC2412854,PGC2412854,PGC_2412854,118.282867,52.352135,4.48,1.63,0.3638392857142856,2.748466257668712,0.22,SB,thick_like,,unmatched,,,
PGC2683698,PGC2683698,PGC_2683698,118.295326,66.104233,7.64,2.35,0.3075916230366492,3.251063829787234,0.2,SA,thick_like,,unmatched,,,
PGC1419942,PGC1419942,PGC_1419942,118.304375,12.969979,4.72,1.68,0.3559322033898305,2.8095238095238093,0.1,SC,thick_like,,unmatched,,,
PGC213431,PGC213431,PGC_213431,118.365028,14.671131,4.91,1.45,0.295315682281059,3.3862068965517245,0.06,SC,thick_like,,unmatched,,,
2MASXJ07533994+2934141,2MASXJ075339942934141,,118.416237,29.5709,4.88,1.2,0.2459016393442623,4.066666666666666,0.08,SC,thick_like,,unmatched,,,
PGC90801,PGC90801,PGC_90801,118.439308,39.782681,13.48,2.41,0.1787833827893175,5.593360995850622,0.05,SD,intermediate,,unmatched,,,
PGC1794589,PGC1794589,PGC_1794589,118.459648,26.991106,4.58,1.45,0.316593886462882,3.1586206896551725,0.15,SC,thick_like,,unmatched,,,
PGC2410202,PGC2410202,PGC_2410202,118.475166,52.244427,4.58,1.79,0.3908296943231441,2.558659217877095,0.09,SC,thick_like,,unmatched,,,
PGC2303465,PGC2303465,PGC_2303465,118.485077,47.736305,6.06,1.0,0.165016501650165,6.06,0.1,SB,intermediate,,unmatched,,,
PGC2140027,PGC2140027,PGC_2140027,118.508125,38.937,3.75,2.5,0.6666666666666666,1.5,0.19,SC,thick_like,,unmatched,,,
SDSSJ075412.99+214729.1,SDSSJ075412992147291,,118.554382,21.792149,6.38,1.97,0.3087774294670846,3.238578680203046,0.06,SC,thick_like,,unmatched,,,
SDSSJ075413.83+280800.7,SDSSJ075413832808007,,118.557587,28.133867,3.37,1.03,0.3056379821958457,3.271844660194174,0.07,SD,thick_like,,unmatched,,,
PGC90803,PGC90803,PGC_90803,118.584938,32.774624,14.66,1.95,0.1330150068212824,7.517948717948718,0.05,SD,intermediate,,unmatched,,,
PGC213433,PGC213433,PGC_213433,118.622261,16.15099,5.39,2.33,0.4322820037105752,2.313304721030043,0.07,SC,thick_like,,unmatched,,,
PGC2434293,PGC2434293,PGC_2434293,118.703201,53.195297,9.23,1.33,0.1440953412784398,6.93984962406015,0.09,SD,intermediate,,unmatched,,,
PGC92891,PGC92891,PGC_92891,118.764465,18.95647,7.38,1.23,0.1666666666666666,6.0,0.07,SD,intermediate,,unmatched,,,
2MASXJ07550376+1350341,2MASXJ075503761350341,,118.765709,13.842862,7.58,1.63,0.2150395778364116,4.650306748466258,0.07,SD,thick_like,,unmatched,,,
PGC90804,PGC90804,PGC_90804,118.778099,42.957863,9.3,2.0,0.2150537634408602,4.65,0.08,SD,thick_like,,unmatched,,,
2MASXJ07551103+4618006,2MASXJ075511034618006,,118.797066,46.300056,8.42,1.66,0.1971496437054631,5.072289156626506,0.06,SD,intermediate,,unmatched,,,
IC00480,IC00480,IC_480,118.846619,26.742733,15.47,4.57,0.2954104718810601,3.385120350109409,0.06,SD,thick_like,,unmatched,,,
PGC2234838,PGC2234838,PGC_2234838,118.863808,44.029343,4.99,1.06,0.2124248496993988,4.7075471698113205,0.22,SB,thick_like,,unmatched,,,
PGC3087167,PGC3087167,PGC_3087167,118.872398,52.010521,4.17,1.71,0.4100719424460431,2.43859649122807,0.17,SC,thick_like,,unmatched,,,
PGC1410060,PGC1410060,PGC_1410060,118.894676,12.466821,4.67,1.6,0.3426124197002141,2.91875,0.08,SC,thick_like,,unmatched,,,
PGC90807,PGC90807,PGC_90807,118.918579,28.742649,5.82,1.84,0.3161512027491409,3.1630434782608696,0.07,SD,thick_like,,unmatched,,,
2MASXJ07554461+2640172,2MASXJ075544612640172,,118.935982,26.671633,3.3,1.09,0.3303030303030303,3.027522935779816,0.16,SB,thick_like,,unmatched,,,
PGC1657432,PGC1657432,PGC_1657432,119.005325,21.796143,3.71,1.6,0.431266846361186,2.31875,0.12,SC,thick_like,,unmatched,,,
SDSSJ075653.94+153434.3,SDSSJ075653941534343,,119.22477,15.576217,4.89,0.92,0.1881390593047035,5.315217391304348,0.05,SD,intermediate,,unmatched,,,
PGC2415258,PGC2415258,PGC_2415258,119.236298,52.449089,4.61,1.46,0.316702819956616,3.157534246575343,0.08,SB,thick_like,,unmatched,,,
NED,NED,,119.366646,35.720509,9.4,1.71,0.1819148936170212,5.497076023391813,0.05,SD,intermediate,,unmatched,,,
PGC2130869,PGC2130869,PGC_2130869,119.36702,38.578548,4.59,1.43,0.3115468409586057,3.20979020979021,0.09,SC,thick_like,,unmatched,,,
PGC2281901,PGC2281901,PGC_2281901,119.370354,46.478672,3.63,1.52,0.418732782369146,2.388157894736842,0.09,SC,thick_like,,unmatched,,,
SDSSJ075735.27+322056.6,SDSSJ075735273220566,,119.397041,32.349068,5.49,1.33,0.2422586520947176,4.12781954887218,0.06,SD,thick_like,,unmatched,,,
PGC22311,PGC22311,PGC_22311,119.432533,46.493652,5.45,2.03,0.3724770642201834,2.6847290640394093,0.13,SB,thick_like,,unmatched,,,
PGC93041,PGC93041,PGC_93041,119.441452,32.576206,8.87,1.69,0.1905298759864712,5.248520710059172,0.07,IR,intermediate,,unmatched,,,
PGC1304688,PGC1304688,PGC_1304688,119.479973,6.640343,5.67,1.24,0.218694885361552,4.57258064516129,0.06,SD,thick_like,,unmatched,,,
NED,NED,,119.500229,17.902885,13.58,0.6,0.0441826215022091,22.633333333333333,0.03,SD,thin_like,,unmatched,,,
PGC1807297,PGC1807297,PGC_1807297,119.527847,27.411179,4.28,1.56,0.3644859813084112,2.743589743589744,0.11,SC,thick_like,,unmatched,,,
PGC1375005,PGC1375005,PGC_1375005,119.555054,10.129247,4.18,0.94,0.2248803827751196,4.446808510638298,0.1,SC,thick_like,,unmatched,,,
PGC1480773,PGC1480773,PGC_1480773,119.678207,15.295483,4.73,2.11,0.4460887949260042,2.241706161137441,0.25,SB,thick_like,,unmatched,,,
PGC22379,PGC22379,PGC_22379,119.807587,22.817808,6.47,2.83,0.437403400309119,2.2862190812720846,0.14,SB,thick_like,,unmatched,,,
NED,NED,,119.864166,7.442222,6.87,2.32,0.3377001455604075,2.961206896551724,0.09,SA,thick_like,,unmatched,,,
PGC22405,PGC22405,PGC_22405,119.936127,45.366085,5.97,2.99,0.5008375209380235,1.9966555183946488,0.43,SA,thick_like,,unmatched,,,
PGC1867152,PGC1867152,PGC_1867152,119.974838,29.465265,4.28,1.59,0.3714953271028037,2.691823899371069,0.21,SB,thick_like,,unmatched,,,
UGC04136,UGC04136,UGC_4136,119.976822,47.413128,12.55,4.1,0.3266932270916334,3.060975609756098,0.39,SA,thick_like,,unmatched,,,
PGC2086724,PGC2086724,PGC_2086724,120.042328,36.773663,4.7,2.27,0.4829787234042553,2.070484581497797,0.12,SC,thick_like,,unmatched,,,
PGC1463499,PGC1463499,PGC_1463499,120.071609,14.649723,6.4,1.8,0.28125,3.555555555555556,0.08,SD,thick_like,,unmatched,,,
PGC1467057,PGC1467057,PGC_1467057,120.08847,14.781837,7.92,1.93,0.2436868686868686,4.103626943005182,0.22,SB,thick_like,,unmatched,,,
2MASXJ08002385+3903424,2MASXJ080023853903424,,120.099533,39.061729,5.08,1.51,0.2972440944881889,3.3642384105960264,0.26,SB,thick_like,,unmatched,,,
SDSSJ080029.34+105923.0,SDSSJ080029341059230,,120.122292,10.989742,4.44,0.75,0.1689189189189189,5.920000000000001,0.06,SD,intermediate,,unmatched,,,
PGC90815,PGC90815,PGC_90815,120.195908,8.6389,7.76,2.2,0.2835051546391753,3.527272727272727,0.06,SD,thick_like,,unmatched,,,
PGC22470,PGC22470,PGC_22470,120.208946,22.90143,4.79,2.48,0.5177453027139874,1.9314516129032255,0.11,SC,thick_like,,unmatched,,,
NED,NED,,120.221832,66.45015,8.19,1.51,0.1843711843711843,5.4238410596026485,0.04,SD,intermediate,,unmatched,,,
PGC90814,PGC90814,PGC_90814,120.232658,29.922611,5.54,1.29,0.2328519855595668,4.294573643410852,0.08,SB,thick_like,,unmatched,,,
PGC165497,PGC165497,PGC_165497,120.249611,16.670626,6.59,1.69,0.2564491654021244,3.899408284023669,0.27,SB,thick_like,,unmatched,,,
PGC22492,PGC22492,PGC_22492,120.315193,32.848911,8.8,3.39,0.3852272727272727,2.595870206489676,0.31,SB,thick_like,,unmatched,,,
PGC1281265,PGC1281265,PGC_1281265,120.352463,5.304556,3.01,1.29,0.4285714285714286,2.333333333333333,0.27,SB,thick_like,,unmatched,,,
SDSSJ080127.30+260522.1,SDSSJ080127302605221,,120.363762,26.089483,3.56,0.92,0.2584269662921348,3.869565217391304,0.08,SC,thick_like,,unmatched,,,
PGC1371275,PGC1371275,PGC_1371275,120.400963,9.875236,10.51,2.8,0.2664129400570885,3.753571428571429,0.11,SB,thick_like,,unmatched,,,
PGC2498193,PGC2498193,PGC_2498193,120.401535,55.327538,5.99,1.84,0.3071786310517529,3.255434782608696,0.24,SB,thick_like,,unmatched,,,
NED,NED,,120.425056,13.348957,5.11,0.76,0.1487279843444227,6.723684210526316,0.06,SD,intermediate,,unmatched,,,
PGC1765634,PGC1765634,PGC_1765634,120.675087,26.171206,4.62,1.43,0.3095238095238095,3.230769230769231,0.06,SC,thick_like,,unmatched,,,
PGC22598,PGC22598,PGC_22598,120.757233,16.331686,4.87,2.57,0.5277207392197125,1.8949416342412453,0.25,SC,thick_like,,unmatched,,,
PGC1714187,PGC1714187,PGC_1714187,120.763077,24.705812,3.9,1.52,0.3897435897435897,2.5657894736842106,0.11,SC,thick_like,,unmatched,,,
PGC2161995,PGC2161995,PGC_2161995,120.783272,40.188141,3.78,1.45,0.3835978835978836,2.606896551724138,0.14,SC,thick_like,,unmatched,,,
PGC2045203,PGC2045203,PGC_2045203,120.886734,34.185455,4.7,1.05,0.2234042553191489,4.476190476190476,0.07,SD,thick_like,,unmatched,,,
PGC1311511,PGC1311511,PGC_1311511,120.919556,6.987351,5.36,1.88,0.3507462686567164,2.8510638297872344,0.14,SC,thick_like,,unmatched,,,
PGC1317452,PGC1317452,PGC_1317452,120.933235,7.258363,6.21,2.3,0.3703703703703703,2.7,0.05,SC,thick_like,,unmatched,,,
PGC22620,PGC22620,PGC_22620,120.940231,15.239733,4.87,1.84,0.37782340862423,2.6467391304347827,0.42,SA,thick_like,,unmatched,,,
PGC2081591,PGC2081591,PGC_2081591,120.989609,36.493809,5.07,0.95,0.1873767258382642,5.336842105263158,0.11,SB,intermediate,,unmatched,,,
2MASXJ08040355+3419569,2MASXJ080403553419569,,121.014938,34.332554,5.25,1.07,0.2038095238095238,4.906542056074766,0.07,SD,thick_like,,unmatched,,,
PGC90816,PGC90816,PGC_90816,121.067528,43.639172,8.93,1.49,0.1668533034714446,5.993288590604027,0.05,SD,intermediate,,unmatched,,,
UGC04078,UGC04078,UGC_4078,121.102631,84.641258,16.53,5.88,0.3557168784029038,2.8112244897959187,0.14,SC,thick_like,,unmatched,,,
PGC22666,PGC22666,PGC_22666,121.104012,29.506668,7.06,4.12,0.5835694050991502,1.7135922330097086,0.55,SA,thick_like,,unmatched,,,
PGC90817,PGC90817,PGC_90817,121.146286,35.99778,7.66,1.77,0.2310704960835509,4.327683615819209,0.06,SD,thick_like,,unmatched,,,
SDSSJ080448.45+164416.7,SDSSJ080448451644167,,121.201881,16.737988,6.47,1.05,0.1622874806800618,6.161904761904761,0.06,SD,intermediate,,unmatched,,,
PGC1524336,PGC1524336,PGC_1524336,121.232101,17.087757,4.88,0.93,0.1905737704918033,5.247311827956989,0.06,SD,intermediate,,unmatched,,,
PGC2219943,PGC2219943,PGC_2219943,121.279518,43.403042,3.43,1.37,0.3994169096209912,2.503649635036496,0.12,SC,thick_like,,unmatched,,,
PGC2427646,PGC2427646,PGC_2427646,121.337891,52.939396,5.13,1.22,0.2378167641325536,4.204918032786885,0.2,SB,thick_like,,unmatched,,,
2MASXJ08052771+2447426,2MASXJ080527712447426,,121.365593,24.795309,4.69,1.49,0.3176972281449893,3.14765100671141,0.1,SC,thick_like,,unmatched,,,
2MASXJ08052900+2810417,2MASXJ080529002810417,,121.37085,28.17824,3.65,1.24,0.3397260273972602,2.943548387096774,0.1,SC,thick_like,,unmatched,,,
PGC1678169,PGC1678169,PGC_1678169,121.447273,22.909683,5.96,1.89,0.3171140939597315,3.153439153439153,0.25,SB,thick_like,,unmatched,,,
PGC1344399,PGC1344399,PGC_1344399,121.448006,8.319342,4.66,1.14,0.2446351931330471,4.087719298245615,0.08,SD,thick_like,,unmatched,,,
UGC04217,UGC04217,UGC_4217,121.458565,6.084773,8.91,3.51,0.3939393939393939,2.5384615384615388,0.27,SC,thick_like,,unmatched,,,
NGC02522,NGC02522,NGC_2522,121.556007,17.706583,11.68,6.82,0.5839041095890412,1.7126099706744866,0.57,SB,thick_like,,unmatched,,,
PGC90819,PGC90819,PGC_90819,121.5709,54.494568,8.16,1.75,0.2144607843137254,4.662857142857143,0.12,SD,thick_like,,unmatched,,,
PGC1357743,PGC1357743,PGC_1357743,121.57299,9.001118,5.57,1.87,0.3357271095152603,2.978609625668449,0.41,SB,thick_like,,unmatched,,,
UGC04206,UGC04206,UGC_4206,121.65963,67.048569,8.97,2.84,0.3166109253065774,3.1584507042253525,0.25,SB,thick_like,,unmatched,,,
PGC1024506,PGC1024506,PGC_1024506,121.668251,-7.09282,4.16,1.47,0.3533653846153846,2.829931972789116,0.17,SB,thick_like,,unmatched,,,
PGC1023417,PGC1023417,PGC_1023417,121.751862,-7.169473,6.07,1.75,0.2883031301482702,3.468571428571429,0.16,SC,thick_like,,unmatched,,,
PGC22811,PGC22811,PGC_22811,121.894028,5.758718,4.65,2.8,0.6021505376344085,1.660714285714286,0.37,SA,thick_like,,unmatched,,,
PGC92893,PGC92893,PGC_92893,121.907516,23.858091,7.32,1.19,0.1625683060109289,6.151260504201681,0.05,SD,intermediate,,unmatched,,,
PGC1144368,PGC1144368,PGC_1144368,121.945564,-0.396862,4.1,1.48,0.3609756097560976,2.77027027027027,0.18,SC,thick_like,,unmatched,,,
PGC2495598,PGC2495598,PGC_2495598,122.001938,55.249004,6.54,1.45,0.2217125382262997,4.510344827586208,0.04,SD,thick_like,,unmatched,,,
SDSSJ080802.73+054710.6,SDSSJ080802730547106,,122.01136,5.786273,4.32,0.67,0.1550925925925926,6.447761194029851,0.06,SD,intermediate,,unmatched,,,
2MASXJ08082479+4622025,2MASXJ080824794622025,,122.103363,46.367493,5.36,1.88,0.3507462686567164,2.8510638297872344,0.08,SC,thick_like,,unmatched,,,
PGC1773705,PGC1773705,PGC_1773705,122.115486,26.372559,3.62,1.58,0.43646408839779,2.291139240506329,0.11,SC,thick_like,,unmatched,,,
NED,NED,,122.184364,13.769568,3.84,0.85,0.2213541666666666,4.517647058823529,0.05,SD,thick_like,,unmatched,,,
PGC2297357,PGC2297357,PGC_2297357,122.202347,47.392776,4.42,1.67,0.3778280542986425,2.6467065868263475,0.13,SC,thick_like,,unmatched,,,
UGC04247,UGC04247,UGC_4247,122.264297,16.676071,11.88,2.06,0.1734006734006734,5.766990291262136,0.04,SD,intermediate,,unmatched,,,
PGC1287430,PGC1287430,PGC_1287430,122.287727,5.686198,6.34,1.71,0.2697160883280757,3.707602339181287,0.27,SB,thick_like,,unmatched,,,
NED,NED,,122.351494,6.87562,4.3,0.75,0.1744186046511628,5.733333333333333,0.04,SD,intermediate,,unmatched,,,
PGC1214424,PGC1214424,PGC_1214424,122.373352,2.051239,5.54,2.4,0.4332129963898917,2.3083333333333336,0.26,SC,thick_like,,unmatched,,,
PGC2258641,PGC2258641,PGC_2258641,122.403549,45.090065,5.38,2.2,0.4089219330855019,2.4454545454545453,0.14,SC,thick_like,,unmatched,,,
PGC1614960,PGC1614960,PGC_1614960,122.441086,20.060705,5.52,1.81,0.3278985507246377,3.049723756906077,0.08,SC,thick_like,,unmatched,,,
PGC92894,PGC92894,PGC_92894,122.472969,29.284712,7.05,0.92,0.1304964539007092,7.663043478260869,0.04,SB,intermediate,,unmatched,,,
SDSSJ081017.64+392814.2,SDSSJ081017643928142,,122.57328,39.470444,4.69,1.19,0.253731343283582,3.941176470588236,0.09,SD,thick_like,,unmatched,,,
PGC1324730,PGC1324730,PGC_1324730,122.707733,7.55169,3.48,1.15,0.3304597701149425,3.0260869565217394,0.07,IR,thick_like,,unmatched,,,
PGC2299663,PGC2299663,PGC_2299663,122.718819,47.519909,4.7,1.23,0.2617021276595744,3.821138211382114,0.16,SB,thick_like,,unmatched,,,
SDSSJ081101.92+550741.1,SDSSJ081101925507411,,122.758064,55.128098,6.34,1.02,0.1608832807570978,6.215686274509804,0.04,SB,intermediate,,unmatched,,,
PGC90826,PGC90826,PGC_90826,122.767342,49.583572,6.93,1.22,0.176046176046176,5.6803278688524586,0.08,SB,intermediate,,unmatched,,,
PGC90828,PGC90828,PGC_90828,122.805367,39.638279,6.35,1.88,0.2960629921259842,3.377659574468085,0.1,SD,thick_like,,unmatched,,,
PGC2157009,PGC2157009,PGC_2157009,122.866776,39.872696,4.78,1.58,0.3305439330543933,3.0253164556962027,0.17,SB,thick_like,,unmatched,,,
PGC2103444,PGC2103444,PGC_2103444,122.886299,37.547844,3.8,1.91,0.5026315789473684,1.9895287958115184,0.09,SC,thick_like,,unmatched,,,
PGC1602822,PGC1602822,PGC_1602822,122.902161,19.714437,9.23,1.3,0.1408450704225352,7.1,0.04,SD,intermediate,,unmatched,,,
SDSSJ081139.61+162323.3,SDSSJ081139611623233,,122.915047,16.389807,7.05,1.38,0.1957446808510638,5.108695652173913,0.17,SA,intermediate,,unmatched,,,
PGC22975,PGC22975,PGC_22975,122.928284,26.320908,3.49,1.69,0.484240687679083,2.06508875739645,0.11,SC,thick_like,,unmatched,,,
PGC2567068,PGC2567068,PGC_2567068,122.986084,57.517105,4.58,1.55,0.3384279475982533,2.954838709677419,0.08,SC,thick_like,,unmatched,,,
PGC2351850,PGC2351850,PGC_2351850,122.993767,49.736546,4.71,1.86,0.3949044585987261,2.532258064516129,0.2,SB,thick_like,,unmatched,,,
2MASXJ08121087+0636069,2MASXJ081210870636069,,123.045326,6.601958,4.91,1.04,0.2118126272912423,4.721153846153846,0.09,SC,thick_like,,unmatched,,,
SDSSJ081237.75+581127.8,SDSSJ081237755811278,,123.15731,58.191078,6.53,1.67,0.2557427258805513,3.9101796407185634,0.05,SC,thick_like,,unmatched,,,
PGC1346409,PGC1346409,PGC_1346409,123.230064,8.417894,6.44,1.14,0.1770186335403726,5.6491228070175445,0.08,SD,intermediate,,unmatched,,,
2MASXJ08130329+2541344,2MASXJ081303292541344,,123.263321,25.692726,7.08,1.21,0.1709039548022598,5.851239669421488,0.09,SB,intermediate,,unmatched,,,
PGC23033,PGC23033,PGC_23033,123.265388,24.566946,8.52,1.93,0.2265258215962441,4.414507772020725,0.18,SB,thick_like,,unmatched,,,
PGC1522719,PGC1522719,PGC_1522719,123.301407,17.023987,4.5,1.74,0.3866666666666666,2.586206896551724,0.35,SB,thick_like,,unmatched,,,
PGC23044,PGC23044,PGC_23044,123.32634,34.93251,7.53,4.25,0.5644090305444887,1.771764705882353,0.59,SA,thick_like,,unmatched,,,
PGC2517882,PGC2517882,PGC_2517882,123.339622,55.885277,5.44,1.62,0.2977941176470588,3.3580246913580245,0.4,SA,thick_like,,unmatched,,,
PGC23046,PGC23046,PGC_23046,123.356064,31.945614,8.98,2.02,0.2249443207126948,4.445544554455446,0.07,SD,thick_like,,unmatched,,,
SDSSJ081327.96+363302.8,SDSSJ081327963633028,,123.366508,36.550781,5.15,0.87,0.1689320388349514,5.919540229885058,0.07,SD,intermediate,,unmatched,,,
PGC1159318,PGC1159318,PGC_1159318,123.370514,0.188133,6.67,1.13,0.169415292353823,5.902654867256637,0.06,SB,intermediate,,unmatched,,,
PGC2281777,PGC2281777,PGC_2281777,123.371918,46.470249,3.68,1.58,0.4293478260869565,2.329113924050633,0.11,SA,thick_like,,unmatched,,,
PGC2463793,PGC2463793,PGC_2463793,123.432053,54.240376,7.46,1.84,0.2466487935656836,4.054347826086956,0.18,SB,thick_like,,unmatched,,,
PGC1255162,PGC1255162,PGC_1255162,123.444435,3.593017,3.28,1.28,0.3902439024390244,2.5625,0.12,SC,thick_like,,unmatched,,,
PGC2577679,PGC2577679,PGC_2577679,123.474953,58.354061,3.4,1.76,0.5176470588235295,1.9318181818181817,0.4,SA,thick_like,,unmatched,,,
IC02233,IC02233,IC_2233,123.495461,45.742138,51.12,7.78,0.1521909233176838,6.570694087403599,0.06,IR,intermediate,,unmatched,,,
SDSSJ081400.14+250131.7,SDSSJ081400142501317,,123.500587,25.025442,5.66,2.01,0.3551236749116607,2.8159203980099505,0.07,SC,thick_like,,unmatched,,,
NED,NED,,123.516891,-5.663724,3.27,1.37,0.418960244648318,2.386861313868613,0.12,SC,thick_like,,unmatched,,,
PGC1380692,PGC1380692,PGC_1380692,123.538597,10.521352,4.17,1.26,0.302158273381295,3.3095238095238093,0.09,SC,thick_like,,unmatched,,,
PGC90830,PGC90830,PGC_90830,123.541351,57.411945,7.25,1.72,0.2372413793103448,4.215116279069767,0.06,SD,thick_like,,unmatched,,,
PGC90833,PGC90833,PGC_90833,123.571091,40.747166,10.28,1.67,0.1624513618677042,6.155688622754491,0.05,SD,intermediate,,unmatched,,,
PGC1577144,PGC1577144,PGC_1577144,123.628113,18.99691,5.57,0.9,0.1615798922800718,6.188888888888889,0.05,SD,intermediate,,unmatched,,,
PGC1239043,PGC1239043,PGC_1239043,123.707512,2.848429,5.89,1.6,0.2716468590831918,3.68125,0.33,SA,thick_like,,unmatched,,,
PGC2496366,PGC2496366,PGC_2496366,123.74353,55.272068,6.16,1.83,0.2970779220779221,3.3661202185792347,0.25,SB,thick_like,,unmatched,,,
PGC1413439,PGC1413439,PGC_1413439,123.78141,12.644879,5.84,1.42,0.2431506849315068,4.112676056338028,0.15,SB,thick_like,,unmatched,,,
UGC04296,UGC04296,UGC_4296,123.871101,8.345252,6.07,2.69,0.443163097199341,2.2565055762081787,0.06,SB,thick_like,,unmatched,,,
PGC1156749,PGC1156749,PGC_1156749,123.924484,0.087369,4.09,1.87,0.4572127139364303,2.1871657754010694,0.17,SD,thick_like,,unmatched,,,
PGC1010717,PGC1010717,PGC_1010717,123.999077,-7.934879,2.85,1.63,0.5719298245614034,1.7484662576687118,0.32,SA,thick_like,,unmatched,,,
PGC2273446,PGC2273446,PGC_2273446,124.01004,45.981541,6.33,1.46,0.2306477093206951,4.335616438356165,0.27,SB,thick_like,,unmatched,,,
SDSSJ081609.03+252028.8,SDSSJ081609032520288,,124.037636,25.341362,4.63,1.18,0.2548596112311015,3.923728813559322,0.09,SB,thick_like,,unmatched,,,
2MASXJ08162362+2222588,2MASXJ081623622222588,,124.098495,22.383059,6.98,1.54,0.2206303724928366,4.532467532467533,0.08,SB,thick_like,,unmatched,,,
UGC04304,UGC04304,UGC_4304,124.117813,23.810823,9.94,6.55,0.6589537223340041,1.5175572519083969,0.51,SA,thick_like,,unmatched,,,
PGC1451574,PGC1451574,PGC_1451574,124.283104,14.191446,5.14,2.17,0.4221789883268482,2.368663594470046,0.1,SC,thick_like,,unmatched,,,
PGC90835,PGC90835,PGC_90835,124.288643,56.047123,6.87,1.37,0.1994177583697234,5.014598540145985,0.05,SB,intermediate,,unmatched,,,
PGC2551424,PGC2551424,PGC_2551424,124.316299,56.905182,7.85,2.31,0.2942675159235669,3.398268398268398,0.24,SB,thick_like,,unmatched,,,
NED,NED,,124.384415,39.608063,4.18,0.9,0.215311004784689,4.644444444444444,0.06,SD,thick_like,,unmatched,,,
PGC90839,PGC90839,PGC_90839,124.428604,-6.476481,4.77,1.54,0.3228511530398323,3.097402597402597,0.09,SC,thick_like,,unmatched,,,
PGC1209226,PGC1209226,PGC_1209226,124.440666,1.889737,5.01,1.3,0.2594810379241517,3.8538461538461535,0.07,SD,thick_like,,unmatched,,,
NED,NED,,124.472031,48.645153,5.38,0.94,0.174721189591078,5.723404255319149,0.04,SD,intermediate,,unmatched,,,
SDSSJ081757.69+374510.6,SDSSJ081757693745106,,124.490379,37.753017,3.15,1.09,0.3460317460317461,2.8899082568807337,0.08,SC,thick_like,,unmatched,,,
PGC23265,PGC23265,PGC_23265,124.504128,59.141556,8.33,1.5,0.1800720288115246,5.553333333333334,0.02,SB,intermediate,,unmatched,,,
IC02269,IC02269,IC_2269,124.536507,23.047579,6.79,2.46,0.3622974963181148,2.7601626016260163,0.29,SB,thick_like,,unmatched,,,
PGC2095167,PGC2095167,PGC_2095167,124.545891,37.204056,4.51,1.26,0.2793791574279379,3.579365079365079,0.11,SC,thick_like,,unmatched,,,
PGC2185748,PGC2185748,PGC_2185748,124.572617,41.721794,5.27,2.13,0.4041745730550284,2.4741784037558685,0.24,SB,thick_like,,unmatched,,,
PGC1400542,PGC1400542,PGC_1400542,124.580856,11.897483,3.78,1.78,0.4708994708994709,2.1235955056179776,0.26,SB,thick_like,,unmatched,,,
UGC04321,UGC04321,UGC_4321,124.591042,11.626508,12.56,3.15,0.250796178343949,3.987301587301588,0.28,SB,thick_like,,unmatched,,,
PGC2216097,PGC2216097,PGC_2216097,124.634216,43.238411,3.35,1.57,0.4686567164179104,2.13375796178344,0.13,SC,thick_like,,unmatched,,,
SDSSJ081838.86+444510.7,SDSSJ081838864445107,,124.661919,44.752975,8.35,0.65,0.0778443113772455,12.846153846153843,0.04,SD,thin_like,,unmatched,,,
PGC2542436,PGC2542436,PGC_2542436,124.663979,56.618279,4.3,2.1,0.4883720930232558,2.0476190476190474,0.13,SC,thick_like,,unmatched,,,
PGC2334185,PGC2334185,PGC_2334185,124.711723,49.125736,4.44,1.22,0.2747747747747747,3.6393442622950825,0.12,SB,thick_like,,unmatched,,,
2MASXJ08185276+4726555,2MASXJ081852764726555,,124.720062,47.448654,8.02,1.04,0.1296758104738154,7.711538461538461,0.05,SB,intermediate,,unmatched,,,
PGC1161974,PGC1161974,PGC_1161974,124.722649,0.28729,8.8,2.0,0.2272727272727272,4.4,0.34,SA,thick_like,,unmatched,,,
NGC02549,NGC02549,NGC_2549,124.743141,57.803066,27.48,17.72,0.6448326055312954,1.5507900677200903,0.52,SB,thick_like,,unmatched,,,
PGC1510585,PGC1510585,PGC_1510585,124.760857,16.513458,3.98,1.74,0.4371859296482412,2.2873563218390807,0.11,SC,thick_like,,unmatched,,,
SDSSJ081903.54+450600.2,SDSSJ081903544506002,,124.764847,45.100121,3.27,1.12,0.3425076452599389,2.9196428571428568,0.09,SC,thick_like,,unmatched,,,
PGC2097166,PGC2097166,PGC_2097166,124.767426,37.288345,3.57,1.91,0.5350140056022409,1.869109947643979,0.27,SB,thick_like,,unmatched,,,
SDSSJ081917.28+354457.9,SDSSJ081917283544579,,124.822029,35.749424,5.48,1.19,0.2171532846715328,4.605042016806723,0.06,SD,thick_like,,unmatched,,,
PGC90838,PGC90838,PGC_90838,124.877419,66.679634,9.04,2.16,0.2389380530973451,4.185185185185184,0.06,SD,thick_like,,unmatched,,,
NGC02560,NGC02560,NGC_2560,124.966209,20.984978,13.04,6.47,0.4961656441717791,2.015455950540958,0.37,SA,thick_like,,unmatched,,,
PGC1329143,PGC1329143,PGC_1329143,125.012276,7.722555,4.53,1.35,0.2980132450331126,3.355555555555556,0.21,SB,thick_like,,unmatched,,,
PGC2150452,PGC2150452,PGC_2150452,125.015228,39.476025,3.71,1.09,0.2938005390835579,3.403669724770642,0.11,SB,thick_like,,unmatched,,,
PGC2673636,PGC2673636,PGC_2673636,125.034821,64.999008,4.41,1.29,0.2925170068027211,3.4186046511627906,0.32,SB,thick_like,,unmatched,,,
PGC1668887,PGC1668887,PGC_1668887,125.110245,22.384203,3.75,1.9,0.5066666666666666,1.973684210526316,0.35,SC,thick_like,,unmatched,,,
PGC1028498,PGC1028498,PGC_1028498,125.114349,-6.801167,6.16,1.56,0.2532467532467533,3.948717948717949,0.06,SC,thick_like,,unmatched,,,
PGC2093157,PGC2093157,PGC_2093157,125.209831,37.108433,5.22,1.72,0.3295019157088122,3.0348837209302326,0.19,SB,thick_like,,unmatched,,,
PGC2065321,PGC2065321,PGC_2065321,125.225632,35.491348,10.12,1.73,0.1709486166007905,5.84971098265896,0.1,SB,intermediate,,unmatched,,,
PGC2195793,PGC2195793,PGC_2195793,125.331795,42.283569,3.53,1.76,0.4985835694050992,2.005681818181818,0.32,SA,thick_like,,unmatched,,,
PGC1906309,PGC1906309,PGC_1906309,125.340363,30.501932,4.59,0.91,0.1982570806100218,5.043956043956044,0.06,SD,intermediate,,unmatched,,,
PGC90841,PGC90841,PGC_90841,125.417213,10.334528,7.19,1.53,0.2127955493741307,4.699346405228758,0.06,SD,thick_like,,unmatched,,,
2MASXJ08214623+3558113,2MASXJ082146233558113,,125.442612,35.96981,2.21,0.86,0.3891402714932127,2.569767441860465,0.18,SB,thick_like,,unmatched,,,
AGC188761,AGC188761,,125.49601,13.039651,6.61,1.23,0.1860816944024205,5.373983739837398,0.06,SD,intermediate,,unmatched,,,
PGC2536428,PGC2536428,PGC_2536428,125.523949,56.426224,9.81,1.98,0.201834862385321,4.954545454545455,0.22,SA,thick_like,,unmatched,,,
PGC2127574,PGC2127574,PGC_2127574,125.526154,38.455875,9.2,1.82,0.1978260869565217,5.054945054945055,0.09,SB,intermediate,,unmatched,,,
SDSSJ082213.55+062352.6,SDSSJ082213550623526,,125.55648,6.397957,4.64,0.82,0.1767241379310344,5.658536585365853,0.07,SD,intermediate,,unmatched,,,
2MASXJ08223385+3545172,2MASXJ082233853545172,,125.641037,35.754665,6.36,2.06,0.3238993710691824,3.087378640776699,0.3,SB,thick_like,,unmatched,,,
NED,NED,,125.677704,65.558662,8.0,0.87,0.10875,9.195402298850574,0.16,SA,intermediate,,unmatched,,,
2MASXJ08225280+3823182,2MASXJ082252803823182,,125.720169,38.388363,3.75,1.14,0.304,3.2894736842105265,0.12,SB,thick_like,,unmatched,,,
PGC23510,PGC23510,PGC_23510,125.74012,4.385682,8.13,3.12,0.3837638376383763,2.605769230769231,0.44,SA,thick_like,,unmatched,,,
PGC1302435,PGC1302435,PGC_1302435,125.744728,6.525299,4.47,1.11,0.2483221476510067,4.027027027027026,0.09,SC,thick_like,,unmatched,,,
SDSSJ082303.18+400522.1,SDSSJ082303184005221,,125.763252,40.089439,4.17,1.1,0.2637889688249401,3.7909090909090906,0.08,SC,thick_like,,unmatched,,,
SDSSJ082305.37+321557.6,SDSSJ082305373215576,,125.772369,32.266029,3.26,1.12,0.343558282208589,2.910714285714285,0.07,SB,thick_like,,unmatched,,,
PGC2460110,PGC2460110,PGC_2460110,125.791473,54.11235,7.25,1.6,0.2206896551724138,4.53125,0.07,SB,thick_like,,unmatched,,,
PGC2004240,PGC2004240,PGC_2004240,125.799362,32.599747,3.72,1.11,0.2983870967741935,3.3513513513513518,0.06,SD,thick_like,,unmatched,,,
PGC1242284,PGC1242284,PGC_1242284,125.891296,2.975812,3.96,0.92,0.2323232323232323,4.304347826086956,0.08,SC,thick_like,,unmatched,,,
PGC1900576,PGC1900576,PGC_1900576,125.902672,30.357426,4.01,1.04,0.2593516209476309,3.8557692307692304,0.11,SB,thick_like,,unmatched,,,
SDSSJ082349.48+142747.6,SDSSJ082349481427476,,125.956169,14.463224,4.84,0.96,0.1983471074380165,5.041666666666667,0.07,SD,intermediate,,unmatched,,,
PGC23576,PGC23576,PGC_23576,126.040977,-0.319845,6.21,2.19,0.3526570048309179,2.8356164383561646,0.39,SB,thick_like,,unmatched,,,
PGC1590539,PGC1590539,PGC_1590539,126.046005,19.388407,4.54,1.11,0.2444933920704846,4.09009009009009,0.11,SB,thick_like,,unmatched,,,
PGC2487538,PGC2487538,PGC_2487538,126.143463,55.009026,4.5,1.71,0.38,2.631578947368421,0.19,SB,thick_like,,unmatched,,,
PGC2590502,PGC2590502,PGC_2590502,126.150307,59.441776,5.16,3.12,0.6046511627906976,1.6538461538461535,0.28,SA,thick_like,,unmatched,,,
SDSSJ082440.82+152743.4,SDSSJ082440821527434,,126.170097,15.462055,3.94,0.76,0.1928934010152284,5.184210526315789,0.05,SD,intermediate,,unmatched,,,
PGC1062023,PGC1062023,PGC_1062023,126.207458,-4.16064,6.03,2.5,0.4145936981757877,2.412,0.1,SC,thick_like,,unmatched,,,
PGC3097417,PGC3097417,PGC_3097417,126.258987,52.582497,4.33,0.91,0.2101616628175519,4.758241758241758,0.05,SB,thick_like,,unmatched,,,
PGC90846,PGC90846,PGC_90846,126.265114,32.502361,12.31,3.23,0.2623883021933387,3.811145510835914,0.25,SB,thick_like,,unmatched,,,
UGC04395,UGC04395,UGC_4395,126.448334,28.118137,18.83,4.21,0.223579394583112,4.472684085510688,0.06,SD,thick_like,,unmatched,,,
SDSSJ082600.24+062439.2,SDSSJ082600240624392,,126.501007,6.410903,4.69,1.0,0.2132196162046908,4.69,0.05,SD,thick_like,,unmatched,,,
PGC90847,PGC90847,PGC_90847,126.521141,56.445599,9.19,1.82,0.1980413492927094,5.049450549450549,0.12,SB,intermediate,,unmatched,,,
NED,NED,,126.543526,1.747281,9.69,0.85,0.087719298245614,11.4,0.04,SD,thin_like,,unmatched,,,
PGC1266001,PGC1266001,PGC_1266001,126.567329,4.277825,4.54,1.41,0.3105726872246696,3.219858156028369,0.11,SB,thick_like,,unmatched,,,
PGC1352694,PGC1352694,PGC_1352694,126.581398,8.733852,6.02,1.48,0.2458471760797342,4.067567567567568,0.16,SA,thick_like,,unmatched,,,
SDSSJ082623.55+381035.6,SDSSJ082623553810356,,126.598114,38.176594,4.61,0.92,0.1995661605206073,5.010869565217392,0.07,SD,intermediate,,unmatched,,,
PGC1696051,PGC1696051,PGC_1696051,126.619667,23.91613,7.05,1.65,0.2340425531914893,4.2727272727272725,0.11,SB,thick_like,,unmatched,,,
PGC1411050,PGC1411050,PGC_1411050,126.619926,12.522531,2.62,1.16,0.4427480916030534,2.2586206896551726,0.17,SC,thick_like,,unmatched,,,
PGC1041541,PGC1041541,PGC_1041541,126.648216,-5.693677,4.31,1.42,0.3294663573085847,3.035211267605633,0.09,SC,thick_like,,unmatched,,,
PGC2456840,PGC2456840,PGC_2456840,126.716972,53.998402,5.35,1.63,0.3046728971962616,3.282208588957056,0.13,SC,thick_like,,unmatched,,,
PGC1160521,PGC1160521,PGC_1160521,126.718307,0.231984,3.64,1.25,0.3434065934065934,2.912,0.1,SC,thick_like,,unmatched,,,
PGC1714615,PGC1714615,PGC_1714615,126.748672,24.721136,7.86,2.22,0.2824427480916031,3.5405405405405403,0.21,SB,thick_like,,unmatched,,,
PGC142950,PGC142950,PGC_142950,126.762497,22.478336,3.59,0.96,0.2674094707520891,3.7395833333333335,0.06,IR,thick_like,,unmatched,,,
PGC2089857,PGC2089857,PGC_2089857,126.768929,36.94593,4.39,1.31,0.2984054669703873,3.3511450381679384,0.08,SC,thick_like,,unmatched,,,
PGC1521871,PGC1521871,PGC_1521871,126.866081,16.988646,5.72,1.28,0.2237762237762238,4.46875,0.26,SB,thick_like,,unmatched,,,
PGC1320173,PGC1320173,PGC_1320173,126.921326,7.370111,4.44,1.68,0.3783783783783783,2.6428571428571432,0.22,SB,thick_like,,unmatched,,,
PGC1047761,PGC1047761,PGC_1047761,126.951942,-5.210862,5.15,1.71,0.3320388349514563,3.011695906432749,0.13,SD,thick_like,,unmatched,,,
PGC2524523,PGC2524523,PGC_2524523,126.966217,56.070892,5.2,1.89,0.3634615384615384,2.751322751322752,0.1,SC,thick_like,,unmatched,,,
PGC2253552,PGC2253552,PGC_2253552,126.970589,44.855015,6.15,1.19,0.1934959349593495,5.168067226890757,0.06,SD,intermediate,,unmatched,,,
SDSSJ082808.01+491014.7,SDSSJ082808014910147,,127.033386,49.170795,4.84,0.95,0.1962809917355371,5.094736842105263,0.07,SD,intermediate,,unmatched,,,
PGC2038705,PGC2038705,PGC_2038705,127.065163,33.782097,4.34,1.66,0.3824884792626728,2.6144578313253013,0.25,SD,thick_like,,unmatched,,,
PGC23757,PGC23757,PGC_23757,127.068062,22.034763,5.57,2.07,0.3716337522441651,2.690821256038648,0.09,SC,thick_like,,unmatched,,,
PGC152549,PGC152549,PGC_152549,127.082314,0.581435,4.44,1.74,0.3918918918918918,2.5517241379310347,0.42,SA,thick_like,,unmatched,,,
PGC1131565,PGC1131565,PGC_1131565,127.148628,-0.910997,4.26,1.12,0.2629107981220657,3.803571428571428,0.07,SC,thick_like,,unmatched,,,
PGC90850,PGC90850,PGC_90850,127.191574,1.234768,6.34,1.72,0.2712933753943217,3.686046511627907,0.07,SD,thick_like,,unmatched,,,
PGC1733919,PGC1733919,PGC_1733919,127.206909,25.363396,4.3,1.89,0.4395348837209302,2.275132275132276,0.24,SB,thick_like,,unmatched,,,
PGC1990558,PGC1990558,PGC_1990558,127.34642,32.303188,4.21,1.27,0.3016627078384798,3.31496062992126,0.14,SB,thick_like,,unmatched,,,
PGC1185020,PGC1185020,PGC_1185020,127.437981,1.115845,3.56,1.36,0.3820224719101124,2.617647058823529,0.12,SC,thick_like,,unmatched,,,
PGC1788832,PGC1788832,PGC_1788832,127.444595,26.802862,6.01,2.35,0.3910149750415974,2.557446808510638,0.13,SC,thick_like,,unmatched,,,
PGC2486466,PGC2486466,PGC_2486466,127.508011,54.978207,7.8,1.59,0.2038461538461538,4.90566037735849,0.06,SD,thick_like,,unmatched,,,
UGC04441,UGC04441,UGC_4441,127.557671,39.888462,10.35,3.1,0.2995169082125604,3.3387096774193545,0.34,SB,thick_like,,unmatched,,,
NED,NED,,127.560501,22.961918,2.81,0.64,0.2277580071174377,4.390625,0.08,IR,thick_like,,unmatched,,,
PGC1058712,PGC1058712,PGC_1058712,127.572479,-4.399906,2.7,1.29,0.4777777777777777,2.0930232558139537,0.37,SB,thick_like,,unmatched,,,
PGC2077432,PGC2077432,PGC_2077432,127.693153,36.249969,3.1,0.93,0.3,3.333333333333333,0.06,SD,thick_like,,unmatched,,,
PGC2208705,PGC2208705,PGC_2208705,127.693176,42.908001,5.23,1.47,0.2810707456978967,3.557823129251701,0.31,SB,thick_like,,unmatched,,,
PGC2395560,PGC2395560,PGC_2395560,127.719513,51.52916,4.55,1.51,0.3318681318681319,3.013245033112583,0.08,SC,thick_like,,unmatched,,,
PGC1131329,PGC1131329,PGC_1131329,127.819489,-0.921502,3.46,1.22,0.3526011560693641,2.836065573770492,0.08,SC,thick_like,,unmatched,,,
PGC23905,PGC23905,PGC_23905,127.83046,25.534119,5.44,1.35,0.2481617647058823,4.029629629629629,0.09,SC,thick_like,,unmatched,,,
SDSSJ083134.33+591608.4,SDSSJ083134335916084,,127.893059,59.269012,6.82,1.76,0.2580645161290322,3.875,0.09,SC,thick_like,,unmatched,,,
PGC90854,PGC90854,PGC_90854,128.00119,19.566406,9.01,1.95,0.2164261931187569,4.62051282051282,0.05,SB,thick_like,,unmatched,,,
PGC3087905,PGC3087905,PGC_3087905,128.0056,41.699169,8.07,2.34,0.2899628252788104,3.448717948717949,0.39,SA,thick_like,,unmatched,,,
PGC1159850,PGC1159850,PGC_1159850,128.049011,0.208986,3.87,1.2,0.3100775193798449,3.225,0.09,SD,thick_like,,unmatched,,,
PGC90856,PGC90856,PGC_90856,128.093262,3.499597,6.8,1.24,0.1823529411764705,5.483870967741935,0.05,SD,intermediate,,unmatched,,,
SDSSJ083224.19+430607.8,SDSSJ083224194306078,,128.100632,43.102104,5.49,1.11,0.2021857923497267,4.945945945945946,0.06,IR,thick_like,,unmatched,,,
NED,NED,,128.150375,60.130653,8.43,1.65,0.195729537366548,5.109090909090909,0.07,SB,intermediate,,unmatched,,,
PGC1059206,PGC1059206,PGC_1059206,128.18158,-4.365802,3.55,1.55,0.4366197183098592,2.290322580645161,0.16,SC,thick_like,,unmatched,,,
PGC1794119,PGC1794119,PGC_1794119,128.207596,26.975393,4.4,1.61,0.3659090909090909,2.7329192546583854,0.13,SB,thick_like,,unmatched,,,
PGC152778,PGC152778,PGC_152778,128.219223,-4.456621,8.43,1.76,0.2087781731909846,4.789772727272728,0.09,SD,thick_like,,unmatched,,,
PGC2348748,PGC2348748,PGC_2348748,128.277878,49.631382,8.2,2.1,0.2560975609756097,3.904761904761904,0.27,SB,thick_like,,unmatched,,,
SDSSJ083313.00+511858.1,SDSSJ083313005118581,,128.304184,51.316105,7.69,0.71,0.0923276983094928,10.830985915492958,0.06,SD,thin_like,,unmatched,,,
PGC2435142,PGC2435142,PGC_2435142,128.405914,53.228069,5.03,2.27,0.4512922465208747,2.2158590308370045,0.35,SB,thick_like,,unmatched,,,
PGC1944352,PGC1944352,PGC_1944352,128.423477,31.378841,5.5,1.43,0.26,3.8461538461538463,0.21,SB,thick_like,,unmatched,,,
NED,NED,,128.433472,-3.381908,4.19,1.0,0.2386634844868735,4.19,0.06,SD,thick_like,,unmatched,,,
PGC2076621,PGC2076621,PGC_2076621,128.442886,36.200024,2.95,1.81,0.6135593220338983,1.6298342541436464,0.11,SB,thick_like,,unmatched,,,
NED,NED,,128.449127,10.010204,5.66,0.97,0.1713780918727915,5.835051546391753,0.08,SD,intermediate,,unmatched,,,
2MASXJ08335123+3500419,2MASXJ083351233500419,,128.463364,35.011578,4.41,1.53,0.3469387755102041,2.8823529411764706,0.1,SC,thick_like,,unmatched,,,
PGC1368809,PGC1368809,PGC_1368809,128.556595,9.701991,4.89,1.16,0.2372188139059304,4.215517241379311,0.28,SB,thick_like,,unmatched,,,
PGC1061089,PGC1061089,PGC_1061089,128.566986,-4.230161,5.35,1.18,0.2205607476635514,4.533898305084746,0.07,SD,thick_like,,unmatched,,,
2MASXJ08343046+2958596,2MASXJ083430462958596,,128.626831,29.983309,3.6,1.06,0.2944444444444444,3.39622641509434,0.08,SC,thick_like,,unmatched,,,
PGC1268881,PGC1268881,PGC_1268881,128.652374,4.486276,7.52,1.63,0.2167553191489361,4.613496932515337,0.12,SB,thick_like,,unmatched,,,
SDSSJ083446.30+054826.5,SDSSJ083446300548265,,128.692917,5.80738,3.68,0.85,0.2309782608695652,4.329411764705883,0.06,SC,thick_like,,unmatched,,,
PGC2454580,PGC2454580,PGC_2454580,128.733917,53.917469,4.59,1.34,0.2919389978213508,3.4253731343283578,0.09,SC,thick_like,,unmatched,,,
PGC1997387,PGC1997387,PGC_1997387,128.737518,32.448841,5.69,1.91,0.3356766256590509,2.979057591623037,0.14,SC,thick_like,,unmatched,,,
PGC2614151,PGC2614151,PGC_2614151,128.773514,61.22308,4.32,1.66,0.3842592592592592,2.6024096385542173,0.11,SC,thick_like,,unmatched,,,
PGC1822487,PGC1822487,PGC_1822487,128.807785,27.959097,3.54,1.69,0.4774011299435028,2.094674556213018,0.31,SB,thick_like,,unmatched,,,
2MASXJ08351432+2228036,2MASXJ083514322228036,,128.809677,22.467657,4.32,0.98,0.2268518518518518,4.408163265306123,0.08,SB,thick_like,,unmatched,,,
PGC24122,PGC24122,PGC_24122,128.898239,54.544655,9.75,2.41,0.2471794871794872,4.045643153526971,0.3,SB,thick_like,,unmatched,,,
2MASXJ08353601+3955477,2MASXJ083536013955477,,128.899963,39.929916,5.37,1.45,0.2700186219739292,3.703448275862069,0.08,SD,thick_like,,unmatched,,,
PGC2277863,PGC2277863,PGC_2277863,128.980698,46.244343,4.89,1.51,0.3087934560327198,3.23841059602649,0.08,SC,thick_like,,unmatched,,,
PGC90860,PGC90860,PGC_90860,129.032562,29.256575,4.91,1.39,0.2830957230142566,3.5323741007194247,0.12,SB,thick_like,,unmatched,,,
PGC1254383,PGC1254383,PGC_1254383,129.163101,3.553086,7.24,2.23,0.3080110497237568,3.2466367713004485,0.2,SB,thick_like,,unmatched,,,
PGC1053044,PGC1053044,PGC_1053044,129.204712,-4.81882,6.96,0.81,0.1163793103448276,8.592592592592592,0.06,SD,intermediate,,unmatched,,,
PGC1074616,PGC1074616,PGC_1074616,129.230347,-3.209606,3.74,1.36,0.3636363636363636,2.75,0.32,SA,thick_like,,unmatched,,,
PGC1089151,PGC1089151,PGC_1089151,129.231689,-2.540753,8.23,1.14,0.1385176184690157,7.219298245614036,0.06,SB,intermediate,,unmatched,,,
NED,NED,,129.28656,4.282121,4.89,0.78,0.1595092024539877,6.269230769230768,0.04,SD,intermediate,,unmatched,,,
2MASXJ08371747+2806022,2MASXJ083717472806022,,129.322876,28.100485,3.84,0.99,0.2578125,3.878787878787879,0.09,SB,thick_like,,unmatched,,,
PGC213510,PGC213510,PGC_213510,129.353912,24.879997,7.0,2.92,0.4171428571428571,2.397260273972603,0.11,SC,thick_like,,unmatched,,,
PGC90862,PGC90862,PGC_90862,129.476837,-4.377565,9.18,2.52,0.2745098039215686,3.642857142857143,0.12,SB,thick_like,,unmatched,,,
PGC24263,PGC24263,PGC_24263,129.543991,18.691774,6.69,2.51,0.3751868460388639,2.665338645418327,0.56,SA,thick_like,,unmatched,,,
PGC90861,PGC90861,PGC_90861,129.546127,45.882057,8.6,2.56,0.2976744186046511,3.359375,0.14,SC,thick_like,,unmatched,,,
PGC24278,PGC24278,PGC_24278,129.569626,31.817356,4.39,1.83,0.4168564920273349,2.3989071038251364,0.43,SA,thick_like,,unmatched,,,
PGC1871319,PGC1871319,PGC_1871319,129.679565,29.593126,6.4,1.58,0.246875,4.050632911392405,0.09,SB,thick_like,,unmatched,,,
SDSSJ083845.33+403614.5,SDSSJ083845334036145,,129.688873,40.604015,3.58,1.2,0.3351955307262569,2.9833333333333334,0.08,SC,thick_like,,unmatched,,,
SDSSJ083900.24+274913.8,SDSSJ083900242749138,,129.751038,27.820513,11.92,1.03,0.0864093959731543,11.572815533980584,0.05,SB,thin_like,,unmatched,,,
SDSSJ083900.79+553155.0,SDSSJ083900795531550,,129.753326,55.531979,7.88,0.98,0.1243654822335025,8.040816326530612,0.04,SD,intermediate,,unmatched,,,
PGC1092017,PGC1092017,PGC_1092017,129.764664,-2.437663,4.87,1.4,0.2874743326488706,3.4785714285714286,0.08,SD,thick_like,,unmatched,,,
PGC1696786,PGC1696786,PGC_1696786,129.861618,23.953363,5.93,2.1,0.3541315345699831,2.8238095238095235,0.34,SB,thick_like,,unmatched,,,
PGC181057,PGC181057,PGC_181057,129.866913,-1.513156,3.87,2.1,0.5426356589147286,1.8428571428571427,0.23,SB,thick_like,,unmatched,,,
PGC1816333,PGC1816333,PGC_1816333,129.923584,27.725634,3.27,1.7,0.5198776758409785,1.923529411764706,0.11,SC,thick_like,,unmatched,,,
PGC1641496,PGC1641496,PGC_1641496,129.940338,21.043722,3.78,1.53,0.4047619047619047,2.4705882352941173,0.15,SB,thick_like,,unmatched,,,
PGC1244506,PGC1244506,PGC_1244506,129.942734,3.072233,4.88,1.57,0.3217213114754098,3.10828025477707,0.4,SB,thick_like,,unmatched,,,
SDSSJ083948.39+341736.8,SDSSJ083948393417368,,129.951614,34.293579,3.03,1.02,0.3366336633663366,2.9705882352941173,0.12,SC,thick_like,,unmatched,,,
NED,NED,,129.973465,-2.854035,5.12,0.66,0.12890625,7.757575757575758,0.05,SD,intermediate,,unmatched,,,
2MASXJ08401478+1327088,2MASXJ084014781327088,,130.061661,13.452366,6.27,0.96,0.1531100478468899,6.53125,0.06,SB,intermediate,,unmatched,,,
SDSSJ084017.19+045443.0,SDSSJ084017190454430,,130.071655,4.911946,3.49,0.89,0.2550143266475644,3.9213483146067416,0.07,SB,thick_like,,unmatched,,,
PGC2079026,PGC2079026,PGC_2079026,130.101822,36.343346,6.95,1.23,0.176978417266187,5.650406504065041,0.07,SD,intermediate,,unmatched,,,
PGC24394,PGC24394,PGC_24394,130.160736,27.241112,6.16,2.5,0.4058441558441558,2.464,0.27,SB,thick_like,,unmatched,,,
SDSSJ084042.55+183656.0,SDSSJ084042551836560,,130.177307,18.61565,4.33,0.71,0.1639722863741339,6.098591549295775,0.05,SD,intermediate,,unmatched,,,
PGC2183022,PGC2183022,PGC_2183022,130.198029,41.562336,4.86,1.63,0.3353909465020576,2.9815950920245404,0.16,SB,thick_like,,unmatched,,,
PGC1873426,PGC1873426,PGC_1873426,130.21373,29.655739,4.66,1.37,0.2939914163090129,3.401459854014598,0.18,SB,thick_like,,unmatched,,,
2MASXJ08405717+3421142,2MASXJ084057173421142,,130.23819,34.353813,4.62,1.84,0.3982683982683982,2.510869565217391,0.28,SB,thick_like,,unmatched,,,
PGC2267102,PGC2267102,PGC_2267102,130.247284,45.570789,5.45,1.77,0.3247706422018349,3.07909604519774,0.23,SB,thick_like,,unmatched,,,
PGC90865,PGC90865,PGC_90865,130.303955,57.470165,7.02,1.59,0.2264957264957265,4.415094339622641,0.06,SB,thick_like,,unmatched,,,
PGC90867,PGC90867,PGC_90867,130.314346,41.971333,7.65,1.42,0.1856209150326797,5.387323943661972,0.07,SD,intermediate,,unmatched,,,
PGC1519907,PGC1519907,PGC_1519907,130.331512,16.905985,5.92,1.72,0.2905405405405405,3.441860465116279,0.26,SB,thick_like,,unmatched,,,
PGC1481821,PGC1481821,PGC_1481821,130.341202,15.333054,3.86,1.08,0.2797927461139897,3.574074074074073,0.2,SB,thick_like,,unmatched,,,
SDSSJ084122.49+554422.4,SDSSJ084122495544224,,130.343765,55.739563,3.32,0.91,0.2740963855421687,3.648351648351648,0.08,SC,thick_like,,unmatched,,,
PGC1890409,PGC1890409,PGC_1890409,130.397232,30.104292,4.44,1.29,0.2905405405405405,3.4418604651162794,0.19,SB,thick_like,,unmatched,,,
UGC04537,UGC04537,UGC_4537,130.687271,35.757629,9.07,1.78,0.1962513781697905,5.095505617977528,0.08,SD,intermediate,,unmatched,,,
PGC1527619,PGC1527619,PGC_1527619,130.749283,17.224264,4.32,0.86,0.199074074074074,5.023255813953488,0.07,SD,intermediate,,unmatched,,,
PGC2572662,PGC2572662,PGC_2572662,130.76358,57.935799,4.44,1.42,0.3198198198198198,3.126760563380282,0.12,SC,thick_like,,unmatched,,,
UGC04550,UGC04550,UGC_4550,130.81636,13.085812,16.81,6.25,0.37180249851279,2.6896,0.26,SC,thick_like,,unmatched,,,
PGC1260470,PGC1260470,PGC_1260470,130.847977,3.906236,6.93,2.73,0.393939393939394,2.5384615384615383,0.09,SC,thick_like,,unmatched,,,
PGC1149067,PGC1149067,PGC_1149067,130.933426,-0.212216,4.38,1.61,0.3675799086757991,2.720496894409937,0.29,SB,thick_like,,unmatched,,,
UGC04546,UGC04546,UGC_4546,130.963867,51.991184,10.67,3.52,0.3298969072164948,3.03125,0.42,SA,thick_like,,unmatched,,,
UGC04559,UGC04559,UGC_4559,131.031708,30.119137,15.72,6.84,0.4351145038167938,2.298245614035088,0.35,SB,thick_like,,unmatched,,,
NED,NED,,131.214355,19.360483,5.42,0.49,0.0904059040590405,11.06122448979592,0.05,SD,thin_like,,unmatched,,,
SDSSJ084515.90+513222.3,SDSSJ084515905132223,,131.316299,51.539543,7.14,1.39,0.1946778711484593,5.136690647482014,0.04,SD,intermediate,,unmatched,,,
PGC24606,PGC24606,PGC_24606,131.354996,45.961063,10.58,4.52,0.4272211720226843,2.34070796460177,0.38,SB,thick_like,,unmatched,,,
PGC2390331,PGC2390331,PGC_2390331,131.426407,51.212151,3.59,1.44,0.4011142061281337,2.493055555555556,0.16,SB,thick_like,,unmatched,,,
SDSSJ084547.97+051202.5,SDSSJ084547970512025,,131.449905,5.200733,4.46,0.85,0.1905829596412556,5.247058823529412,0.06,SC,intermediate,,unmatched,,,
PGC3134566,PGC3134566,PGC_3134566,131.497787,54.443321,5.79,1.84,0.3177892918825561,3.1467391304347827,0.08,SC,thick_like,,unmatched,,,
2MASXJ08460860+3010248,2MASXJ084608603010248,,131.535767,30.173626,3.97,1.49,0.3753148614609571,2.6644295302013425,0.19,SB,thick_like,,unmatched,,,
PGC2064214,PGC2064214,PGC_2064214,131.559296,35.417896,5.94,1.99,0.335016835016835,2.984924623115578,0.17,SB,thick_like,,unmatched,,,
PGC1448959,PGC1448959,PGC_1448959,131.601334,14.090136,5.56,1.24,0.2230215827338129,4.483870967741935,0.11,SB,thick_like,,unmatched,,,
PGC1550080,PGC1550080,PGC_1550080,131.676437,18.096981,2.95,1.14,0.3864406779661016,2.5877192982456143,0.12,SB,thick_like,,unmatched,,,
SDSSJ084659.19+505827.5,SDSSJ084659195058275,,131.746597,50.974312,4.33,1.34,0.3094688221709007,3.231343283582089,0.07,SC,thick_like,,unmatched,,,
SDSSJ084705.54+541138.8,SDSSJ084705545411388,,131.773056,54.194103,4.03,1.06,0.2630272952853598,3.80188679245283,0.06,SC,thick_like,,unmatched,,,
PGC1831746,PGC1831746,PGC_1831746,131.78157,28.295074,4.85,1.71,0.3525773195876289,2.8362573099415203,0.19,SB,thick_like,,unmatched,,,
2MASXJ08471179+3108599,2MASXJ084711793108599,,131.79921,31.150047,4.09,1.79,0.4376528117359413,2.2849162011173183,0.28,SB,thick_like,,unmatched,,,
PGC2444961,PGC2444961,PGC_2444961,131.868896,53.577129,4.45,1.85,0.4157303370786517,2.4054054054054053,0.37,SA,thick_like,,unmatched,,,
PGC1359672,PGC1359672,PGC_1359672,131.968201,9.10434,5.31,1.7,0.32015065913371,3.123529411764706,0.22,SB,thick_like,,unmatched,,,
PGC1265720,PGC1265720,PGC_1265720,132.033859,4.259333,5.11,1.1,0.2152641878669276,4.6454545454545455,0.09,SD,thick_like,,unmatched,,,
IC02407,IC02407,IC_2407,132.038132,17.611473,9.36,3.38,0.3611111111111111,2.769230769230769,0.12,SC,thick_like,,unmatched,,,
2MASXJ08482420+3058093,2MASXJ084824203058093,,132.100998,30.969246,5.47,1.26,0.2303473491773309,4.341269841269841,0.08,SC,thick_like,,unmatched,,,
NGC02667,NGC02667,NGC_2667,132.113541,19.019505,7.11,4.1,0.5766526019690575,1.7341463414634148,0.5,SA,thick_like,,unmatched,,,
PGC24746,PGC24746,PGC_24746,132.137802,61.626171,8.56,1.8,0.2102803738317757,4.755555555555556,0.08,SB,thick_like,,unmatched,,,
PGC1245704,PGC1245704,PGC_1245704,132.215652,3.125157,3.97,1.27,0.3198992443324936,3.125984251968504,0.13,SB,thick_like,,unmatched,,,
SDSSJ084908.03+514422.2,SDSSJ084908035144222,,132.283478,51.739513,3.94,0.96,0.2436548223350253,4.104166666666667,0.06,SC,thick_like,,unmatched,,,
NGC02654,NGC02654,NGC_2654,132.299271,60.221184,23.9,9.6,0.401673640167364,2.489583333333333,0.37,SB,thick_like,,unmatched,,,
PGC2073912,PGC2073912,PGC_2073912,132.316895,36.034561,3.54,1.66,0.4689265536723163,2.132530120481928,0.31,SB,thick_like,,unmatched,,,
PGC1572838,PGC1572838,PGC_1572838,132.373856,18.864571,4.58,1.41,0.3078602620087336,3.24822695035461,0.13,SD,thick_like,,unmatched,,,
PGC2294828,PGC2294828,PGC_2294828,132.432281,47.242516,4.84,1.13,0.2334710743801652,4.283185840707965,0.1,SC,thick_like,,unmatched,,,
PGC90873,PGC90873,PGC_90873,132.495987,35.133842,5.16,1.32,0.2558139534883721,3.909090909090909,0.06,SD,thick_like,,unmatched,,,
UGC04625,UGC04625,UGC_4625,132.573654,3.497388,30.75,2.23,0.072520325203252,13.789237668161435,0.02,SD,thin_like,,unmatched,,,
PGC1455732,PGC1455732,PGC_1455732,132.669357,14.346478,4.1,1.79,0.4365853658536586,2.2905027932960893,0.11,SC,thick_like,,unmatched,,,
PGC2440864,PGC2440864,PGC_2440864,132.689911,53.429291,3.85,1.42,0.3688311688311688,2.711267605633803,0.11,SC,thick_like,,unmatched,,,
PGC1196839,PGC1196839,PGC_1196839,132.797577,1.501697,4.15,1.56,0.3759036144578313,2.6602564102564106,0.2,SC,thick_like,,unmatched,,,
SDSSJ085115.49+193411.6,SDSSJ085115491934116,,132.814545,19.569895,3.36,0.96,0.2857142857142857,3.5,0.09,SC,thick_like,,unmatched,,,
PGC2477685,PGC2477685,PGC_2477685,132.82373,54.704842,5.89,1.46,0.2478777589134125,4.034246575342466,0.07,SD,thick_like,,unmatched,,,
SDSSJ085118.47+364526.0,SDSSJ085118473645260,,132.826965,36.757233,5.35,0.82,0.1532710280373831,6.524390243902439,0.1,SB,intermediate,,unmatched,,,
2MASXJ08512054+4249502,2MASXJ085120544249502,,132.83577,42.830559,7.94,1.24,0.1561712846347607,6.403225806451613,0.15,SB,intermediate,,unmatched,,,
PGC2493491,PGC2493491,PGC_2493491,132.846115,55.185745,10.21,3.08,0.3016650342801175,3.314935064935065,0.22,SA,thick_like,,unmatched,,,
SDSSJ085127.10+424712.0,SDSSJ085127104247120,,132.862885,42.786705,5.27,0.87,0.1650853889943074,6.057471264367815,0.06,SD,intermediate,,unmatched,,,
PGC1629204,PGC1629204,PGC_1629204,132.878555,20.504887,4.58,1.15,0.2510917030567685,3.9826086956521753,0.21,SB,thick_like,,unmatched,,,
2MASXJ08513580+3935227,2MASXJ085135803935227,,132.899185,39.589748,3.75,1.5,0.4,2.5,0.44,SB,thick_like,,unmatched,,,
NED,NED,,132.920517,53.532501,8.38,1.59,0.1897374701670644,5.270440251572327,0.12,SD,intermediate,,unmatched,,,
PGC2178006,PGC2178006,PGC_2178006,132.991257,41.247074,3.75,1.46,0.3893333333333333,2.568493150684932,0.09,SC,thick_like,,unmatched,,,
PGC2301441,PGC2301441,PGC_2301441,133.014633,47.623821,5.74,1.18,0.205574912891986,4.864406779661017,0.17,SB,thick_like,,unmatched,,,
SDSSJ085208.75+143725.8,SDSSJ085208751437258,,133.036453,14.623847,2.7,1.07,0.3962962962962963,2.5233644859813085,0.09,SC,thick_like,,unmatched,,,
PGC2094610,PGC2094610,PGC_2094610,133.149323,37.179695,7.94,1.43,0.1801007556675062,5.552447552447553,0.06,SB,intermediate,,unmatched,,,
NGC02690,NGC02690,NGC_2690,133.158417,-2.6029,10.56,6.02,0.5700757575757575,1.754152823920266,0.25,SB,thick_like,,unmatched,,,
SDSSJ085239.75+453709.6,SDSSJ085239754537096,,133.165817,45.618984,8.35,1.32,0.1580838323353293,6.325757575757575,0.11,SD,intermediate,,unmatched,,,
NED,NED,,133.172729,33.422428,48.08,21.58,0.4488352745424293,2.2279888785912885,0.25,SC,thick_like,,unmatched,,,
PGC213539,PGC213539,PGC_213539,133.201172,21.397612,4.01,1.64,0.4089775561097257,2.4451219512195124,0.14,SC,thick_like,,unmatched,,,
UGC04655,UGC04655,UGC_4655,133.386383,4.782412,12.82,1.96,0.1528861154446177,6.540816326530613,0.05,SD,intermediate,,unmatched,,,
PGC2303874,PGC2303874,PGC_2303874,133.392105,47.75845,4.62,2.38,0.5151515151515151,1.9411764705882355,0.12,SC,thick_like,,unmatched,,,
PGC90879,PGC90879,PGC_90879,133.460342,29.111336,7.05,2.02,0.2865248226950355,3.49009900990099,0.1,SB,thick_like,,unmatched,,,
PGC90877,PGC90877,PGC_90877,133.466278,49.34647,7.4,1.53,0.2067567567567567,4.836601307189543,0.09,SB,thick_like,,unmatched,,,
PGC2418657,PGC2418657,PGC_2418657,133.529022,52.586079,4.0,1.43,0.3575,2.797202797202797,0.08,SC,thick_like,,unmatched,,,
PGC24991,PGC24991,PGC_24991,133.535477,0.498565,3.47,2.41,0.6945244956772334,1.4398340248962656,0.26,SC,thick_like,,unmatched,,,
2MASXJ08541807+2906442,2MASXJ085418072906442,,133.575195,29.112272,5.42,0.94,0.1734317343173431,5.765957446808511,0.07,SD,intermediate,,unmatched,,,
PGC2166014,PGC2166014,PGC_2166014,133.623199,40.453468,4.13,2.0,0.4842615012106537,2.065,0.31,SB,thick_like,,unmatched,,,
PGC2168342,PGC2168342,PGC_2168342,133.624863,40.608768,4.58,1.18,0.2576419213973799,3.88135593220339,0.2,SB,thick_like,,unmatched,,,
PGC90881,PGC90881,PGC_90881,133.644089,40.026981,8.44,1.82,0.2156398104265403,4.637362637362637,0.06,SD,thick_like,,unmatched,,,
PGC2018175,PGC2018175,PGC_2018175,133.651794,32.94331,4.88,1.2,0.2459016393442623,4.066666666666666,0.12,SB,thick_like,,unmatched,,,
PGC90878,PGC90878,PGC_90878,133.659088,62.099407,7.09,1.24,0.1748942172073342,5.717741935483871,0.04,IR,intermediate,,unmatched,,,
SDSSJ085447.34+394502.4,SDSSJ085447343945024,,133.697296,39.750668,8.27,0.65,0.0785973397823458,12.723076923076922,0.05,SB,thin_like,,unmatched,,,
PGC90880,PGC90880,PGC_90880,133.71582,58.355762,7.87,1.02,0.1296060991105463,7.715686274509804,0.07,SB,intermediate,,unmatched,,,
PGC1234601,PGC1234601,PGC_1234601,133.769028,2.684808,4.37,1.13,0.2585812356979404,3.867256637168142,0.08,SC,thick_like,,unmatched,,,
PGC25044,PGC25044,PGC_25044,133.802292,64.396011,5.72,3.8,0.6643356643356644,1.5052631578947369,0.38,SB,thick_like,,unmatched,,,
PGC25039,PGC25039,PGC_25039,133.804962,52.040123,7.76,1.35,0.1739690721649484,5.748148148148148,0.05,SD,intermediate,,unmatched,,,
SDSSJ085515.46+301023.5,SDSSJ085515463010235,,133.814423,30.173222,5.98,1.33,0.2224080267558528,4.496240601503759,0.04,SD,thick_like,,unmatched,,,
PGC25040,PGC25040,PGC_25040,133.817276,3.035824,7.71,2.28,0.2957198443579766,3.381578947368421,0.2,SB,thick_like,,unmatched,,,
PGC25054,PGC25054,PGC_25054,133.849258,0.854373,5.06,2.4,0.4743083003952569,2.1083333333333334,0.29,SA,thick_like,,unmatched,,,
PGC2076759,PGC2076759,PGC_2076759,133.892273,36.209049,3.87,1.0,0.2583979328165374,3.87,0.11,SB,thick_like,,unmatched,,,
PGC1547901,PGC1547901,PGC_1547901,133.893066,18.0165,5.23,1.39,0.265774378585086,3.7625899280575545,0.06,SC,thick_like,,unmatched,,,
PGC1325298,PGC1325298,PGC_1325298,133.900742,7.573865,4.64,1.31,0.2823275862068966,3.541984732824427,0.08,SC,thick_like,,unmatched,,,
PGC1756765,PGC1756765,PGC_1756765,133.949905,25.956541,3.82,1.22,0.3193717277486911,3.1311475409836067,0.26,SB,thick_like,,unmatched,,,
PGC90883,PGC90883,PGC_90883,133.973923,20.375219,8.93,1.91,0.2138857782754759,4.675392670157068,0.17,UN,thick_like,,unmatched,,,
UGC04668,UGC04668,UGC_4668,133.98996,57.677994,11.15,2.93,0.262780269058296,3.8054607508532414,0.07,SD,thick_like,,unmatched,,,
2MASXJ08560777+0554452,2MASXJ085607770554452,,134.032196,5.91234,3.0,0.93,0.31,3.225806451612903,0.14,SB,thick_like,,unmatched,,,
PGC25087,PGC25087,PGC_25087,134.236572,56.026218,7.17,1.23,0.1715481171548117,5.829268292682927,0.05,SD,intermediate,,unmatched,,,
PGC1933191,PGC1933191,PGC_1933191,134.2715,31.133545,4.54,2.29,0.5044052863436124,1.982532751091703,0.36,SB,thick_like,,unmatched,,,
UGC04679,UGC04679,UGC_4679,134.284607,51.471233,13.0,3.35,0.2576923076923077,3.880597014925373,0.1,SB,thick_like,,unmatched,,,
PGC1224488,PGC1224488,PGC_1224488,134.428894,2.361604,6.21,1.65,0.2657004830917874,3.763636363636364,0.31,SB,thick_like,,unmatched,,,
2MASXJ08581600+5651405,2MASXJ085816005651405,,134.566757,56.861122,5.87,0.81,0.1379897785349233,7.246913580246913,0.06,SD,intermediate,,unmatched,,,
2MASXJ08583370+4513336,2MASXJ085833704513336,,134.640305,45.226269,3.22,1.73,0.5372670807453416,1.861271676300578,0.2,SC,thick_like,,unmatched,,,
PGC25219,PGC25219,PGC_25219,134.675278,42.339931,7.86,2.12,0.2697201017811705,3.707547169811321,0.12,SB,thick_like,,unmatched,,,
PGC90884,PGC90884,PGC_90884,134.684296,31.111137,6.66,1.25,0.1876876876876876,5.328,0.06,SD,intermediate,,unmatched,,,
SDSSJ085850.07+520557.8,SDSSJ085850075205578,,134.708633,52.09938,4.16,1.01,0.2427884615384615,4.118811881188119,0.09,SC,thick_like,,unmatched,,,
2MASXJ08585269+1629447,2MASXJ085852691629447,,134.719666,16.495205,4.6,1.18,0.2565217391304348,3.8983050847457625,0.1,SC,thick_like,,unmatched,,,
PGC3132886,PGC3132886,PGC_3132886,134.745483,51.694786,4.01,1.44,0.3591022443890274,2.7847222222222223,0.1,SC,thick_like,,unmatched,,,
PGC1427830,PGC1427830,PGC_1427830,134.843185,13.310116,4.53,1.42,0.3134657836644591,3.190140845070423,0.08,SC,thick_like,,unmatched,,,
PGC2200225,PGC2200225,PGC_2200225,134.846786,42.505199,4.81,1.77,0.367983367983368,2.717514124293785,0.08,SC,thick_like,,unmatched,,,
SDSSJ085944.66+415355.0,SDSSJ085944664153550,,134.936111,41.898632,3.43,0.78,0.227405247813411,4.397435897435898,0.06,SD,thick_like,,unmatched,,,
PGC1214250,PGC1214250,PGC_1214250,135.01033,2.045847,4.44,1.82,0.4099099099099099,2.43956043956044,0.17,SB,thick_like,,unmatched,,,
SDSSJ090003.59+453425.8,SDSSJ090003594534258,,135.014969,45.573822,6.45,2.46,0.3813953488372092,2.6219512195121952,0.07,SC,thick_like,,unmatched,,,
PGC1644255,PGC1644255,PGC_1644255,135.05632,21.167685,4.29,1.12,0.2610722610722611,3.8303571428571423,0.1,SB,thick_like,,unmatched,,,
PGC1617163,PGC1617163,PGC_1617163,135.073456,20.123579,4.13,1.97,0.4769975786924939,2.0964467005076144,0.12,SC,thick_like,,unmatched,,,
PGC1535063,PGC1535063,PGC_1535063,135.090424,17.53413,4.96,1.4,0.282258064516129,3.542857142857143,0.16,SC,thick_like,,unmatched,,,
PGC2227056,PGC2227056,PGC_2227056,135.092712,43.701401,4.98,2.17,0.4357429718875501,2.294930875576037,0.1,SC,thick_like,,unmatched,,,
UGC04719,UGC04719,UGC_4719,135.158997,50.678375,24.25,4.81,0.1983505154639175,5.041580041580042,0.17,SB,intermediate,,unmatched,,,
PGC2301314,PGC2301314,PGC_2301314,135.183594,47.617119,4.87,2.27,0.4661190965092402,2.145374449339207,0.37,SB,thick_like,,unmatched,,,
PGC2339648,PGC2339648,PGC_2339648,135.2117,49.320812,7.48,2.49,0.3328877005347593,3.004016064257028,0.29,SB,thick_like,,unmatched,,,
UGC04725,UGC04725,UGC_4725,135.230194,31.993164,11.45,2.67,0.2331877729257642,4.288389513108614,0.05,SD,thick_like,,unmatched,,,
PGC1219055,PGC1219055,PGC_1219055,135.2435,2.194456,5.04,1.5,0.2976190476190476,3.36,0.06,SD,thick_like,,unmatched,,,
PGC3132800,PGC3132800,PGC_3132800,135.252838,51.570328,4.6,1.37,0.2978260869565218,3.357664233576642,0.12,SC,thick_like,,unmatched,,,
PGC2407795,PGC2407795,PGC_2407795,135.308929,52.146095,4.44,1.83,0.4121621621621621,2.4262295081967213,0.09,SC,thick_like,,unmatched,,,
UGC04733,UGC04733,UGC_4733,135.31517,4.118108,10.78,1.76,0.163265306122449,6.125,0.05,SD,intermediate,,unmatched,,,
SDSSJ090131.90+230326.1,SDSSJ090131902303261,,135.382935,23.057264,2.78,1.07,0.3848920863309353,2.598130841121495,0.07,SC,thick_like,,unmatched,,,
PGC1535737,PGC1535737,PGC_1535737,135.387268,17.56074,2.77,1.0,0.3610108303249097,2.77,0.12,SC,thick_like,,unmatched,,,
PGC2533365,PGC2533365,PGC_2533365,135.391678,56.331909,5.27,2.35,0.4459203036053131,2.2425531914893613,0.12,SC,thick_like,,unmatched,,,
SDSSJ090137.64+512824.9,SDSSJ090137645128249,,135.406799,51.473557,3.57,1.56,0.4369747899159664,2.2884615384615383,0.09,SC,thick_like,,unmatched,,,
PGC2400553,PGC2400553,PGC_2400553,135.471176,51.810814,5.26,1.0,0.1901140684410646,5.26,0.15,SB,intermediate,,unmatched,,,
PGC1633380,PGC1633380,PGC_1633380,135.53598,20.675074,3.99,1.36,0.3408521303258145,2.9338235294117645,0.11,SC,thick_like,,unmatched,,,
2MASXJ09021082+2108265,2MASXJ090210822108265,,135.544968,21.140816,5.86,0.97,0.1655290102389078,6.041237113402063,0.07,SB,intermediate,,unmatched,,,
PGC2416995,PGC2416995,PGC_2416995,135.599152,52.521004,3.63,0.92,0.2534435261707989,3.945652173913043,0.08,SB,thick_like,,unmatched,,,
PGC2398314,PGC2398314,PGC_2398314,135.624191,51.68681,3.29,1.68,0.5106382978723404,1.9583333333333333,0.13,SC,thick_like,,unmatched,,,
SDSSJ090231.20+452600.6,SDSSJ090231204526006,,135.63002,45.433502,3.44,0.84,0.2441860465116279,4.095238095238095,0.09,SB,thick_like,,unmatched,,,
2MASXJ09023656+5311408,2MASXJ090236565311408,,135.652008,53.195103,6.62,1.09,0.1646525679758308,6.073394495412844,0.05,SD,intermediate,,unmatched,,,
PGC2388090,PGC2388090,PGC_2388090,135.667694,51.084507,4.94,1.72,0.3481781376518218,2.872093023255814,0.13,SC,thick_like,,unmatched,,,
PGC1422052,PGC1422052,PGC_1422052,135.729355,13.063354,5.45,1.6,0.2935779816513761,3.40625,0.39,SA,thick_like,,unmatched,,,
PGC2024715,PGC2024715,PGC_2024715,135.737244,33.147228,5.78,1.54,0.2664359861591695,3.753246753246753,0.1,SC,thick_like,,unmatched,,,
PGC25428,PGC25428,PGC_25428,135.83345,40.464649,8.5,5.0,0.5882352941176471,1.7,0.34,SB,thick_like,,unmatched,,,
PGC1843240,PGC1843240,PGC_1843240,135.837143,28.696064,7.14,2.02,0.2829131652661064,3.5346534653465347,0.42,SA,thick_like,,unmatched,,,
PGC1537675,PGC1537675,PGC_1537675,135.915939,17.638275,3.95,0.83,0.210126582278481,4.759036144578314,0.06,SD,thick_like,,unmatched,,,
2MASXJ09034460+2138308,2MASXJ090344602138308,,135.935699,21.641966,4.0,0.89,0.2225,4.49438202247191,0.11,SC,thick_like,,unmatched,,,
PGC2284063,PGC2284063,PGC_2284063,135.942245,46.60664,5.14,1.78,0.3463035019455253,2.887640449438202,0.26,SB,thick_like,,unmatched,,,
UGC04754,UGC04754,UGC_4754,136.00383,-0.089243,11.08,3.86,0.3483754512635379,2.8704663212435237,0.17,SC,thick_like,,unmatched,,,
SDSSJ090406.73+085454.3,SDSSJ090406730854543,,136.028046,8.915106,2.82,0.85,0.301418439716312,3.317647058823529,0.05,SD,thick_like,,unmatched,,,
SDSSJ090410.93+571931.9,SDSSJ090410935719319,,136.045578,57.325542,8.3,1.29,0.1554216867469879,6.434108527131784,0.06,SB,intermediate,,unmatched,,,
PGC2021365,PGC2021365,PGC_2021365,136.073868,33.035709,4.66,2.17,0.4656652360515021,2.1474654377880187,0.21,SC,thick_like,,unmatched,,,
SDSSJ090433.07+582018.8,SDSSJ090433075820188,,136.137802,58.338566,5.44,0.94,0.1727941176470588,5.787234042553192,0.09,SB,intermediate,,unmatched,,,
PGC1373980,PGC1373980,PGC_1373980,136.19339,10.059638,4.78,1.5,0.3138075313807531,3.186666666666667,0.07,SD,thick_like,,unmatched,,,
PGC1456456,PGC1456456,PGC_1456456,136.242401,14.37578,4.24,1.99,0.4693396226415094,2.130653266331658,0.16,SB,thick_like,,unmatched,,,
PGC90889,PGC90889,PGC_90889,136.297562,53.991486,11.35,1.75,0.1541850220264317,6.485714285714286,0.14,SA,intermediate,,unmatched,,,
PGC1528299,PGC1528299,PGC_1528299,136.298599,17.251572,4.13,1.36,0.3292978208232446,3.036764705882353,0.19,SB,thick_like,,unmatched,,,
PGC25509,PGC25509,PGC_25509,136.357376,45.773399,9.42,1.9,0.2016985138004246,4.957894736842105,0.29,SB,thick_like,,unmatched,,,
PGC2385897,PGC2385897,PGC_2385897,136.363358,50.965431,5.23,1.61,0.3078393881453155,3.248447204968944,0.12,SB,thick_like,,unmatched,,,
PGC2579577,PGC2579577,PGC_2579577,136.400528,58.510483,5.39,2.85,0.5287569573283859,1.8912280701754385,0.37,SA,thick_like,,unmatched,,,
PGC90890,PGC90890,PGC_90890,136.450195,12.986422,7.64,1.69,0.2212041884816754,4.520710059171598,0.08,SB,thick_like,,unmatched,,,
SDSSJ090549.55+484515.6,SDSSJ090549554845156,,136.456528,48.754368,5.66,1.0,0.1766784452296819,5.66,0.06,SD,intermediate,,unmatched,,,
SDSSJ090551.23+155930.5,SDSSJ090551231559305,,136.46347,15.991818,4.37,0.48,0.1098398169336384,9.104166666666668,0.06,SD,intermediate,,unmatched,,,
PGC1629845,PGC1629845,PGC_1629845,136.510544,20.528772,4.03,1.21,0.3002481389578163,3.3305785123966944,0.2,SB,thick_like,,unmatched,,,
PGC2404150,PGC2404150,PGC_2404150,136.641068,51.985142,5.47,1.78,0.3254113345521024,3.0730337078651684,0.09,SC,thick_like,,unmatched,,,
PGC1289426,PGC1289426,PGC_1289426,136.646469,5.803462,3.47,1.01,0.2910662824207493,3.435643564356436,0.23,SB,thick_like,,unmatched,,,
SDSSJ090644.60+133942.5,SDSSJ090644601339425,,136.685852,13.661812,5.01,1.28,0.2554890219560878,3.9140625,0.08,SC,thick_like,,unmatched,,,
SDSSJ090647.23+501220.9,SDSSJ090647235012209,,136.696808,50.205807,3.35,0.93,0.2776119402985074,3.6021505376344085,0.06,SD,thick_like,,unmatched,,,
IC02435,IC02435,IC_2435,136.707443,26.275457,7.76,8.06,1.038659793814433,0.9627791563275432,0.52,SB,thick_like,,unmatched,,,
PGC1635755,PGC1635755,PGC_1635755,136.708328,20.780434,5.54,1.1,0.1985559566787003,5.036363636363636,0.05,SD,intermediate,,unmatched,,,
PGC2497421,PGC2497421,PGC_2497421,136.753708,55.304146,11.31,1.49,0.1317418213969938,7.590604026845638,0.07,SD,intermediate,,unmatched,,,
PGC1433735,PGC1433735,PGC_1433735,136.758041,13.541778,3.06,1.21,0.3954248366013072,2.5289256198347108,0.15,SC,thick_like,,unmatched,,,
SDSSJ090709.89+215600.4,SDSSJ090709892156004,,136.791245,21.933472,3.29,0.7,0.2127659574468084,4.7,0.07,SD,thick_like,,unmatched,,,
PGC2409679,PGC2409679,PGC_2409679,136.802673,52.223644,7.04,1.09,0.1548295454545454,6.458715596330275,0.06,SD,intermediate,,unmatched,,,
PGC1541423,PGC1541423,PGC_1541423,136.809113,17.778246,3.42,1.23,0.3596491228070175,2.7804878048780486,0.09,SC,thick_like,,unmatched,,,
PGC2024390,PGC2024390,PGC_2024390,136.814011,33.137035,4.82,1.88,0.3900414937759335,2.563829787234043,0.33,SB,thick_like,,unmatched,,,
PGC90895,PGC90895,PGC_90895,136.912445,28.635927,10.36,1.77,0.1708494208494208,5.853107344632768,0.05,SD,intermediate,,unmatched,,,
SDSSJ090801.69+220007.4,SDSSJ090801692200074,,137.007065,22.002056,2.97,1.16,0.3905723905723905,2.5603448275862077,0.07,SD,thick_like,,unmatched,,,
SDSSJ090802.27+272445.7,SDSSJ090802272724457,,137.00946,27.412703,4.82,0.9,0.1867219917012448,5.355555555555556,0.05,SD,intermediate,,unmatched,,,
UGC04792,UGC04792,UGC_4792,137.024124,20.503519,8.26,2.79,0.337772397094431,2.9605734767025087,0.11,SB,thick_like,,unmatched,,,
PGC2184328,PGC2184328,PGC_2184328,137.06813,41.639198,4.15,1.24,0.2987951807228915,3.3467741935483875,0.08,SD,thick_like,,unmatched,,,
PGC1658611,PGC1658611,PGC_1658611,137.098877,21.852898,4.44,1.89,0.4256756756756756,2.3492063492063497,0.08,SC,thick_like,,unmatched,,,
PGC1744577,PGC1744577,PGC_1744577,137.099884,25.65579,3.41,1.57,0.4604105571847507,2.171974522292994,0.22,SB,thick_like,,unmatched,,,
SDSSJ090825.16+100628.3,SDSSJ090825161006283,,137.104858,10.107883,3.99,0.76,0.1904761904761904,5.25,0.07,SD,intermediate,,unmatched,,,
2MASXJ09082825+0930387,2MASXJ090828250930387,,137.117538,9.510433,3.76,1.22,0.324468085106383,3.081967213114754,0.09,SC,thick_like,,unmatched,,,
PGC90897,PGC90897,PGC_90897,137.119247,38.705811,10.15,1.56,0.1536945812807881,6.506410256410256,0.07,SB,intermediate,,unmatched,,,
PGC25719,PGC25719,PGC_25719,137.160233,32.592953,7.84,3.2,0.4081632653061224,2.45,0.48,SA,thick_like,,unmatched,,,
PGC2177301,PGC2177301,PGC_2177301,137.191437,41.204163,3.8,1.98,0.5210526315789474,1.9191919191919191,0.34,SB,thick_like,,unmatched,,,
PGC169828,PGC169828,PGC_169828,137.211441,22.710838,5.17,2.56,0.4951644100580271,2.01953125,0.11,SC,thick_like,,unmatched,,,
SDSSJ090900.38+091012.2,SDSSJ090900380910122,,137.251633,9.170025,4.27,1.47,0.3442622950819672,2.9047619047619047,0.08,SC,thick_like,,unmatched,,,
SDSSJ090923.15+273711.8,SDSSJ090923152737118,,137.346451,27.619953,6.04,1.26,0.2086092715231788,4.7936507936507935,0.05,SD,thick_like,,unmatched,,,
PGC2323720,PGC2323720,PGC_2323720,137.352936,48.707851,4.65,1.1,0.2365591397849462,4.227272727272728,0.08,SD,thick_like,,unmatched,,,
PGC25812,PGC25812,PGC_25812,137.400223,38.063393,5.53,2.73,0.4936708860759493,2.025641025641025,0.41,SA,thick_like,,unmatched,,,
SDSSJ090953.72+365214.8,SDSSJ090953723652148,,137.473877,36.870789,4.39,1.37,0.3120728929384966,3.204379562043795,0.07,SC,thick_like,,unmatched,,,
PGC2230693,PGC2230693,PGC_2230693,137.491257,43.851112,5.55,3.05,0.5495495495495495,1.819672131147541,0.46,SA,thick_like,,unmatched,,,
PGC2386880,PGC2386880,PGC_2386880,137.495667,51.017822,5.62,1.03,0.1832740213523131,5.456310679611651,0.06,SD,intermediate,,unmatched,,,
NED,NED,,137.502167,15.993206,5.92,0.77,0.1300675675675675,7.688311688311688,0.04,SD,intermediate,,unmatched,,,
UGC04814,UGC04814,UGC_4814,137.522369,44.618065,11.21,2.56,0.2283675289919714,4.37890625,0.24,SB,thick_like,,unmatched,,,
PGC1980678,PGC1980678,PGC_1980678,137.535446,32.109661,4.6,1.6,0.3478260869565218,2.875,0.1,SC,thick_like,,unmatched,,,
PGC3133560,PGC3133560,PGC_3133560,137.554489,52.72316,6.7,1.64,0.244776119402985,4.085365853658537,0.06,SD,thick_like,,unmatched,,,
SDSSJ091035.57+471022.9,SDSSJ091035574710229,,137.648209,47.17308,6.83,0.96,0.1405563689604685,7.114583333333334,0.05,SD,intermediate,,unmatched,,,
PGC1777708,PGC1777708,PGC_1777708,137.658646,26.475557,6.73,1.21,0.1797919762258543,5.561983471074381,0.05,SD,intermediate,,unmatched,,,
PGC1151858,PGC1151858,PGC_1151858,137.687759,-0.104256,8.6,0.96,0.1116279069767441,8.958333333333334,0.06,SD,intermediate,,unmatched,,,
PGC2300681,PGC2300681,PGC_2300681,137.693359,47.578915,3.84,1.05,0.2734375,3.657142857142857,0.15,SB,thick_like,,unmatched,,,
NED,NED,,137.735321,64.422951,6.58,1.36,0.2066869300911854,4.838235294117647,0.05,SD,thick_like,,unmatched,,,
PGC90899,PGC90899,PGC_90899,137.777954,50.236568,7.19,1.16,0.1613351877607788,6.198275862068966,0.05,SD,intermediate,,unmatched,,,
UGC04828,UGC04828,UGC_4828,137.790726,19.668165,14.12,3.18,0.2252124645892351,4.440251572327044,0.08,SD,thick_like,,unmatched,,,
PGC2129267,PGC2129267,PGC_2129267,137.814621,38.516094,4.67,1.83,0.3918629550321199,2.551912568306011,0.15,SC,thick_like,,unmatched,,,
UGC04833,UGC04833,UGC_4833,137.89856,30.077543,7.6,2.56,0.3368421052631579,2.96875,0.45,SA,thick_like,,unmatched,,,
PGC1513229,PGC1513229,PGC_1513229,137.929382,16.628475,4.23,2.25,0.5319148936170213,1.88,0.13,SC,thick_like,,unmatched,,,
PGC2349365,PGC2349365,PGC_2349365,137.946884,49.65189,5.04,1.24,0.246031746031746,4.064516129032258,0.23,SB,thick_like,,unmatched,,,
PGC2387733,PGC2387733,PGC_2387733,138.020508,51.064861,3.83,1.26,0.3289817232375979,3.0396825396825395,0.07,SD,thick_like,,unmatched,,,
PGC25949,PGC25949,PGC_25949,138.077225,37.682568,6.36,3.39,0.5330188679245284,1.8761061946902653,0.39,SA,thick_like,,unmatched,,,
PGC90900,PGC90900,PGC_90900,138.135757,17.978249,5.75,1.49,0.2591304347826087,3.859060402684564,0.07,SD,thick_like,,unmatched,,,
PGC90901,PGC90901,PGC_90901,138.163605,2.217363,7.33,1.38,0.1882673942701227,5.311594202898551,0.06,SD,intermediate,,unmatched,,,
PGC1841504,PGC1841504,PGC_1841504,138.264984,28.635447,6.26,1.64,0.2619808306709265,3.817073170731708,0.06,SD,thick_like,,unmatched,,,
2MASXJ09130914+4307448,2MASXJ091309144307448,,138.288071,43.129086,5.37,0.97,0.180633147113594,5.536082474226804,0.07,SD,intermediate,,unmatched,,,
SDSSJ091315.10+521755.4,SDSSJ091315105217554,,138.312943,52.298717,4.03,0.96,0.238213399503722,4.197916666666667,0.05,SD,thick_like,,unmatched,,,
PGC90902,PGC90902,PGC_90902,138.437347,38.214222,5.2,1.72,0.3307692307692307,3.0232558139534884,0.24,SB,thick_like,,unmatched,,,
PGC1700813,PGC1700813,PGC_1700813,138.502563,24.149591,3.6,1.13,0.3138888888888888,3.1858407079646023,0.16,SC,thick_like,,unmatched,,,
PGC1329777,PGC1329777,PGC_1329777,138.558319,7.747061,5.71,1.62,0.2837127845884413,3.524691358024691,0.08,SC,thick_like,,unmatched,,,
PGC1571939,PGC1571939,PGC_1571939,138.610092,18.837675,9.7,0.79,0.0814432989690721,12.278481012658226,0.05,SD,thin_like,,unmatched,,,
PGC90904,PGC90904,PGC_90904,138.61795,31.332628,6.43,1.57,0.2441679626749611,4.095541401273885,0.07,SD,thick_like,,unmatched,,,
PGC1271328,PGC1271328,PGC_1271328,138.683258,4.656467,6.51,0.97,0.1490015360983103,6.711340206185567,0.05,SD,intermediate,,unmatched,,,
PGC1393902,PGC1393902,PGC_1393902,138.701004,11.455553,5.36,1.52,0.2835820895522388,3.5263157894736845,0.1,SC,thick_like,,unmatched,,,
SDSSJ091453.49+082310.0,SDSSJ091453490823100,,138.722885,8.386151,4.04,1.06,0.2623762376237624,3.811320754716981,0.07,SC,thick_like,,unmatched,,,
SDSSJ091456.08+312836.9,SDSSJ091456083128369,,138.733688,31.476915,3.49,1.01,0.2893982808022922,3.4554455445544554,0.07,SC,thick_like,,unmatched,,,
2MASXJ09150387+2221331,2MASXJ091503872221331,,138.766083,22.359093,5.48,0.71,0.1295620437956204,7.718309859154931,0.07,SB,intermediate,,unmatched,,,
SDSSJ091512.19+033117.8,SDSSJ091512190331178,,138.800827,3.52163,3.38,1.0,0.2958579881656805,3.38,0.07,SC,thick_like,,unmatched,,,
PGC1541520,PGC1541520,PGC_1541520,138.896591,17.782171,6.73,2.5,0.3714710252600297,2.692,0.13,SC,thick_like,,unmatched,,,
PGC2079402,PGC2079402,PGC_2079402,138.917221,36.364933,4.04,1.71,0.4232673267326732,2.3625730994152048,0.09,SC,thick_like,,unmatched,,,
PGC1250869,PGC1250869,PGC_1250869,138.972412,3.370599,4.14,1.43,0.3454106280193237,2.895104895104895,0.1,SC,thick_like,,unmatched,,,
PGC1121012,PGC1121012,PGC_1121012,139.008728,-1.340955,3.7,1.78,0.481081081081081,2.0786516853932584,0.31,SB,thick_like,,unmatched,,,
PGC1537132,PGC1537132,PGC_1537132,139.017563,17.616697,2.69,1.24,0.4609665427509293,2.169354838709677,0.1,SC,thick_like,,unmatched,,,
SDSSJ091615.55+344320.6,SDSSJ091615553443206,,139.064804,34.722408,4.78,1.1,0.2301255230125523,4.345454545454546,0.07,SC,thick_like,,unmatched,,,
PGC1543948,PGC1543948,PGC_1543948,139.086609,17.868435,3.78,1.74,0.4603174603174603,2.172413793103448,0.13,SC,thick_like,,unmatched,,,
PGC1741321,PGC1741321,PGC_1741321,139.127625,25.568312,5.8,1.23,0.2120689655172414,4.715447154471545,0.07,SD,thick_like,,unmatched,,,
SDSSJ091630.73+083621.3,SDSSJ091630730836213,,139.128036,8.605938,3.92,0.95,0.2423469387755102,4.126315789473685,0.06,SC,thick_like,,unmatched,,,
PGC2226738,PGC2226738,PGC_2226738,139.243668,43.689171,5.54,1.17,0.2111913357400721,4.735042735042735,0.08,SD,thick_like,,unmatched,,,
PGC2686862,PGC2686862,PGC_2686862,139.271606,66.404495,6.01,1.03,0.1713810316139767,5.834951456310679,0.07,SD,intermediate,,unmatched,,,
SDSSJ091706.68+193752.0,SDSSJ091706681937520,,139.277847,19.631124,6.95,1.5,0.2158273381294964,4.633333333333334,0.06,SD,thick_like,,unmatched,,,
NED,NED,,139.325607,44.361904,5.79,0.8,0.1381692573402418,7.2375,0.04,SD,intermediate,,unmatched,,,
SDSSJ091730.16+394049.8,SDSSJ091730163940498,,139.375702,39.680504,5.23,0.93,0.1778202676864244,5.623655913978495,0.06,SD,intermediate,,unmatched,,,
PGC2391935,PGC2391935,PGC_2391935,139.414139,51.308266,4.93,1.11,0.2251521298174442,4.441441441441441,0.08,SD,thick_like,,unmatched,,,
NGC02812,NGC02812,NGC_2812,139.419952,19.918875,5.65,2.24,0.3964601769911504,2.5223214285714284,0.42,SB,thick_like,,unmatched,,,
PGC1196590,PGC1196590,PGC_1196590,139.431152,1.492391,5.1,1.47,0.2882352941176471,3.4693877551020407,0.08,SB,thick_like,,unmatched,,,
NED,NED,,139.461731,22.402893,5.7,0.73,0.1280701754385964,7.808219178082192,0.05,SD,intermediate,,unmatched,,,
UGC04911,UGC04911,UGC_4911,139.513657,54.192692,10.49,1.9,0.1811248808388941,5.521052631578947,0.03,IR,intermediate,,unmatched,,,
PGC1496177,PGC1496177,PGC_1496177,139.531586,15.90996,5.39,2.37,0.4397031539888683,2.2742616033755274,0.22,SB,thick_like,,unmatched,,,
UGC04925,UGC04925,UGC_4925,139.582703,17.753307,10.42,3.52,0.3378119001919386,2.9602272727272725,0.06,SD,thick_like,,unmatched,,,
PGC26296,PGC26296,PGC_26296,139.641479,34.293934,6.6,3.34,0.5060606060606061,1.9760479041916168,0.29,SB,thick_like,,unmatched,,,
PGC1381636,PGC1381636,PGC_1381636,139.666809,10.587852,5.28,2.09,0.3958333333333333,2.5263157894736845,0.12,SC,thick_like,,unmatched,,,
PGC2353461,PGC2353461,PGC_2353461,139.711761,49.788563,4.71,2.11,0.4479830148619957,2.232227488151659,0.28,SB,thick_like,,unmatched,,,
PGC1432660,PGC1432660,PGC_1432660,139.740158,13.50313,4.86,1.28,0.2633744855967078,3.796875,0.23,SB,thick_like,,unmatched,,,
PGC90909,PGC90909,PGC_90909,139.772186,31.103758,5.46,1.45,0.2655677655677655,3.7655172413793103,0.1,SB,thick_like,,unmatched,,,
PGC2325237,PGC2325237,PGC_2325237,139.802155,48.771019,7.41,1.84,0.2483130904183536,4.027173913043479,0.08,SD,thick_like,,unmatched,,,
PGC1781062,PGC1781062,PGC_1781062,139.82608,26.570375,3.53,1.07,0.3031161473087819,3.2990654205607477,0.07,SD,thick_like,,unmatched,,,
PGC2335047,PGC2335047,PGC_2335047,139.847198,49.157291,5.17,2.22,0.4294003868471954,2.328828828828829,0.24,SA,thick_like,,unmatched,,,
NGC02826,NGC02826,NGC_2826,139.850693,33.624001,11.59,4.38,0.3779119930974978,2.646118721461187,0.5,SB,thick_like,,unmatched,,,
PGC1144013,PGC1144013,PGC_1144013,139.884354,-0.410071,5.48,1.24,0.2262773722627737,4.419354838709678,0.06,SC,thick_like,,unmatched,,,
UGC04934,UGC04934,UGC_4934,139.900833,50.879547,11.32,3.29,0.2906360424028268,3.440729483282675,0.19,SB,thick_like,,unmatched,,,
SDSSJ091936.22+265233.2,SDSSJ091936222652332,,139.900925,26.875896,8.1,1.18,0.145679012345679,6.864406779661017,0.04,SD,intermediate,,unmatched,,,
NED,NED,,139.903152,61.250416,6.01,0.88,0.1464226289517471,6.829545454545454,0.04,SD,intermediate,,unmatched,,,
PGC2345477,PGC2345477,PGC_2345477,139.908722,49.522358,3.76,1.28,0.3404255319148936,2.9375,0.17,SB,thick_like,,unmatched,,,
PGC1814058,PGC1814058,PGC_1814058,139.934784,27.643356,3.49,1.73,0.495702005730659,2.017341040462428,0.22,SB,thick_like,,unmatched,,,
PGC2171134,PGC2171134,PGC_2171134,139.944778,40.801994,4.13,1.68,0.4067796610169491,2.458333333333333,0.22,SB,thick_like,,unmatched,,,
UGC04929,UGC04929,UGC_4929,139.964447,67.143471,7.87,2.1,0.2668360864040661,3.747619047619048,0.18,SB,thick_like,,unmatched,,,
2MASXJ09195346+2858424,2MASXJ091953462858424,,139.972687,28.978542,5.59,0.97,0.1735241502683363,5.762886597938144,0.07,SD,intermediate,,unmatched,,,
IC02461,IC02461,IC_2461,139.99176,37.191265,12.53,5.04,0.4022346368715084,2.486111111111111,0.39,SB,thick_like,,unmatched,,,
UGC04949,UGC04949,UGC_4949,140.007736,33.102016,8.76,2.82,0.3219178082191781,3.1063829787234045,0.15,SB,thick_like,,unmatched,,,
SDSSJ092006.41+471316.9,SDSSJ092006414713169,,140.026764,47.221397,3.29,1.14,0.3465045592705167,2.885964912280702,0.1,SC,thick_like,,unmatched,,,
PGC1475087,PGC1475087,PGC_1475087,140.038269,15.094947,4.27,1.32,0.3091334894613584,3.2348484848484844,0.18,SB,thick_like,,unmatched,,,
PGC2503056,PGC2503056,PGC_2503056,140.050171,55.46423,4.89,1.91,0.3905930470347648,2.5602094240837694,0.12,SC,thick_like,,unmatched,,,
PGC1302753,PGC1302753,PGC_1302753,140.101288,6.542668,4.0,2.11,0.5275,1.895734597156398,0.24,SB,thick_like,,unmatched,,,
PGC1892611,PGC1892611,PGC_1892611,140.120514,30.159653,3.84,1.91,0.4973958333333333,2.0104712041884816,0.13,SC,thick_like,,unmatched,,,
PGC90910,PGC90910,PGC_90910,140.121094,39.232693,7.91,1.57,0.1984829329962073,5.038216560509554,0.05,SD,intermediate,,unmatched,,,
AGC193870,AGC193870,,140.124481,12.837748,7.05,1.01,0.1432624113475177,6.98019801980198,0.05,SD,intermediate,,unmatched,,,
AGC193872,AGC193872,,140.178009,12.836139,5.12,1.08,0.2109375,4.7407407407407405,0.07,SD,thick_like,,unmatched,,,
PGC2085061,PGC2085061,PGC_2085061,140.210526,36.683708,4.53,1.79,0.3951434878587196,2.5307262569832405,0.19,SC,thick_like,,unmatched,,,
PGC2125082,PGC2125082,PGC_2125082,140.246185,38.369797,4.35,1.3,0.2988505747126437,3.346153846153846,0.07,SD,thick_like,,unmatched,,,
PGC1219279,PGC1219279,PGC_1219279,140.293442,2.201234,4.45,1.56,0.350561797752809,2.852564102564102,0.11,SB,thick_like,,unmatched,,,
PGC1944731,PGC1944731,PGC_1944731,140.294022,31.387651,2.89,1.44,0.4982698961937716,2.0069444444444446,0.16,SC,thick_like,,unmatched,,,
PGC3133647,PGC3133647,PGC_3133647,140.300079,52.830067,4.53,0.95,0.2097130242825607,4.768421052631579,0.16,SB,thick_like,,unmatched,,,
UGC04969,UGC04969,UGC_4969,140.350876,19.566553,8.61,1.92,0.2229965156794425,4.484375,0.22,SB,thick_like,,unmatched,,,
SDSSJ092132.55+164518.0,SDSSJ092132551645180,,140.385635,16.755022,4.81,0.89,0.185031185031185,5.404494382022471,0.06,SD,intermediate,,unmatched,,,
PGC82375,PGC82375,PGC_82375,140.398804,43.257202,6.21,2.05,0.3301127214170692,3.029268292682927,0.09,SD,thick_like,,unmatched,,,
UGC04970,UGC04970,UGC_4970,140.439835,39.524811,11.37,2.78,0.2445030782761653,4.089928057553957,0.1,SD,thick_like,,unmatched,,,
NGC02820,NGC02820,NGC_2820,140.441864,64.257774,16.86,6.96,0.4128113879003559,2.4224137931034484,0.06,SD,thick_like,,unmatched,,,
PGC2497355,PGC2497355,PGC_2497355,140.44902,55.302254,3.85,1.54,0.4,2.5,0.34,SB,thick_like,,unmatched,,,
PGC2423717,PGC2423717,PGC_2423717,140.486282,52.788925,7.77,2.4,0.3088803088803089,3.2375,0.21,SB,thick_like,,unmatched,,,
PGC2470529,PGC2470529,PGC_2470529,140.521362,54.467339,4.38,1.87,0.4269406392694064,2.3422459893048124,0.3,SB,thick_like,,unmatched,,,
2MASXJ09220603+3740213,2MASXJ092206033740213,,140.524765,37.672695,4.7,1.09,0.2319148936170212,4.311926605504587,0.07,SD,thick_like,,unmatched,,,
PGC1669377,PGC1669377,PGC_1669377,140.527496,22.411139,4.82,1.74,0.3609958506224066,2.770114942528736,0.24,SB,thick_like,,unmatched,,,
PGC2408631,PGC2408631,PGC_2408631,140.567062,52.179619,5.15,1.19,0.2310679611650485,4.327731092436975,0.06,SD,thick_like,,unmatched,,,
PGC2481424,PGC2481424,PGC_2481424,140.570755,54.821404,7.04,1.79,0.2542613636363636,3.932960893854749,0.12,SB,thick_like,,unmatched,,,
PGC2140625,PGC2140625,PGC_2140625,140.622513,38.966152,6.16,2.16,0.3506493506493506,2.851851851851852,0.07,SD,thick_like,,unmatched,,,
PGC26549,PGC26549,PGC_26549,140.659882,50.76506,5.8,2.04,0.3517241379310345,2.8431372549019605,0.22,SB,thick_like,,unmatched,,,
SDSSJ092257.70+072626.7,SDSSJ092257700726267,,140.740417,7.44078,5.96,1.26,0.2114093959731543,4.73015873015873,0.05,SD,thick_like,,unmatched,,,
PGC90912,PGC90912,PGC_90912,140.752991,38.493519,6.59,1.4,0.212443095599393,4.707142857142857,0.06,SB,thick_like,,unmatched,,,
PGC90913,PGC90913,PGC_90913,140.779739,22.692326,8.57,2.25,0.2625437572928821,3.808888888888889,0.1,SD,thick_like,,unmatched,,,
PGC1238426,PGC1238426,PGC_1238426,140.833237,2.824259,4.02,1.14,0.2835820895522388,3.526315789473684,0.08,SC,thick_like,,unmatched,,,
2MASXJ09232295+3300349,2MASXJ092322953300349,,140.84552,33.009663,3.74,1.38,0.3689839572192513,2.7101449275362324,0.34,SB,thick_like,,unmatched,,,
PGC26610,PGC26610,PGC_26610,140.899399,53.601925,5.81,4.14,0.7125645438898451,1.4033816425120773,0.56,SB,thick_like,,unmatched,,,
PGC153941,PGC153941,PGC_153941,140.911026,-1.928243,4.72,2.51,0.5317796610169492,1.8804780876494025,0.18,SC,thick_like,,unmatched,,,
PGC2161469,PGC2161469,PGC_2161469,140.914307,40.154575,6.09,1.48,0.2430213464696223,4.114864864864865,0.06,SD,thick_like,,unmatched,,,
PGC2553925,PGC2553925,PGC_2553925,140.92691,56.990517,4.02,1.24,0.3084577114427861,3.2419354838709675,0.16,SB,thick_like,,unmatched,,,
UGC04992,UGC04992,UGC_4992,140.948929,42.183453,11.17,2.63,0.2354521038495971,4.247148288973384,0.06,SD,thick_like,,unmatched,,,
PGC1426946,PGC1426946,PGC_1426946,140.971222,13.27521,4.22,1.69,0.4004739336492891,2.497041420118343,0.26,SA,thick_like,,unmatched,,,
PGC1206869,PGC1206869,PGC_1206869,140.974045,1.820056,3.06,0.63,0.2058823529411764,4.857142857142857,0.06,SD,thick_like,,unmatched,,,
PGC1913925,PGC1913925,PGC_1913925,140.983017,30.691439,4.23,1.51,0.3569739952718676,2.8013245033112586,0.22,SB,thick_like,,unmatched,,,
PGC1425251,PGC1425251,PGC_1425251,141.005493,13.200927,3.98,1.07,0.2688442211055276,3.719626168224299,0.16,SB,thick_like,,unmatched,,,
PGC1424366,PGC1424366,PGC_1424366,141.025146,13.162722,4.04,2.16,0.5346534653465347,1.8703703703703705,0.3,SB,thick_like,,unmatched,,,
PGC2656345,PGC2656345,PGC_2656345,141.030212,63.475082,4.8,1.21,0.2520833333333333,3.9669421487603302,0.1,SB,thick_like,,unmatched,,,
PGC1729007,PGC1729007,PGC_1729007,141.058563,25.214048,5.35,1.05,0.1962616822429906,5.095238095238095,0.06,SD,intermediate,,unmatched,,,
PGC2304199,PGC2304199,PGC_2304199,141.070648,47.776619,3.25,1.81,0.556923076923077,1.7955801104972375,0.11,SC,thick_like,,unmatched,,,
PGC1187932,PGC1187932,PGC_1187932,141.123474,1.212033,6.31,3.06,0.4849445324881141,2.0620915032679736,0.11,SC,thick_like,,unmatched,,,
PGC2544317,PGC2544317,PGC_2544317,141.201477,56.679119,7.55,1.55,0.2052980132450331,4.870967741935484,0.1,SB,thick_like,,unmatched,,,
PGC1672956,PGC1672956,PGC_1672956,141.203857,22.604509,8.16,2.76,0.338235294117647,2.956521739130435,0.22,SB,thick_like,,unmatched,,,
PGC90916,PGC90916,PGC_90916,141.237305,24.275702,7.43,1.24,0.1668909825033647,5.991935483870968,0.06,SD,intermediate,,unmatched,,,
UGC05012,UGC05012,UGC_5012,141.308624,17.599051,8.64,3.14,0.3634259259259259,2.7515923566878984,0.41,SB,thick_like,,unmatched,,,
PGC26723,PGC26723,PGC_26723,141.344177,50.553673,5.17,2.08,0.402321083172147,2.485576923076923,0.24,SB,thick_like,,unmatched,,,
UGC05017,UGC05017,UGC_5017,141.353455,11.073769,12.47,2.84,0.2277465918203688,4.390845070422536,0.07,SD,thick_like,,unmatched,,,
UGC05014,UGC05014,UGC_5014,141.427765,34.856625,10.8,2.17,0.2009259259259259,4.976958525345623,0.03,SD,thick_like,,unmatched,,,
PGC1508238,PGC1508238,PGC_1508238,141.445084,16.414272,7.67,1.28,0.1668839634941329,5.9921875,0.07,SD,intermediate,,unmatched,,,
SDSSJ092556.51+240317.9,SDSSJ092556512403179,,141.485504,24.054974,3.51,1.0,0.2849002849002849,3.51,0.07,SC,thick_like,,unmatched,,,
NED,NED,,141.556427,46.596741,5.4,1.0,0.1851851851851851,5.4,0.04,SD,intermediate,,unmatched,,,
SDSSJ092619.35+370536.0,SDSSJ092619353705360,,141.580673,37.093349,3.85,1.24,0.3220779220779221,3.1048387096774195,0.06,SC,thick_like,,unmatched,,,
PGC2022336,PGC2022336,PGC_2022336,141.601151,33.06879,4.66,2.48,0.5321888412017167,1.879032258064516,0.27,IR,thick_like,,unmatched,,,
PGC1197336,PGC1197336,PGC_1197336,141.613937,1.518704,2.67,1.18,0.4419475655430711,2.26271186440678,0.11,SB,thick_like,,unmatched,,,
SDSSJ092632.07+261750.3,SDSSJ092632072617503,,141.633621,26.297327,3.55,0.71,0.2,5.0,0.06,SB,intermediate,,unmatched,,,
PGC1262863,PGC1262863,PGC_1262863,141.647415,4.060786,4.14,1.06,0.2560386473429952,3.90566037735849,0.06,SD,thick_like,,unmatched,,,
PGC1122792,PGC1122792,PGC_1122792,141.668869,-1.267349,7.68,0.69,0.08984375,11.130434782608695,0.08,SB,thin_like,,unmatched,,,
UGC05032,UGC05032,UGC_5032,141.68634,1.154291,7.11,2.63,0.3699015471167369,2.7034220532319395,0.28,SB,thick_like,,unmatched,,,
PGC1855003,PGC1855003,PGC_1855003,141.735916,29.07856,6.32,2.23,0.3528481012658228,2.834080717488789,0.42,SA,thick_like,,unmatched,,,
PGC1088225,PGC1088225,PGC_1088225,141.851349,-2.576192,4.3,1.28,0.2976744186046511,3.359375,0.17,SB,thick_like,,unmatched,,,
PGC1665253,PGC1665253,PGC_1665253,141.991882,22.190695,5.31,1.77,0.3333333333333333,3.0,0.38,SB,thick_like,,unmatched,,,
PGC90918,PGC90918,PGC_90918,141.999847,36.537949,5.81,1.76,0.3029259896729776,3.3011363636363638,0.16,SB,thick_like,,unmatched,,,
UGC05033,UGC05033,UGC_5033,142.047668,64.934433,18.53,2.49,0.1343766864543982,7.441767068273091,0.04,SD,intermediate,,unmatched,,,
PGC2290194,PGC2290194,PGC_2290194,142.079529,46.970181,5.13,1.59,0.3099415204678363,3.2264150943396226,0.18,SB,thick_like,,unmatched,,,
PGC2435149,PGC2435149,PGC_2435149,142.173828,53.228062,3.42,1.44,0.4210526315789473,2.375,0.43,SA,thick_like,,unmatched,,,
PGC2184320,PGC2184320,PGC_2184320,142.197784,41.638664,5.19,1.59,0.3063583815028902,3.2641509433962264,0.09,SC,thick_like,,unmatched,,,
PGC2634952,PGC2634952,PGC_2634952,142.205322,62.340816,4.99,2.5,0.501002004008016,1.996,0.12,SC,thick_like,,unmatched,,,
UGC05047,UGC05047,UGC_5047,142.20665,51.560471,18.74,5.17,0.275880469583778,3.624758220502901,0.05,SC,thick_like,,unmatched,,,
UGC05049,UGC05049,UGC_5049,142.230804,49.23848,12.19,4.04,0.3314191960623462,3.017326732673267,0.09,SD,thick_like,,unmatched,,,
PGC1380477,PGC1380477,PGC_1380477,142.244568,10.505434,3.86,1.53,0.3963730569948187,2.522875816993464,0.11,SC,thick_like,,unmatched,,,
PGC2577638,PGC2577638,PGC_2577638,142.260178,58.350185,7.49,1.62,0.2162883845126836,4.6234567901234565,0.24,SB,thick_like,,unmatched,,,
PGC90920,PGC90920,PGC_90920,142.286636,54.683605,8.63,1.59,0.1842410196987253,5.427672955974843,0.2,SB,intermediate,,unmatched,,,
SDSSJ092909.18+450417.6,SDSSJ092909184504176,,142.288177,45.071457,3.4,0.82,0.2411764705882353,4.146341463414634,0.07,SD,thick_like,,unmatched,,,
PGC1810493,PGC1810493,PGC_1810493,142.368912,27.518005,3.05,1.38,0.4524590163934426,2.210144927536232,0.32,SB,thick_like,,unmatched,,,
PGC26924,PGC26924,PGC_26924,142.381363,35.36282,5.4,2.7,0.5,2.0,0.3,SA,thick_like,,unmatched,,,
SDSSJ092953.10+360207.7,SDSSJ092953103602077,,142.471283,36.035496,2.06,0.97,0.4708737864077669,2.1237113402061856,0.07,SB,thick_like,,unmatched,,,
PGC154057,PGC154057,PGC_154057,142.535721,-0.635973,8.83,1.53,0.1732729331823329,5.771241830065359,0.05,SD,intermediate,,unmatched,,,
IC00540,IC00540,IC_540,142.542587,7.902837,10.15,4.94,0.4866995073891625,2.054655870445344,0.28,SC,thick_like,,unmatched,,,
PGC154060,PGC154060,PGC_154060,142.588089,1.682255,5.4,1.79,0.3314814814814815,3.016759776536313,0.3,SB,thick_like,,unmatched,,,
2MASXJ09302276+2232130,2MASXJ093022762232130,,142.594818,22.537134,3.43,0.72,0.2099125364431486,4.763888888888889,0.1,SB,thick_like,,unmatched,,,
PGC1255726,PGC1255726,PGC_1255726,142.790894,3.624099,3.68,2.0,0.5434782608695652,1.84,0.27,SB,thick_like,,unmatched,,,
SDSSJ093111.34-002442.0,SDSSJ093111340024420,,142.797272,-0.411699,2.93,0.99,0.3378839590443686,2.95959595959596,0.07,SC,thick_like,,unmatched,,,
PGC1918112,PGC1918112,PGC_1918112,142.959991,30.790123,3.98,1.99,0.5,2.0,0.24,SB,thick_like,,unmatched,,,
SDSSJ093156.34+082729.4,SDSSJ093156340827294,,142.984787,8.458174,4.27,0.99,0.2318501170960187,4.313131313131313,0.07,SD,thick_like,,unmatched,,,
PGC27072,PGC27072,PGC_27072,143.002914,48.36285,8.43,2.57,0.3048635824436536,3.280155642023346,0.19,SB,thick_like,,unmatched,,,
PGC90923,PGC90923,PGC_90923,143.003296,12.261807,10.15,1.63,0.160591133004926,6.226993865030676,0.05,SD,intermediate,,unmatched,,,
PGC1674011,PGC1674011,PGC_1674011,143.013565,22.666136,3.17,1.34,0.4227129337539432,2.3656716417910446,0.12,SC,thick_like,,unmatched,,,
PGC90924,PGC90924,PGC_90924,143.195297,37.723114,5.87,0.97,0.1652470187393526,6.051546391752578,0.08,SB,intermediate,,unmatched,,,
SDSSJ093247.52+090236.5,SDSSJ093247520902365,,143.198013,9.043482,4.25,0.99,0.2329411764705882,4.292929292929293,0.05,SD,thick_like,,unmatched,,,
NED,NED,,143.285614,54.5909,4.52,1.1,0.2433628318584071,4.1090909090909085,0.04,SD,thick_like,,unmatched,,,
PGC90926,PGC90926,PGC_90926,143.305328,36.105755,5.07,2.11,0.4161735700197238,2.402843601895735,0.21,SB,thick_like,,unmatched,,,
PGC2418443,PGC2418443,PGC_2418443,143.314423,52.577229,4.49,2.21,0.4922048997772828,2.0316742081447967,0.2,SB,thick_like,,unmatched,,,
PGC1698747,PGC1698747,PGC_1698747,143.331223,24.051714,4.08,0.75,0.1838235294117647,5.44,0.06,SD,intermediate,,unmatched,,,
PGC2453344,PGC2453344,PGC_2453344,143.359207,53.874702,5.72,1.37,0.2395104895104895,4.175182481751825,0.07,SD,thick_like,,unmatched,,,
PGC2572275,PGC2572275,PGC_2572275,143.403503,57.899654,4.8,1.3,0.2708333333333333,3.692307692307692,0.07,SD,thick_like,,unmatched,,,
PGC2171403,PGC2171403,PGC_2171403,143.441071,40.818577,3.54,1.36,0.384180790960452,2.602941176470588,0.11,SC,thick_like,,unmatched,,,
PGC2708425,PGC2708425,PGC_2708425,143.52626,67.921486,5.66,2.51,0.4434628975265017,2.254980079681275,0.08,SC,thick_like,,unmatched,,,
PGC2310459,PGC2310459,PGC_2310459,143.577225,48.09935,5.85,2.24,0.382905982905983,2.6116071428571423,0.12,SC,thick_like,,unmatched,,,
PGC1254239,PGC1254239,PGC_1254239,143.651199,3.544969,4.05,1.79,0.4419753086419753,2.2625698324022343,0.09,SD,thick_like,,unmatched,,,
PGC1801374,PGC1801374,PGC_1801374,143.659714,27.220774,3.94,1.36,0.3451776649746193,2.897058823529412,0.23,SB,thick_like,,unmatched,,,
PGC90928,PGC90928,PGC_90928,143.786942,59.378292,9.22,1.48,0.1605206073752711,6.22972972972973,0.06,SD,intermediate,,unmatched,,,
PGC2476638,PGC2476638,PGC_2476638,143.78775,54.673164,5.54,1.79,0.3231046931407942,3.094972067039106,0.14,SC,thick_like,,unmatched,,,
2MASXJ09354283+5533090,2MASXJ093542835533090,,143.928833,55.552616,3.82,1.18,0.3089005235602094,3.2372881355932206,0.11,SC,thick_like,,unmatched,,,
PGC27283,PGC27283,PGC_27283,143.942825,24.379044,6.33,2.44,0.3854660347551342,2.594262295081968,0.27,SB,thick_like,,unmatched,,,
PGC90930,PGC90930,PGC_90930,143.958862,22.924189,5.98,0.98,0.1638795986622073,6.102040816326531,0.04,SD,intermediate,,unmatched,,,
PGC1177887,PGC1177887,PGC_1177887,143.971909,0.875951,5.94,1.92,0.3232323232323232,3.0937500000000004,0.22,SB,thick_like,,unmatched,,,
SDSSJ093554.11+593940.0,SDSSJ093554115939400,,143.975861,59.661224,12.82,0.9,0.0702028081123244,14.244444444444444,0.04,SD,thin_like,,unmatched,,,
SDSSJ093606.11+102347.9,SDSSJ093606111023479,,144.025482,10.396667,4.85,1.22,0.2515463917525773,3.9754098360655736,0.06,SD,thick_like,,unmatched,,,
SDSSJ093607.96+080837.1,SDSSJ093607960808371,,144.033203,8.143648,7.46,0.96,0.128686327077748,7.770833333333334,0.04,SD,intermediate,,unmatched,,,
SDSSJ093620.10+171125.7,SDSSJ093620101711257,,144.083771,17.190493,10.1,1.72,0.1702970297029703,5.872093023255814,0.04,SD,intermediate,,unmatched,,,
SDSSJ093620.76+433436.9,SDSSJ093620764334369,,144.083801,43.576332,13.22,2.74,0.2072617246596066,4.824817518248175,0.04,IR,thick_like,,unmatched,,,
PGC1683902,PGC1683902,PGC_1683902,144.108841,23.24081,5.82,1.34,0.2302405498281787,4.343283582089552,0.08,SB,thick_like,,unmatched,,,
PGC90931,PGC90931,PGC_90931,144.127426,15.548767,7.37,1.75,0.2374491180461329,4.211428571428572,0.05,SD,thick_like,,unmatched,,,
PGC1235152,PGC1235152,PGC_1235152,144.169739,2.703563,3.58,1.77,0.494413407821229,2.0225988700564974,0.11,SC,thick_like,,unmatched,,,
2MASXJ09364106+1014164,2MASXJ093641061014164,,144.171082,10.237733,5.01,1.79,0.3572854291417165,2.798882681564246,0.26,SB,thick_like,,unmatched,,,
UGC05113,UGC05113,UGC_5113,144.237808,66.548691,10.34,4.64,0.448742746615087,2.228448275862069,0.4,SA,thick_like,,unmatched,,,
PGC1366557,PGC1366557,PGC_1366557,144.259735,9.539986,5.63,2.82,0.5008880994671403,1.99645390070922,0.2,SC,thick_like,,unmatched,,,
PGC1841357,PGC1841357,PGC_1841357,144.291824,28.630182,3.77,1.9,0.5039787798408488,1.9842105263157896,0.13,SC,thick_like,,unmatched,,,
SDSSJ093716.45+014109.1,SDSSJ093716450141091,,144.318573,1.685874,3.66,1.05,0.2868852459016393,3.4857142857142858,0.08,SB,thick_like,,unmatched,,,
PGC3098246,PGC3098246,PGC_3098246,144.318878,36.198402,5.28,1.24,0.2348484848484848,4.258064516129033,0.13,SB,thick_like,,unmatched,,,
PGC1517365,PGC1517365,PGC_1517365,144.433655,16.803286,4.47,2.01,0.4496644295302013,2.2238805970149254,0.17,SC,thick_like,,unmatched,,,
PGC1915577,PGC1915577,PGC_1915577,144.455139,30.730497,4.01,1.55,0.3865336658354115,2.587096774193548,0.19,SB,thick_like,,unmatched,,,
PGC2477784,PGC2477784,PGC_2477784,144.481003,54.708504,3.45,1.08,0.3130434782608696,3.194444444444444,0.13,SB,thick_like,,unmatched,,,
PGC1983381,PGC1983381,PGC_1983381,144.49939,32.162434,3.89,1.82,0.467866323907455,2.1373626373626373,0.14,SC,thick_like,,unmatched,,,
PGC90933,PGC90933,PGC_90933,144.533768,55.68037,6.28,1.38,0.2197452229299362,4.55072463768116,0.08,SD,thick_like,,unmatched,,,
SDSSJ093826.81+113305.1,SDSSJ093826811133051,,144.611725,11.551437,3.89,0.66,0.1696658097686375,5.893939393939394,0.08,SC,intermediate,,unmatched,,,
2MASXJ09383235+2044199,2MASXJ093832352044199,,144.635086,20.738909,4.58,0.96,0.2096069868995633,4.770833333333334,0.06,SD,thick_like,,unmatched,,,
PGC1357194,PGC1357194,PGC_1357194,144.644974,8.969507,4.01,1.47,0.3665835411471322,2.7278911564625847,0.26,SB,thick_like,,unmatched,,,
2MASXJ09383625+3436311,2MASXJ093836253436311,,144.650925,34.608742,4.34,1.9,0.4377880184331797,2.284210526315789,0.34,SB,thick_like,,unmatched,,,
PGC1572985,PGC1572985,PGC_1572985,144.662186,18.86927,6.81,2.58,0.3788546255506608,2.63953488372093,0.19,SC,thick_like,,unmatched,,,
SDSSJ093901.50+503559.6,SDSSJ093901505035596,,144.756287,50.599888,4.9,1.63,0.3326530612244897,3.006134969325154,0.08,SB,thick_like,,unmatched,,,
2MASXJ09392378+6423346,2MASXJ093923786423346,,144.849152,64.392975,5.73,1.07,0.1867364746945898,5.355140186915888,0.12,SB,intermediate,,unmatched,,,
PGC2197686,PGC2197686,PGC_2197686,144.857712,42.378056,3.57,1.92,0.5378151260504201,1.859375,0.23,SB,thick_like,,unmatched,,,
NED,NED,,144.880463,28.420708,5.25,0.99,0.1885714285714285,5.303030303030303,0.06,SD,intermediate,,unmatched,,,
UGC05148,UGC05148,UGC_5148,144.889313,11.509772,10.07,3.54,0.3515392254220457,2.844632768361582,0.15,IR,thick_like,,unmatched,,,
UGC05149,UGC05149,UGC_5149,144.941666,20.999735,15.03,2.14,0.1423819028609448,7.023364485981308,0.05,SD,intermediate,,unmatched,,,
PGC1849782,PGC1849782,PGC_1849782,144.956039,28.910437,4.15,1.48,0.3566265060240963,2.8040540540540544,0.32,SB,thick_like,,unmatched,,,
SDSSJ094004.04+331050.7,SDSSJ094004043310507,,145.016846,33.180756,8.75,1.17,0.1337142857142857,7.478632478632479,0.06,SD,intermediate,,unmatched,,,
PGC90934,PGC90934,PGC_90934,145.071716,34.881748,9.01,1.38,0.1531631520532741,6.528985507246377,0.05,SD,intermediate,,unmatched,,,
PGC90935,PGC90935,PGC_90935,145.081085,33.810543,6.82,1.38,0.2023460410557184,4.942028985507247,0.09,SD,thick_like,,unmatched,,,
2MASXJ09403720+3916180,2MASXJ094037203916180,,145.154999,39.27169,4.65,1.04,0.2236559139784946,4.471153846153847,0.05,SD,thick_like,,unmatched,,,
PGC27618,PGC27618,PGC_27618,145.157928,19.580503,4.8,1.3,0.2708333333333333,3.692307692307692,0.08,SD,thick_like,,unmatched,,,
SDSSJ094044.75+094353.9,SDSSJ094044750943539,,145.186493,9.731671,7.01,0.9,0.1283880171184022,7.788888888888889,0.04,SD,intermediate,,unmatched,,,
SDSSJ094058.44+030251.1,SDSSJ094058440302511,,145.243515,3.047538,3.75,1.09,0.2906666666666667,3.440366972477064,0.09,SC,thick_like,,unmatched,,,
2MASXJ09411277+2333080,2MASXJ094112772333080,,145.303375,23.552105,4.74,0.75,0.1582278481012658,6.32,0.06,SD,intermediate,,unmatched,,,
2MASXJ09411879+6109042,2MASXJ094118796109042,,145.328613,61.151131,5.98,1.35,0.225752508361204,4.42962962962963,0.07,SC,thick_like,,unmatched,,,
PGC27683,PGC27683,PGC_27683,145.398788,11.469878,5.75,2.94,0.5113043478260869,1.95578231292517,0.49,SA,thick_like,,unmatched,,,
PGC1307458,PGC1307458,PGC_1307458,145.427719,6.786315,4.42,1.22,0.2760180995475113,3.622950819672131,0.07,SD,thick_like,,unmatched,,,
PGC2338347,PGC2338347,PGC_2338347,145.486801,49.275696,3.97,1.43,0.3602015113350125,2.7762237762237767,0.12,SC,thick_like,,unmatched,,,
IC00555,IC00555,IC_555,145.487045,12.296284,10.74,9.05,0.8426443202979517,1.1867403314917129,0.55,SA,thick_like,,unmatched,,,
NED,NED,,145.489822,13.368248,3.91,0.86,0.2199488491048593,4.546511627906977,0.06,SD,thick_like,,unmatched,,,
PGC2063361,PGC2063361,PGC_2063361,145.501205,35.364529,6.15,1.14,0.1853658536585365,5.394736842105264,0.05,SD,intermediate,,unmatched,,,
SDSSJ094201.02+510309.2,SDSSJ094201025103092,,145.504288,51.052578,5.9,0.91,0.1542372881355932,6.483516483516484,0.05,SD,intermediate,,unmatched,,,
NED,NED,,145.510849,48.092495,7.98,2.03,0.2543859649122806,3.931034482758621,0.06,SD,thick_like,,unmatched,,,
PGC1754793,PGC1754793,PGC_1754793,145.578903,25.91135,3.78,1.41,0.373015873015873,2.6808510638297878,0.14,SC,thick_like,,unmatched,,,
SDSSJ094303.23+063156.4,SDSSJ094303230631564,,145.763474,6.53237,3.18,1.03,0.3238993710691824,3.087378640776699,0.1,SB,thick_like,,unmatched,,,
PGC1676787,PGC1676787,PGC_1676787,145.836517,22.827694,4.23,2.02,0.4775413711583924,2.094059405940594,0.21,SC,thick_like,,unmatched,,,
SDSSJ094320.90+382331.3,SDSSJ094320903823313,,145.837097,38.392029,3.72,0.96,0.2580645161290322,3.875,0.06,SB,thick_like,,unmatched,,,
PGC82518,PGC82518,PGC_82518,145.861542,42.18679,7.59,2.36,0.3109354413702239,3.2161016949152543,0.09,SC,thick_like,,unmatched,,,
PGC2314048,PGC2314048,PGC_2314048,145.875626,48.278442,4.9,1.47,0.3,3.333333333333333,0.13,SC,thick_like,,unmatched,,,
UGC05194,UGC05194,UGC_5194,145.880753,34.041992,8.26,2.7,0.3268765133171913,3.059259259259259,0.09,SC,thick_like,,unmatched,,,
SDSSJ094340.70+020500.2,SDSSJ094340700205002,,145.919601,2.083408,4.46,0.85,0.1905829596412556,5.247058823529412,0.07,SC,intermediate,,unmatched,,,
SDSSJ094343.72+025659.5,SDSSJ094343720256595,,145.932205,2.949869,5.12,1.16,0.2265624999999999,4.413793103448277,0.07,SB,thick_like,,unmatched,,,
PGC90938,PGC90938,PGC_90938,145.940567,14.679993,5.86,1.63,0.2781569965870307,3.595092024539878,0.07,SB,thick_like,,unmatched,,,
PGC2241510,PGC2241510,PGC_2241510,145.944855,44.315781,4.71,1.85,0.3927813163481953,2.5459459459459457,0.11,SC,thick_like,,unmatched,,,
PGC2151237,PGC2151237,PGC_2151237,145.955414,39.521358,4.26,2.11,0.4953051643192488,2.018957345971564,0.5,SA,thick_like,,unmatched,,,
2MASXJ09440312+1116164,2MASXJ094403121116164,,146.013016,11.271163,3.74,1.17,0.3128342245989304,3.1965811965811968,0.11,SB,thick_like,,unmatched,,,
NED,NED,,146.130295,11.63745,5.6,0.77,0.1375,7.272727272727272,0.06,SD,intermediate,,unmatched,,,
PGC1863953,PGC1863953,PGC_1863953,146.151718,29.365417,3.66,1.62,0.4426229508196721,2.259259259259259,0.08,SC,thick_like,,unmatched,,,
2MASXJ09443982+0902272,2MASXJ094439820902272,,146.165848,9.040626,8.09,1.02,0.1260815822002472,7.931372549019607,0.05,SD,intermediate,,unmatched,,,
SDSSJ094445.09+425011.5,SDSSJ094445094250115,,146.187881,42.836552,2.95,0.9,0.3050847457627118,3.2777777777777777,0.1,SC,thick_like,,unmatched,,,
PGC93043,PGC93043,PGC_93043,146.286987,30.640778,7.43,1.13,0.152086137281292,6.575221238938053,0.04,SD,intermediate,,unmatched,,,
PGC1553839,PGC1553839,PGC_1553839,146.338867,18.234621,3.11,1.63,0.5241157556270096,1.9079754601226997,0.14,SC,thick_like,,unmatched,,,
AGC193910,AGC193910,,146.339142,14.57994,6.0,2.07,0.345,2.8985507246376816,0.06,SC,thick_like,,unmatched,,,
PGC2412923,PGC2412923,PGC_2412923,146.437378,52.357262,5.43,1.9,0.3499079189686924,2.857894736842105,0.14,SB,thick_like,,unmatched,,,
PGC27986,PGC27986,PGC_27986,146.448288,54.776623,5.96,3.37,0.5654362416107382,1.768545994065282,0.14,SC,thick_like,,unmatched,,,
PGC28000,PGC28000,PGC_28000,146.478775,53.887077,5.04,2.31,0.4583333333333333,2.1818181818181817,0.36,SB,thick_like,,unmatched,,,
PGC1345832,PGC1345832,PGC_1345832,146.541779,8.386935,4.58,1.92,0.4192139737991266,2.385416666666667,0.11,SC,thick_like,,unmatched,,,
PGC2417227,PGC2417227,PGC_2417227,146.566498,52.52951,3.9,2.22,0.5692307692307693,1.7567567567567566,0.17,SC,thick_like,,unmatched,,,
PGC1130445,PGC1130445,PGC_1130445,146.571304,-0.957187,3.63,1.7,0.4683195592286501,2.135294117647059,0.12,SC,thick_like,,unmatched,,,
SDSSJ094622.59+381933.9,SDSSJ094622593819339,,146.594147,38.326096,4.1,1.39,0.3390243902439024,2.949640287769784,0.07,SC,thick_like,,unmatched,,,
SDSSJ094622.67-000759.4,SDSSJ094622670007594,,146.594437,-0.13314,5.56,1.08,0.1942446043165467,5.148148148148147,0.05,SD,intermediate,,unmatched,,,
PGC1916202,PGC1916202,PGC_1916202,146.667358,30.745625,4.22,2.04,0.4834123222748815,2.068627450980392,0.17,SC,thick_like,,unmatched,,,
UGC05235,UGC05235,UGC_5235,146.724777,23.023214,11.01,2.36,0.2143505903723887,4.665254237288136,0.04,SD,thick_like,,unmatched,,,
PGC2634935,PGC2634935,PGC_2634935,146.754105,62.339561,5.05,2.0,0.396039603960396,2.525,0.09,SC,thick_like,,unmatched,,,
PGC1357553,PGC1357553,PGC_1357553,146.773605,8.991057,5.69,1.25,0.2196836555360281,4.5520000000000005,0.07,SD,thick_like,,unmatched,,,
PGC1666600,PGC1666600,PGC_1666600,146.793961,22.261787,5.74,2.16,0.3763066202090592,2.6574074074074074,0.22,SC,thick_like,,unmatched,,,
PGC1909507,PGC1909507,PGC_1909507,146.821625,30.582909,4.94,2.52,0.5101214574898785,1.9603174603174605,0.1,SC,thick_like,,unmatched,,,
2MASXJ09471794+5354202,2MASXJ094717945354202,,146.824554,53.905579,3.83,1.54,0.402088772845953,2.487012987012987,0.21,SB,thick_like,,unmatched,,,
PGC2210160,PGC2210160,PGC_2210160,146.832947,42.972504,4.31,1.97,0.4570765661252901,2.1878172588832485,0.2,SB,thick_like,,unmatched,,,
PGC2201792,PGC2201792,PGC_2201792,146.842499,42.579998,4.27,2.02,0.4730679156908665,2.113861386138613,0.33,SB,thick_like,,unmatched,,,
UGC05245,UGC05245,UGC_5245,146.893723,-2.032541,27.92,5.82,0.2084527220630372,4.797250859106529,0.04,IR,thick_like,,unmatched,,,
NED,NED,,146.918793,-1.507454,4.72,0.66,0.1398305084745763,7.151515151515151,0.05,SD,intermediate,,unmatched,,,
PGC1328875,PGC1328875,PGC_1328875,146.939941,7.711094,7.22,1.15,0.1592797783933518,6.278260869565218,0.06,SD,intermediate,,unmatched,,,
PGC90947,PGC90947,PGC_90947,147.086761,25.334532,7.54,1.35,0.1790450928381963,5.585185185185185,0.09,SB,intermediate,,unmatched,,,
PGC1867183,PGC1867183,PGC_1867183,147.146866,29.466003,7.76,1.06,0.1365979381443299,7.320754716981131,0.06,SB,intermediate,,unmatched,,,
PGC2784686,PGC2784686,PGC_2784686,147.146912,81.19281,4.27,1.61,0.3770491803278689,2.652173913043478,0.3,SB,thick_like,,unmatched,,,
PGC90949,PGC90949,PGC_90949,147.237686,33.043324,7.74,1.96,0.2532299741602067,3.948979591836735,0.06,SD,thick_like,,unmatched,,,
UGC05255,UGC05255,UGC_5255,147.307022,35.04298,7.01,3.9,0.5563480741797432,1.7974358974358975,0.31,SC,thick_like,,unmatched,,,
NGC03005,NGC03005,NGC_3005,147.312408,44.13089,5.9,3.31,0.5610169491525423,1.782477341389728,0.14,SC,thick_like,,unmatched,,,
NED,NED,,147.32811,15.815582,4.48,1.47,0.3281249999999999,3.047619047619048,0.12,SD,thick_like,,unmatched,,,
UGC05258,UGC05258,UGC_5258,147.357544,14.657346,17.32,2.91,0.168013856812933,5.951890034364261,0.05,SD,intermediate,,unmatched,,,
PGC2100322,PGC2100322,PGC_2100322,147.358597,37.419277,4.83,1.11,0.2298136645962733,4.351351351351351,0.1,SB,thick_like,,unmatched,,,
PGC1781650,PGC1781650,PGC_1781650,147.376511,26.586914,3.84,1.44,0.375,2.6666666666666665,0.09,SC,thick_like,,unmatched,,,
PGC1383791,PGC1383791,PGC_1383791,147.396179,10.739586,5.66,1.39,0.2455830388692579,4.071942446043166,0.09,SD,thick_like,,unmatched,,,
PGC2297006,PGC2297006,PGC_2297006,147.443985,47.37225,3.96,1.58,0.398989898989899,2.5063291139240507,0.13,SC,thick_like,,unmatched,,,
PGC1418618,PGC1418618,PGC_1418618,147.472427,12.909063,5.0,1.77,0.354,2.824858757062147,0.19,SB,thick_like,,unmatched,,,
PGC90951,PGC90951,PGC_90951,147.492645,5.520193,8.48,2.42,0.285377358490566,3.504132231404959,0.06,SD,thick_like,,unmatched,,,
PGC2134983,PGC2134983,PGC_2134983,147.541153,38.728752,4.15,1.98,0.4771084337349397,2.095959595959596,0.41,SA,thick_like,,unmatched,,,
SDSSJ095012.72+095752.4,SDSSJ095012720957524,,147.55304,9.964575,3.93,0.81,0.2061068702290076,4.851851851851852,0.07,SD,thick_like,,unmatched,,,
PGC1801982,PGC1801982,PGC_1801982,147.569199,27.240173,3.06,1.23,0.4019607843137254,2.4878048780487805,0.12,SB,thick_like,,unmatched,,,
SDSSJ095025.56+111820.4,SDSSJ095025561118204,,147.606537,11.305698,4.47,0.8,0.1789709172259508,5.5875,0.07,SD,intermediate,,unmatched,,,
UGC05260,UGC05260,UGC_5260,147.650406,64.488098,9.62,2.96,0.3076923076923077,3.25,0.14,SC,thick_like,,unmatched,,,
PGC1294499,PGC1294499,PGC_1294499,147.681793,6.097073,5.55,1.32,0.2378378378378378,4.204545454545454,0.07,SD,thick_like,,unmatched,,,
PGC90952,PGC90952,PGC_90952,147.744583,37.966351,10.54,2.27,0.2153700189753321,4.6431718061674,0.18,SB,thick_like,,unmatched,,,
PGC1833543,PGC1833543,PGC_1833543,147.806824,28.35825,5.04,1.77,0.3511904761904761,2.847457627118644,0.22,SB,thick_like,,unmatched,,,
PGC28396,PGC28396,PGC_28396,147.862762,-1.749246,15.29,2.26,0.1478090255068672,6.765486725663717,0.05,IR,intermediate,,unmatched,,,
PGC2095324,PGC2095324,PGC_2095324,147.867462,37.210617,4.54,1.9,0.4185022026431718,2.389473684210526,0.34,SB,thick_like,,unmatched,,,
PGC1284968,PGC1284968,PGC_1284968,147.87265,5.534006,3.84,0.87,0.2265625,4.413793103448276,0.09,SB,thick_like,,unmatched,,,
SDSSJ095132.88+401523.7,SDSSJ095132884015237,,147.887039,40.256592,5.56,1.59,0.2859712230215828,3.4968553459119494,0.06,SC,thick_like,,unmatched,,,
PGC1296386,PGC1296386,PGC_1296386,147.952438,6.203366,4.82,1.67,0.3464730290456431,2.88622754491018,0.29,SB,thick_like,,unmatched,,,
PGC1301146,PGC1301146,PGC_1301146,147.984299,6.463215,4.45,1.17,0.2629213483146067,3.803418803418804,0.09,SC,thick_like,,unmatched,,,
2MASXJ09520676+2638256,2MASXJ095206762638256,,148.028381,26.640337,9.31,1.32,0.1417830290010741,7.053030303030303,0.04,SD,intermediate,,unmatched,,,
PGC1549608,PGC1549608,PGC_1549608,148.043716,18.079956,3.47,1.87,0.5389048991354467,1.855614973262032,0.34,SB,thick_like,,unmatched,,,
PGC2291943,PGC2291943,PGC_2291943,148.062286,47.075687,5.67,1.7,0.2998236331569665,3.335294117647059,0.12,SB,thick_like,,unmatched,,,
PGC2626410,PGC2626410,PGC_2626410,148.120102,61.881504,4.99,0.98,0.1963927855711422,5.091836734693878,0.05,SB,intermediate,,unmatched,,,
PGC1373174,PGC1373174,PGC_1373174,148.182755,10.000294,5.18,1.57,0.3030888030888031,3.2993630573248405,0.1,SD,thick_like,,unmatched,,,
PGC90956,PGC90956,PGC_90956,148.186539,44.627571,11.17,1.84,0.1647269471799463,6.070652173913043,0.05,SD,intermediate,,unmatched,,,
PGC1132959,PGC1132959,PGC_1132959,148.269455,-0.856694,4.25,1.37,0.3223529411764706,3.102189781021897,0.14,SB,thick_like,,unmatched,,,
PGC90957,PGC90957,PGC_90957,148.284058,54.362118,5.62,1.34,0.2384341637010676,4.1940298507462686,0.08,SB,thick_like,,unmatched,,,
SDSSJ095314.34+085504.5,SDSSJ095314340855045,,148.309753,8.917919,6.15,1.11,0.1804878048780487,5.54054054054054,0.06,SD,intermediate,,unmatched,,,
PGC28491,PGC28491,PGC_28491,148.313202,11.247738,5.84,2.73,0.4674657534246575,2.139194139194139,0.5,SB,thick_like,,unmatched,,,
NGC03042,NGC03042,NGC_3042,148.334091,0.697763,7.46,4.85,0.6501340482573726,1.5381443298969073,0.48,SB,thick_like,,unmatched,,,
UGC05301,UGC05301,UGC_5301,148.336456,42.84523,13.82,3.28,0.2373371924746743,4.213414634146342,0.05,SD,thick_like,,unmatched,,,
PGC3122284,PGC3122284,PGC_3122284,148.357697,2.811855,3.34,1.16,0.3473053892215569,2.8793103448275863,0.07,IR,thick_like,,unmatched,,,
PGC90958,PGC90958,PGC_90958,148.363983,19.697132,7.07,1.57,0.222065063649222,4.503184713375796,0.12,SD,thick_like,,unmatched,,,
SDSSJ095350.88+184256.9,SDSSJ095350881842569,,148.462036,18.715826,4.53,1.06,0.2339955849889624,4.273584905660377,0.05,SD,thick_like,,unmatched,,,
UGC05314,UGC05314,UGC_5314,148.462677,8.878176,8.91,2.22,0.2491582491582492,4.013513513513513,0.13,SB,thick_like,,unmatched,,,
SDSSJ095357.29+112155.0,SDSSJ095357291121550,,148.488739,11.365286,4.77,0.58,0.1215932914046121,8.224137931034482,0.05,SD,intermediate,,unmatched,,,
SDSSJ095400.60+084638.7,SDSSJ095400600846387,,148.502502,8.777435,4.74,1.62,0.3417721518987341,2.925925925925926,0.06,SC,thick_like,,unmatched,,,
SDSSJ095401.51+353243.6,SDSSJ095401513532436,,148.506302,35.545448,3.06,0.89,0.2908496732026144,3.438202247191011,0.11,SC,thick_like,,unmatched,,,
NED,NED,,148.558929,2.480328,4.53,0.76,0.1677704194260485,5.960526315789474,0.04,SD,intermediate,,unmatched,,,
PGC2034612,PGC2034612,PGC_2034612,148.571686,33.56218,5.02,1.83,0.3645418326693228,2.7431693989071038,0.28,SB,thick_like,,unmatched,,,
PGC28582,PGC28582,PGC_28582,148.665665,29.716251,10.22,2.13,0.2084148727984344,4.7981220657277,0.06,SD,thick_like,,unmatched,,,
SDSSJ095447.52+262303.7,SDSSJ095447522623037,,148.698029,26.384365,8.16,0.62,0.0759803921568627,13.161290322580646,0.06,SD,thin_like,,unmatched,,,
PGC2227412,PGC2227412,PGC_2227412,148.727829,43.715572,3.46,1.75,0.5057803468208093,1.977142857142857,0.2,SB,thick_like,,unmatched,,,
PGC2090030,PGC2090030,PGC_2090030,148.729996,36.954475,4.39,1.62,0.3690205011389522,2.709876543209876,0.19,SB,thick_like,,unmatched,,,
NED,NED,,148.751648,34.871384,4.85,0.9,0.1855670103092783,5.388888888888888,0.05,SD,intermediate,,unmatched,,,
PGC92904,PGC92904,PGC_92904,148.843903,35.84985,5.64,2.06,0.3652482269503546,2.7378640776699026,0.18,SC,thick_like,,unmatched,,,
SDSSJ095602.82+094023.9,SDSSJ095602820940239,,149.011765,9.673318,8.48,0.97,0.1143867924528301,8.742268041237114,0.03,SD,intermediate,,unmatched,,,
PGC90961,PGC90961,PGC_90961,149.014603,55.526352,5.49,2.28,0.4153005464480874,2.4078947368421058,0.3,SB,thick_like,,unmatched,,,
PGC2174057,PGC2174057,PGC_2174057,149.056564,40.994026,3.71,1.64,0.4420485175202156,2.2621951219512195,0.08,SC,thick_like,,unmatched,,,
PGC1841319,PGC1841319,PGC_1841319,149.061829,28.628546,3.65,1.86,0.5095890410958904,1.9623655913978493,0.12,SC,thick_like,,unmatched,,,
PGC2043624,PGC2043624,PGC_2043624,149.067932,34.086239,4.12,1.86,0.4514563106796116,2.21505376344086,0.54,SA,thick_like,,unmatched,,,
PGC2254562,PGC2254562,PGC_2254562,149.084122,44.899448,3.71,1.94,0.522911051212938,1.9123711340206184,0.27,SB,thick_like,,unmatched,,,
PGC1408573,PGC1408573,PGC_1408573,149.108749,12.384385,4.39,1.67,0.3804100227790433,2.62874251497006,0.2,SC,thick_like,,unmatched,,,
PGC90966,PGC90966,PGC_90966,149.117935,0.183972,5.82,1.72,0.2955326460481099,3.3837209302325584,0.1,SB,thick_like,,unmatched,,,
UGC05341,UGC05341,UGC_5341,149.149673,20.645645,39.03,4.15,0.1063284652831155,9.404819277108434,0.06,SD,intermediate,,unmatched,,,
PGC1386174,PGC1386174,PGC_1386174,149.149796,10.905773,4.78,1.65,0.3451882845188284,2.8969696969696974,0.13,SB,thick_like,,unmatched,,,
PGC1218246,PGC1218246,PGC_1218246,149.170761,2.170841,7.76,2.13,0.2744845360824742,3.643192488262911,0.13,SB,thick_like,,unmatched,,,
NED,NED,,149.17749,45.793587,5.44,0.66,0.1213235294117647,8.242424242424242,0.04,SD,intermediate,,unmatched,,,
PGC2481627,PGC2481627,PGC_2481627,149.19664,54.828445,4.96,1.39,0.2802419354838709,3.568345323741007,0.1,SC,thick_like,,unmatched,,,
PGC1257386,PGC1257386,PGC_1257386,149.204712,3.719937,3.95,1.08,0.2734177215189873,3.657407407407408,0.16,SB,thick_like,,unmatched,,,
PGC1282221,PGC1282221,PGC_1282221,149.225037,5.361097,4.41,1.36,0.3083900226757369,3.242647058823529,0.16,SB,thick_like,,unmatched,,,
PGC2045744,PGC2045744,PGC_2045744,149.23526,34.22052,5.13,1.47,0.2865497076023391,3.489795918367347,0.11,SB,thick_like,,unmatched,,,
PGC1186941,PGC1186941,PGC_1186941,149.280533,1.180168,4.0,1.83,0.4575,2.185792349726776,0.19,SC,thick_like,,unmatched,,,
PGC2388932,PGC2388932,PGC_2388932,149.296738,51.133717,6.55,1.11,0.1694656488549618,5.900900900900901,0.06,SD,intermediate,,unmatched,,,
UGC05347,UGC05347,UGC_5347,149.318848,4.526973,13.06,3.01,0.2304747320061255,4.338870431893688,0.06,SD,thick_like,,unmatched,,,
PGC2138839,PGC2138839,PGC_2138839,149.327148,38.886433,5.13,3.25,0.6335282651072125,1.5784615384615384,0.49,SB,thick_like,,unmatched,,,
PGC2408251,PGC2408251,PGC_2408251,149.336182,52.164074,4.74,1.34,0.2827004219409282,3.5373134328358207,0.12,SB,thick_like,,unmatched,,,
PGC1181032,PGC1181032,PGC_1181032,149.363022,0.985513,3.42,1.76,0.5146198830409356,1.943181818181818,0.08,SC,thick_like,,unmatched,,,
UGC05345,UGC05345,UGC_5345,149.3983,45.2299,8.17,4.1,0.5018359853121175,1.9926829268292685,0.29,SA,thick_like,,unmatched,,,
SDSSJ095738.97+111800.7,SDSSJ095738971118007,,149.412399,11.300196,6.4,2.25,0.3515625,2.844444444444445,0.08,SC,thick_like,,unmatched,,,
PGC2350701,PGC2350701,PGC_2350701,149.449203,49.697582,5.1,1.15,0.2254901960784313,4.434782608695652,0.06,SD,thick_like,,unmatched,,,
NGC03069,NGC03069,NGC_3069,149.486237,10.432442,5.37,3.35,0.6238361266294227,1.6029850746268657,0.44,SB,thick_like,,unmatched,,,
SDSSJ095825.69+063954.9,SDSSJ095825690639549,,149.607071,6.665263,4.91,0.67,0.1364562118126273,7.328358208955223,0.05,SD,intermediate,,unmatched,,,
SDSSJ095831.17+120516.2,SDSSJ095831171205162,,149.629898,12.087847,7.08,0.94,0.1327683615819209,7.531914893617022,0.06,SD,intermediate,,unmatched,,,
PGC1169472,PGC1169472,PGC_1169472,149.647186,0.569966,6.57,1.58,0.2404870624048706,4.158227848101266,0.12,SD,thick_like,,unmatched,,,
PGC1789795,PGC1789795,PGC_1789795,149.667068,26.836584,4.84,1.32,0.2727272727272727,3.6666666666666665,0.1,SC,thick_like,,unmatched,,,
NED,NED,,149.76561,69.115845,5.23,0.97,0.1854684512428298,5.391752577319588,0.09,SB,intermediate,,unmatched,,,
IC00583,IC00583,IC_583,149.771149,17.821438,8.16,3.3,0.4044117647058823,2.472727272727273,0.17,SB,thick_like,,unmatched,,,
PGC1762329,PGC1762329,PGC_1762329,149.810242,26.094036,4.8,1.62,0.3375,2.962962962962963,0.33,SB,thick_like,,unmatched,,,
PGC2086639,PGC2086639,PGC_2086639,149.814178,36.769463,6.0,1.04,0.1733333333333333,5.769230769230769,0.08,SC,intermediate,,unmatched,,,
SDSSJ095926.10+101729.8,SDSSJ095926101017298,,149.858749,10.291629,4.86,1.35,0.2777777777777778,3.6,0.08,SC,thick_like,,unmatched,,,
PGC1959112,PGC1959112,PGC_1959112,149.921326,31.684717,4.57,1.68,0.3676148796498905,2.720238095238096,0.13,SC,thick_like,,unmatched,,,
PGC1392147,PGC1392147,PGC_1392147,149.965851,11.341619,4.45,1.0,0.2247191011235955,4.45,0.06,SD,thick_like,,unmatched,,,
PGC1770428,PGC1770428,PGC_1770428,149.98497,26.287226,4.68,1.12,0.2393162393162393,4.178571428571428,0.11,SC,thick_like,,unmatched,,,
SDSSJ100028.09+050553.6,SDSSJ100028090505536,,150.117065,5.098257,2.93,1.25,0.4266211604095563,2.3440000000000003,0.09,SC,thick_like,,unmatched,,,
NED,NED,,150.124344,35.158272,8.68,1.89,0.2177419354838709,4.592592592592593,0.05,SB,thick_like,,unmatched,,,
2MASXJ10004399+1854350,2MASXJ100043991854350,,150.183411,18.909821,5.29,1.13,0.2136105860113421,4.68141592920354,0.06,SD,thick_like,,unmatched,,,
PGC90972,PGC90972,PGC_90972,150.202927,35.47942,11.55,1.95,0.1688311688311688,5.923076923076923,0.07,SB,intermediate,,unmatched,,,
PGC1717835,PGC1717835,PGC_1717835,150.309616,24.839235,3.78,1.19,0.3148148148148148,3.176470588235294,0.12,SC,thick_like,,unmatched,,,
PGC1601783,PGC1601783,PGC_1601783,150.328537,19.685566,4.7,2.06,0.4382978723404255,2.2815533980582523,0.13,SC,thick_like,,unmatched,,,
PGC92906,PGC92906,PGC_92906,150.358093,6.871214,5.48,1.81,0.3302919708029196,3.027624309392265,0.21,SB,thick_like,,unmatched,,,
NGC03101,NGC03101,NGC_3101,150.397629,-2.994423,6.91,3.31,0.4790159189580318,2.08761329305136,0.25,SA,thick_like,,unmatched,,,
UGC05392,UGC05392,UGC_5392,150.399216,21.607534,11.45,2.31,0.2017467248908297,4.956709956709957,0.06,SD,thick_like,,unmatched,,,
UGC05389,UGC05389,UGC_5389,150.405807,39.627293,18.25,3.16,0.1731506849315068,5.775316455696203,0.05,SD,intermediate,,unmatched,,,
PGC29055,PGC29055,PGC_29055,150.505539,-2.263247,7.24,3.04,0.4198895027624309,2.381578947368421,0.09,SC,thick_like,,unmatched,,,
PGC29066,PGC29066,PGC_29066,150.557434,11.688438,7.07,2.38,0.3366336633663366,2.9705882352941178,0.31,IR,thick_like,,unmatched,,,
NGC03098,NGC03098,NGC_3098,150.56955,24.711098,16.67,5.64,0.3383323335332933,2.955673758865249,0.54,SB,thick_like,,unmatched,,,
SDSSJ100217.17+045739.2,SDSSJ100217170457392,,150.571808,4.960882,6.31,2.43,0.3851030110935024,2.596707818930041,0.07,SC,thick_like,,unmatched,,,
PGC90977,PGC90977,PGC_90977,150.59993,42.940071,11.05,1.17,0.1058823529411764,9.444444444444446,0.06,SB,intermediate,,unmatched,,,
PGC2079460,PGC2079460,PGC_2079460,150.676193,36.368122,3.0,1.87,0.6233333333333334,1.60427807486631,0.13,SC,thick_like,,unmatched,,,
PGC1792848,PGC1792848,PGC_1792848,150.725174,26.934153,7.66,1.38,0.1801566579634464,5.55072463768116,0.08,SD,intermediate,,unmatched,,,
PGC1379334,PGC1379334,PGC_1379334,150.770706,10.425062,4.5,1.7,0.3777777777777777,2.647058823529412,0.3,SB,thick_like,,unmatched,,,
PGC1710161,PGC1710161,PGC_1710161,150.774521,24.55489,5.35,1.88,0.3514018691588785,2.845744680851064,0.21,SB,thick_like,,unmatched,,,
SDSSJ100310.96+052511.9,SDSSJ100310960525119,,150.795654,5.419995,4.65,0.79,0.1698924731182795,5.886075949367089,0.05,SD,intermediate,,unmatched,,,
PGC2088011,PGC2088011,PGC_2088011,150.859695,36.844589,4.01,1.17,0.2917705735660847,3.427350427350427,0.13,SB,thick_like,,unmatched,,,
PGC1778018,PGC1778018,PGC_1778018,150.872086,26.485065,3.73,1.58,0.4235924932975871,2.360759493670886,0.22,SB,thick_like,,unmatched,,,
UGC05413,UGC05413,UGC_5413,150.873047,13.103323,8.75,1.66,0.1897142857142857,5.271084337349397,0.06,SD,intermediate,,unmatched,,,
PGC1156464,PGC1156464,PGC_1156464,150.893372,0.076008,3.85,1.51,0.3922077922077922,2.5496688741721854,0.27,SB,thick_like,,unmatched,,,
PGC2550610,PGC2550610,PGC_2550610,150.968903,56.878605,5.36,1.77,0.3302238805970149,3.028248587570621,0.27,SB,thick_like,,unmatched,,,
PGC90981,PGC90981,PGC_90981,150.982834,11.24178,7.33,1.84,0.2510231923601637,3.983695652173913,0.12,SB,thick_like,,unmatched,,,
SDSSJ100400.35+102339.3,SDSSJ100400351023393,,151.001465,10.394277,5.45,2.31,0.4238532110091743,2.3593073593073592,0.08,SC,thick_like,,unmatched,,,
PGC142821,PGC142821,PGC_142821,151.020508,14.214051,5.78,3.32,0.57439446366782,1.7409638554216869,0.13,SC,thick_like,,unmatched,,,
PGC2474916,PGC2474916,PGC_2474916,151.022888,54.616951,4.92,1.64,0.3333333333333333,3.0,0.19,SB,thick_like,,unmatched,,,
SDSSJ100411.63+240924.4,SDSSJ100411632409244,,151.048462,24.15679,8.1,1.5,0.1851851851851852,5.4,0.04,SD,intermediate,,unmatched,,,
PGC2327356,PGC2327356,PGC_2327356,151.10939,48.858295,4.99,1.92,0.3847695390781563,2.598958333333333,0.33,SB,thick_like,,unmatched,,,
UGC05426,UGC05426,UGC_5426,151.122925,14.769201,15.67,2.46,0.1569878749202297,6.369918699186992,0.13,SB,intermediate,,unmatched,,,
PGC2182110,PGC2182110,PGC_2182110,151.138931,41.503712,3.56,1.41,0.396067415730337,2.524822695035461,0.07,SC,thick_like,,unmatched,,,
PGC1833079,PGC1833079,PGC_1833079,151.155563,28.341444,4.2,2.41,0.5738095238095238,1.7427385892116185,0.12,SC,thick_like,,unmatched,,,
PGC1833537,PGC1833537,PGC_1833537,151.173813,28.356688,4.0,1.93,0.4825,2.072538860103627,0.28,SB,thick_like,,unmatched,,,
PGC1925942,PGC1925942,PGC_1925942,151.191696,30.971737,4.72,1.68,0.3559322033898305,2.8095238095238093,0.08,SC,thick_like,,unmatched,,,
PGC29233,PGC29233,PGC_29233,151.198624,5.368598,8.68,3.39,0.390552995391705,2.56047197640118,0.14,IR,thick_like,,unmatched,,,
UGC05431,UGC05431,UGC_5431,151.246948,21.538252,14.03,2.87,0.2045616535994298,4.888501742160279,0.06,SC,thick_like,,unmatched,,,
UGC05430,UGC05430,UGC_5430,151.284454,44.51395,8.87,2.2,0.2480270574971815,4.031818181818181,0.06,SD,thick_like,,unmatched,,,
SDSSJ100509.29+091651.0,SDSSJ100509290916510,,151.288727,9.28084,2.75,0.92,0.3345454545454545,2.9891304347826084,0.07,SC,thick_like,,unmatched,,,
PGC1431710,PGC1431710,PGC_1431710,151.304718,13.465992,4.2,2.35,0.5595238095238095,1.7872340425531914,0.09,SC,thick_like,,unmatched,,,
PGC2352325,PGC2352325,PGC_2352325,151.443207,49.753719,5.3,1.45,0.2735849056603773,3.655172413793104,0.19,SB,thick_like,,unmatched,,,
SDSSJ100617.07+232216.6,SDSSJ100617072322166,,151.571121,23.371284,3.85,0.73,0.1896103896103896,5.273972602739726,0.07,SD,intermediate,,unmatched,,,
PGC90987,PGC90987,PGC_90987,151.576904,6.107031,9.85,3.15,0.3197969543147208,3.126984126984127,0.13,SC,thick_like,,unmatched,,,
PGC1702796,PGC1702796,PGC_1702796,151.591293,24.240101,5.32,1.23,0.2312030075187969,4.32520325203252,0.06,SD,thick_like,,unmatched,,,
PGC1149344,PGC1149344,PGC_1149344,151.621445,-0.201608,4.3,1.85,0.4302325581395349,2.324324324324324,0.26,SC,thick_like,,unmatched,,,
PGC1391857,PGC1391857,PGC_1391857,151.662048,11.317995,3.58,1.66,0.4636871508379888,2.156626506024097,0.12,SC,thick_like,,unmatched,,,
PGC1283253,PGC1283253,PGC_1283253,151.673157,5.425747,3.78,1.32,0.3492063492063492,2.8636363636363638,0.11,SC,thick_like,,unmatched,,,
PGC1505448,PGC1505448,PGC_1505448,151.821671,16.296665,4.36,2.26,0.5183486238532109,1.9292035398230087,0.16,SC,thick_like,,unmatched,,,
PGC1087504,PGC1087504,PGC_1087504,151.827499,-2.601576,4.81,2.01,0.4178794178794178,2.393034825870646,0.08,SC,thick_like,,unmatched,,,
PGC1434680,PGC1434680,PGC_1434680,151.857651,13.57605,4.43,1.44,0.3250564334085778,3.076388888888889,0.25,SB,thick_like,,unmatched,,,
SDSSJ100730.34+470823.6,SDSSJ100730344708236,,151.876419,47.139912,6.23,1.02,0.1637239165329053,6.107843137254903,0.06,SD,intermediate,,unmatched,,,
2MASXJ10074298+2346219,2MASXJ100742982346219,,151.929062,23.772902,3.69,1.12,0.3035230352303523,3.2946428571428568,0.14,SB,thick_like,,unmatched,,,
PGC1165719,PGC1165719,PGC_1165719,151.976456,0.429773,8.44,1.83,0.216824644549763,4.612021857923497,0.05,SD,thick_like,,unmatched,,,
PGC29466,PGC29466,PGC_29466,151.988007,13.227403,8.69,2.05,0.2359033371691599,4.239024390243903,0.06,SD,thick_like,,unmatched,,,
PGC1665896,PGC1665896,PGC_1665896,152.019638,22.224117,3.97,1.58,0.3979848866498741,2.5126582278481013,0.14,SC,thick_like,,unmatched,,,
SDSSJ100805.64+134200.8,SDSSJ100805641342008,,152.023483,13.700232,4.98,1.93,0.3875502008032128,2.580310880829016,0.09,SC,thick_like,,unmatched,,,
PGC2299625,PGC2299625,PGC_2299625,152.046082,47.517471,4.31,1.58,0.3665893271461717,2.7278481012658222,0.21,SB,thick_like,,unmatched,,,
PGC1587892,PGC1587892,PGC_1587892,152.063324,19.310711,3.7,1.46,0.3945945945945945,2.534246575342466,0.1,SC,thick_like,,unmatched,,,
PGC29476,PGC29476,PGC_29476,152.066772,4.915387,6.0,3.8,0.6333333333333333,1.5789473684210529,0.32,SB,thick_like,,unmatched,,,
PGC2536365,PGC2536365,PGC_2536365,152.082733,56.424015,5.51,1.58,0.2867513611615245,3.4873417721518982,0.18,SB,thick_like,,unmatched,,,
NED,NED,,152.11821,26.467279,5.25,0.7,0.1333333333333333,7.500000000000001,0.05,SB,intermediate,,unmatched,,,
PGC1632587,PGC1632587,PGC_1632587,152.129776,20.64171,4.82,1.36,0.2821576763485477,3.544117647058824,0.07,SD,thick_like,,unmatched,,,
PGC154690,PGC154690,PGC_154690,152.140778,-2.144447,4.89,1.29,0.2638036809815951,3.790697674418604,0.18,SB,thick_like,,unmatched,,,
SDSSJ100907.75+293651.8,SDSSJ100907752936518,,152.282318,29.614395,6.09,0.97,0.1592775041050903,6.278350515463917,0.05,SD,intermediate,,unmatched,,,
SDSSJ100939.27+084849.8,SDSSJ100939270848498,,152.413635,8.813847,1.9,0.75,0.3947368421052631,2.533333333333333,0.1,SC,thick_like,,unmatched,,,
SDSSJ100940.01+223751.0,SDSSJ100940012237510,,152.416733,22.630842,4.3,1.18,0.2744186046511628,3.6440677966101696,0.06,SC,thick_like,,unmatched,,,
PGC92911,PGC92911,PGC_92911,152.465439,35.678551,6.46,1.34,0.2074303405572755,4.820895522388059,0.06,SD,thick_like,,unmatched,,,
PGC1397054,PGC1397054,PGC_1397054,152.497452,11.671961,4.43,1.67,0.3769751693002257,2.6526946107784437,0.2,SB,thick_like,,unmatched,,,
SDSSJ101002.07+170034.5,SDSSJ101002071700345,,152.508667,17.009565,5.0,1.22,0.244,4.098360655737705,0.05,SD,thick_like,,unmatched,,,
SDSSJ101005.51+304022.3,SDSSJ101005513040223,,152.522995,30.672857,4.53,0.57,0.1258278145695364,7.947368421052633,0.07,SB,intermediate,,unmatched,,,
PGC2206330,PGC2206330,PGC_2206330,152.533188,42.79475,4.79,1.43,0.2985386221294363,3.34965034965035,0.17,SB,thick_like,,unmatched,,,
PGC90993,PGC90993,PGC_90993,152.538345,27.575871,8.62,1.63,0.1890951276102088,5.288343558282208,0.1,SD,intermediate,,unmatched,,,
PGC1808841,PGC1808841,PGC_1808841,152.546295,27.460526,3.54,1.46,0.4124293785310734,2.4246575342465757,0.13,SC,thick_like,,unmatched,,,
PGC2058066,PGC2058066,PGC_2058066,152.62999,35.013073,4.68,1.86,0.3974358974358974,2.516129032258064,0.38,SB,thick_like,,unmatched,,,
PGC90994,PGC90994,PGC_90994,152.689392,33.281521,7.35,1.99,0.2707482993197279,3.6934673366834168,0.06,SD,thick_like,,unmatched,,,
PGC29638,PGC29638,PGC_29638,152.690491,16.001095,8.03,2.79,0.3474470734744708,2.8781362007168454,0.08,SD,thick_like,,unmatched,,,
PGC1099018,PGC1099018,PGC_1099018,152.767197,-2.196587,5.97,0.87,0.1457286432160804,6.862068965517241,0.05,SD,intermediate,,unmatched,,,
PGC4677479,PGC4677479,PGC_4677479,152.806107,8.694959,3.9,1.26,0.3230769230769231,3.095238095238096,0.12,SC,thick_like,,unmatched,,,
SDSSJ101137.18+035722.0,SDSSJ101137180357220,,152.904922,3.956114,4.02,0.66,0.1641791044776119,6.09090909090909,0.11,SB,intermediate,,unmatched,,,
PGC1301128,PGC1301128,PGC_1301128,152.959625,6.462056,5.25,2.57,0.4895238095238094,2.0428015564202338,0.44,SA,thick_like,,unmatched,,,
PGC29708,PGC29708,PGC_29708,153.015137,23.085648,11.68,2.95,0.2525684931506849,3.959322033898305,0.18,SB,thick_like,,unmatched,,,
PGC29721,PGC29721,PGC_29721,153.101227,59.660587,8.46,2.25,0.2659574468085106,3.76,0.07,SD,thick_like,,unmatched,,,
PGC2065745,PGC2065745,PGC_2065745,153.117111,35.515919,3.72,2.12,0.5698924731182796,1.7547169811320755,0.34,SA,thick_like,,unmatched,,,
PGC29722,PGC29722,PGC_29722,153.122055,12.377252,8.67,3.62,0.4175317185697809,2.395027624309392,0.5,SA,thick_like,,unmatched,,,
PGC1382769,PGC1382769,PGC_1382769,153.145096,10.666207,4.67,1.56,0.3340471092077088,2.993589743589744,0.22,SB,thick_like,,unmatched,,,
UGC05504,UGC05504,UGC_5504,153.204956,7.103797,10.68,3.33,0.3117977528089888,3.207207207207207,0.05,SD,thick_like,,unmatched,,,
PGC90998,PGC90998,PGC_90998,153.220566,47.270229,5.74,1.43,0.2491289198606271,4.013986013986014,0.07,SD,thick_like,,unmatched,,,
PGC90997,PGC90997,PGC_90997,153.231476,55.702198,8.8,1.44,0.1636363636363636,6.111111111111112,0.06,SD,intermediate,,unmatched,,,
PGC29772,PGC29772,PGC_29772,153.308884,39.675713,7.42,3.45,0.4649595687331537,2.1507246376811597,0.49,SA,thick_like,,unmatched,,,
PGC82619,PGC82619,PGC_82619,153.391876,47.089329,5.37,2.6,0.4841713221601489,2.065384615384615,0.19,SC,thick_like,,unmatched,,,
PGC2518305,PGC2518305,PGC_2518305,153.404526,55.896832,4.23,1.98,0.4680851063829787,2.1363636363636367,0.38,SA,thick_like,,unmatched,,,
PGC82628,PGC82628,PGC_82628,153.485931,-1.116511,4.18,1.48,0.354066985645933,2.824324324324324,0.32,SB,thick_like,,unmatched,,,
PGC103402,PGC103402,PGC_103402,153.52066,-2.889738,4.13,3.05,0.7384987893462469,1.3540983606557375,0.2,SC,thick_like,,unmatched,,,
PGC91001,PGC91001,PGC_91001,153.590927,5.069172,7.22,1.98,0.2742382271468144,3.646464646464646,0.3,SB,thick_like,,unmatched,,,
PGC2389592,PGC2389592,PGC_2389592,153.648087,51.171608,5.01,1.19,0.2375249500998004,4.2100840336134455,0.17,SB,thick_like,,unmatched,,,
PGC82640,PGC82640,PGC_82640,153.650879,-0.887623,4.71,1.51,0.3205944798301486,3.119205298013245,0.24,SB,thick_like,,unmatched,,,
PGC1491035,PGC1491035,PGC_1491035,153.657639,15.693097,3.2,1.19,0.3718749999999999,2.689075630252101,0.1,SB,thick_like,,unmatched,,,
PGC1106058,PGC1106058,PGC_1106058,153.671738,-1.934111,6.49,2.07,0.3189522342064714,3.135265700483092,0.17,SB,thick_like,,unmatched,,,
PGC2584920,PGC2584920,PGC_2584920,153.684952,58.972672,5.04,1.09,0.2162698412698412,4.623853211009174,0.15,SB,thick_like,,unmatched,,,
SDSSJ101527.51+191956.5,SDSSJ101527511919565,,153.864624,19.332375,5.0,1.44,0.288,3.4722222222222223,0.22,SA,thick_like,,unmatched,,,
UGC05537,UGC05537,UGC_5537,153.925308,7.328359,20.73,4.0,0.1929570670525807,5.1825,0.23,SC,intermediate,,unmatched,,,
UGC05535,UGC05535,UGC_5535,153.938797,18.946056,8.38,4.5,0.5369928400954653,1.8622222222222224,0.36,SA,thick_like,,unmatched,,,
PGC91003,PGC91003,PGC_91003,154.059464,-3.161506,8.04,1.42,0.1766169154228855,5.661971830985915,0.06,SD,intermediate,,unmatched,,,
PGC2584036,PGC2584036,PGC_2584036,154.063202,58.897865,3.32,1.5,0.4518072289156626,2.2133333333333334,0.43,SA,thick_like,,unmatched,,,
PGC1267661,PGC1267661,PGC_1267661,154.080658,4.39683,4.45,3.33,0.748314606741573,1.3363363363363363,0.2,SC,thick_like,,unmatched,,,
SDSSJ101623.06+041812.2,SDSSJ101623060418122,,154.096085,4.303393,4.64,0.81,0.1745689655172414,5.728395061728394,0.06,SD,intermediate,,unmatched,,,
PGC2328966,PGC2328966,PGC_2328966,154.15361,48.924507,3.38,0.88,0.2603550295857988,3.840909090909091,0.08,SB,thick_like,,unmatched,,,
PGC1442983,PGC1442983,PGC_1442983,154.166168,13.876431,5.36,1.81,0.3376865671641791,2.9613259668508287,0.1,SC,thick_like,,unmatched,,,
PGC1859816,PGC1859816,PGC_1859816,154.2117,29.231058,5.91,1.88,0.3181049069373942,3.143617021276596,0.12,SB,thick_like,,unmatched,,,
PGC1259112,PGC1259112,PGC_1259112,154.229141,3.821665,5.01,2.36,0.4710578842315369,2.1228813559322037,0.12,SC,thick_like,,unmatched,,,
PGC86920,PGC86920,PGC_86920,154.289383,36.201633,5.18,1.39,0.2683397683397683,3.726618705035971,0.07,SD,thick_like,,unmatched,,,
NED,NED,,154.367325,32.183357,7.17,2.41,0.3361227336122734,2.9751037344398337,0.06,SD,thick_like,,unmatched,,,
NED,NED,,154.509048,19.316074,4.01,0.55,0.1371571072319202,7.29090909090909,0.04,SD,intermediate,,unmatched,,,
SDSSJ101804.54+201145.5,SDSSJ101804542011455,,154.518921,20.195997,3.46,0.75,0.2167630057803468,4.613333333333333,0.06,SD,thick_like,,unmatched,,,
UGC05553,UGC05553,UGC_5553,154.521057,60.346706,12.47,3.06,0.2453889334402566,4.07516339869281,0.35,SB,thick_like,,unmatched,,,
PGC2194374,PGC2194374,PGC_2194374,154.540405,42.209274,3.96,1.69,0.4267676767676767,2.3431952662721893,0.12,SC,thick_like,,unmatched,,,
UGC05558,UGC05558,UGC_5558,154.594482,45.954651,7.88,4.5,0.5710659898477157,1.751111111111111,0.42,SB,thick_like,,unmatched,,,
PGC1264437,PGC1264437,PGC_1264437,154.59613,4.165149,3.72,1.01,0.271505376344086,3.6831683168316833,0.05,SD,thick_like,,unmatched,,,
PGC1161547,PGC1161547,PGC_1161547,154.609818,0.270634,4.65,0.91,0.1956989247311827,5.10989010989011,0.12,SB,intermediate,,unmatched,,,
PGC82687,PGC82687,PGC_82687,154.619843,45.998489,3.66,2.02,0.5519125683060109,1.811881188118812,0.12,SC,thick_like,,unmatched,,,
PGC30107,PGC30107,PGC_30107,154.655472,3.263604,3.51,2.25,0.6410256410256411,1.5599999999999998,0.15,SC,thick_like,,unmatched,,,
PGC1883388,PGC1883388,PGC_1883388,154.658295,29.926281,4.15,1.81,0.436144578313253,2.292817679558011,0.25,SC,thick_like,,unmatched,,,
PGC1220044,PGC1220044,PGC_1220044,154.684509,2.22396,5.04,1.63,0.3234126984126984,3.092024539877301,0.44,SB,thick_like,,unmatched,,,
2MASXJ10185738+1600153,2MASXJ101857381600153,,154.739075,16.004383,3.95,2.22,0.5620253164556962,1.779279279279279,0.16,SC,thick_like,,unmatched,,,
NED,NED,,154.79628,7.753582,5.68,0.79,0.1390845070422535,7.189873417721518,0.06,SD,intermediate,,unmatched,,,
PGC2269711,PGC2269711,PGC_2269711,154.799942,45.737778,4.92,2.1,0.426829268292683,2.3428571428571425,0.19,SB,thick_like,,unmatched,,,
UGC05574,UGC05574,UGC_5574,154.928711,22.452387,9.97,4.65,0.4663991975927783,2.1440860215053763,0.15,SC,thick_like,,unmatched,,,
PGC2662974,PGC2662974,PGC_2662974,154.94075,63.966171,7.74,1.57,0.2028423772609819,4.929936305732484,0.09,SC,thick_like,,unmatched,,,
PGC2307029,PGC2307029,PGC_2307029,155.030701,47.924419,4.81,1.51,0.3139293139293139,3.1854304635761586,0.31,SA,thick_like,,unmatched,,,
SDSSJ102026.67+064518.4,SDSSJ102026670645184,,155.111145,6.755123,4.67,1.46,0.3126338329764453,3.198630136986301,0.07,SB,thick_like,,unmatched,,,
PGC1308388,PGC1308388,PGC_1308388,155.159332,6.833951,3.41,1.89,0.5542521994134897,1.8042328042328044,0.15,SC,thick_like,,unmatched,,,
PGC2270265,PGC2270265,PGC_2270265,155.22258,45.775822,6.87,1.1,0.1601164483260553,6.245454545454545,0.11,SB,intermediate,,unmatched,,,
PGC2311659,PGC2311659,PGC_2311659,155.271729,48.160511,3.49,1.54,0.4412607449856733,2.2662337662337664,0.3,SB,thick_like,,unmatched,,,
PGC2104159,PGC2104159,PGC_2104159,155.277618,37.576839,6.14,2.01,0.3273615635179153,3.054726368159204,0.29,SB,thick_like,,unmatched,,,
PGC86944,PGC86944,PGC_86944,155.294128,35.65789,8.31,1.83,0.2202166064981949,4.540983606557377,0.06,SB,thick_like,,unmatched,,,
PGC2283573,PGC2283573,PGC_2283573,155.435562,46.578453,4.28,2.09,0.4883177570093457,2.0478468899521536,0.11,SC,thick_like,,unmatched,,,
PGC3281118,PGC3281118,PGC_3281118,155.457794,-0.169268,5.63,0.72,0.127886323268206,7.819444444444445,0.07,SD,intermediate,,unmatched,,,
PGC30325,PGC30325,PGC_30325,155.464966,0.410109,4.18,2.15,0.5143540669856459,1.944186046511628,0.3,SB,thick_like,,unmatched,,,
PGC2074943,PGC2074943,PGC_2074943,155.510117,36.098682,3.68,1.26,0.342391304347826,2.920634920634921,0.2,SB,thick_like,,unmatched,,,
PGC2078582,PGC2078582,PGC_2078582,155.532684,36.316963,4.08,2.8,0.6862745098039215,1.4571428571428573,0.18,SB,thick_like,,unmatched,,,
PGC1489439,PGC1489439,PGC_1489439,155.602615,15.627932,6.82,2.18,0.3196480938416422,3.128440366972477,0.24,SB,thick_like,,unmatched,,,
PGC1491912,PGC1491912,PGC_1491912,155.619843,15.727507,3.86,1.99,0.5155440414507773,1.9396984924623115,0.22,SC,thick_like,,unmatched,,,
PGC1539999,PGC1539999,PGC_1539999,155.63472,17.725311,3.55,1.98,0.5577464788732395,1.7929292929292928,0.12,SC,thick_like,,unmatched,,,
PGC213690,PGC213690,PGC_213690,155.658615,27.392504,5.9,0.86,0.1457627118644067,6.86046511627907,0.07,SD,intermediate,,unmatched,,,
PGC1745069,PGC1745069,PGC_1745069,155.770233,25.668806,5.32,2.53,0.475563909774436,2.1027667984189726,0.11,SC,thick_like,,unmatched,,,
PGC1655346,PGC1655346,PGC_1655346,155.86969,21.699011,7.39,4.28,0.5791610284167795,1.7266355140186913,0.29,SB,thick_like,,unmatched,,,
PGC2186845,PGC2186845,PGC_2186845,155.898514,41.787968,4.71,1.06,0.2250530785562632,4.443396226415094,0.08,SD,thick_like,,unmatched,,,
SDSSJ102337.39+224352.2,SDSSJ102337392243522,,155.905823,22.731194,3.95,0.78,0.1974683544303797,5.064102564102564,0.06,SD,intermediate,,unmatched,,,
PGC2559405,PGC2559405,PGC_2559405,155.914825,57.184982,3.3,1.86,0.5636363636363637,1.7741935483870963,0.15,SC,thick_like,,unmatched,,,
PGC2779807,PGC2779807,PGC_2779807,155.945236,79.460785,5.5,1.53,0.2781818181818182,3.594771241830065,0.08,SC,thick_like,,unmatched,,,
PGC213694,PGC213694,PGC_213694,155.991577,57.060844,3.94,2.18,0.5532994923857868,1.807339449541284,0.16,SC,thick_like,,unmatched,,,
SDSSJ102358.21+042218.3,SDSSJ102358210422183,,155.992523,4.371693,3.46,1.29,0.3728323699421965,2.682170542635659,0.09,SC,thick_like,,unmatched,,,
SDSSJ102405.70+194916.7,SDSSJ102405701949167,,156.023788,19.821327,9.23,0.89,0.0964247020585048,10.370786516853933,0.05,SD,thin_like,,unmatched,,,
PGC91010,PGC91010,PGC_91010,156.043793,47.524109,10.0,1.72,0.172,5.813953488372093,0.06,SD,intermediate,,unmatched,,,
PGC1756176,PGC1756176,PGC_1756176,156.103287,25.943199,3.31,1.62,0.4894259818731118,2.0432098765432096,0.11,SC,thick_like,,unmatched,,,
PGC1149009,PGC1149009,PGC_1149009,156.154724,-0.21377,7.16,2.04,0.2849162011173184,3.5098039215686274,0.07,SC,thick_like,,unmatched,,,
PGC2234990,PGC2234990,PGC_2234990,156.205673,44.035423,3.08,1.69,0.5487012987012987,1.822485207100592,0.13,SC,thick_like,,unmatched,,,
PGC1810961,PGC1810961,PGC_1810961,156.216537,27.534502,4.66,1.88,0.4034334763948498,2.4787234042553195,0.33,SB,thick_like,,unmatched,,,
PGC2276568,PGC2276568,PGC_2276568,156.246872,46.169193,5.57,1.6,0.2872531418312388,3.48125,0.08,SC,thick_like,,unmatched,,,
SDSSJ102502.76+204829.8,SDSSJ102502762048298,,156.261505,20.808277,4.18,0.94,0.2248803827751196,4.446808510638298,0.07,SC,thick_like,,unmatched,,,
PGC1384039,PGC1384039,PGC_1384039,156.266953,10.758434,4.64,0.97,0.209051724137931,4.783505154639175,0.1,SB,thick_like,,unmatched,,,
PGC1723083,PGC1723083,PGC_1723083,156.328705,25.020844,4.46,1.25,0.2802690582959641,3.568,0.07,SD,thick_like,,unmatched,,,
PGC1283099,PGC1283099,PGC_1283099,156.384903,5.416021,4.59,2.11,0.4596949891067538,2.175355450236967,0.33,SB,thick_like,,unmatched,,,
2MASXJ10254676+4016575,2MASXJ102546764016575,,156.44455,40.282749,4.33,1.36,0.3140877598152425,3.1838235294117645,0.09,SB,thick_like,,unmatched,,,
PGC2103447,PGC2103447,PGC_2103447,156.495834,37.547668,6.53,1.83,0.2802450229709035,3.568306010928962,0.22,SB,thick_like,,unmatched,,,
PGC1205613,PGC1205613,PGC_1205613,156.544724,1.779671,4.29,1.19,0.2773892773892774,3.6050420168067223,0.12,SB,thick_like,,unmatched,,,
PGC2295599,PGC2295599,PGC_2295599,156.597748,47.286407,4.51,1.76,0.3902439024390244,2.5625,0.29,SB,thick_like,,unmatched,,,
IC00610,IC00610,IC_610,156.618179,20.227766,21.0,4.17,0.1985714285714285,5.035971223021583,0.07,SD,intermediate,,unmatched,,,
PGC1654398,PGC1654398,PGC_1654398,156.650833,21.650335,7.05,2.81,0.3985815602836879,2.508896797153025,0.44,SA,thick_like,,unmatched,,,
UGC05650,UGC05650,UGC_5650,156.655838,45.244751,6.93,2.11,0.3044733044733044,3.28436018957346,0.28,SB,thick_like,,unmatched,,,
PGC139360,PGC139360,PGC_139360,156.665527,10.952824,3.51,1.57,0.4472934472934473,2.235668789808917,0.08,SC,thick_like,,unmatched,,,
NGC3245A,NGC3245A,,156.755035,28.639181,20.01,4.52,0.225887056471764,4.426991150442479,0.1,UN,thick_like,,unmatched,,,
PGC1219414,PGC1219414,PGC_1219414,156.778427,2.205567,4.65,1.72,0.3698924731182795,2.703488372093024,0.09,SC,thick_like,,unmatched,,,
PGC2231791,PGC2231791,PGC_2231791,156.782806,43.89753,4.1,2.02,0.4926829268292683,2.0297029702970297,0.12,SC,thick_like,,unmatched,,,
NED,NED,,156.789307,18.894159,4.57,0.78,0.1706783369803063,5.85897435897436,0.07,SD,intermediate,,unmatched,,,
2MASXJ10271208+0401468,2MASXJ102712080401468,,156.800293,4.029756,3.07,1.2,0.3908794788273615,2.558333333333333,0.22,SB,thick_like,,unmatched,,,
PGC1650615,PGC1650615,PGC_1650615,156.811157,21.466957,5.06,1.17,0.2312252964426877,4.3247863247863245,0.09,SD,thick_like,,unmatched,,,
PGC1544151,PGC1544151,PGC_1544151,156.846375,17.872887,3.95,1.92,0.4860759493670886,2.057291666666667,0.14,SC,thick_like,,unmatched,,,
PGC3092162,PGC3092162,PGC_3092162,156.849716,4.342688,3.37,2.17,0.6439169139465875,1.5529953917050692,0.3,SC,thick_like,,unmatched,,,
PGC1227154,PGC1227154,PGC_1227154,156.91481,2.444133,5.26,1.84,0.349809885931559,2.8586956521739126,0.09,SC,thick_like,,unmatched,,,
PGC113076,PGC113076,PGC_113076,156.931152,-3.176825,8.45,1.71,0.2023668639053254,4.941520467836257,0.12,SB,thick_like,,unmatched,,,
SDSSJ102744.33+240632.6,SDSSJ102744332406326,,156.934723,24.109064,5.02,1.1,0.2191235059760956,4.563636363636363,0.06,SD,thick_like,,unmatched,,,
SDSSJ102750.90+082214.6,SDSSJ102750900822146,,156.962082,8.370741,5.28,1.08,0.2045454545454545,4.888888888888888,0.08,SB,thick_like,,unmatched,,,
SDSSJ102757.78+033946.1,SDSSJ102757780339461,,156.990784,3.662826,6.03,0.99,0.1641791044776119,6.090909090909091,0.08,SB,intermediate,,unmatched,,,
PGC2163946,PGC2163946,PGC_2163946,157.003937,40.311985,6.06,0.83,0.1369636963696369,7.301204819277109,0.09,SB,intermediate,,unmatched,,,
SDSSJ102802.63+345314.6,SDSSJ102802633453146,,157.010971,34.88739,4.18,1.0,0.2392344497607655,4.18,0.05,SD,thick_like,,unmatched,,,
PGC91015,PGC91015,PGC_91015,157.041687,9.012343,9.67,1.93,0.1995863495346432,5.010362694300518,0.07,SD,intermediate,,unmatched,,,
SDSSJ102817.93+053612.3,SDSSJ102817930536123,,157.074677,5.603456,3.17,1.1,0.3470031545741325,2.8818181818181814,0.07,SC,thick_like,,unmatched,,,
UGC05672,UGC05672,UGC_5672,157.087112,22.570873,18.33,10.42,0.568466993998909,1.7591170825335891,0.17,SC,thick_like,,unmatched,,,
PGC213703,PGC213703,PGC_213703,157.087173,12.680916,4.51,1.58,0.3503325942350332,2.854430379746835,0.28,SB,thick_like,,unmatched,,,
PGC2775795,PGC2775795,PGC_2775795,157.095337,78.177963,5.97,2.72,0.4556113902847571,2.19485294117647,0.43,SA,thick_like,,unmatched,,,
PGC1695189,PGC1695189,PGC_1695189,157.144211,23.86809,3.75,1.53,0.408,2.450980392156863,0.11,SC,thick_like,,unmatched,,,
PGC1385030,PGC1385030,PGC_1385030,157.154877,10.824602,3.45,1.74,0.5043478260869565,1.9827586206896552,0.1,SC,thick_like,,unmatched,,,
PGC1894603,PGC1894603,PGC_1894603,157.15596,30.209671,3.08,2.1,0.6818181818181819,1.4666666666666666,0.12,SC,thick_like,,unmatched,,,
2MASXJ10283940+3355054,2MASXJ102839403355054,,157.164322,33.918213,4.64,2.34,0.5043103448275862,1.982905982905983,0.36,SB,thick_like,,unmatched,,,
SDSSJ102853.32+645344.1,SDSSJ102853326453441,,157.222168,64.895592,5.38,2.25,0.4182156133828996,2.391111111111111,0.09,SC,thick_like,,unmatched,,,
PGC30864,PGC30864,PGC_30864,157.243927,27.649389,10.74,2.03,0.1890130353817504,5.290640394088671,0.09,SB,intermediate,,unmatched,,,
PGC1079028,PGC1079028,PGC_1079028,157.253372,-2.962033,4.33,2.13,0.4919168591224018,2.0328638497652585,0.47,SA,thick_like,,unmatched,,,
PGC1600548,PGC1600548,PGC_1600548,157.253372,19.653774,3.82,1.69,0.4424083769633508,2.260355029585799,0.16,SC,thick_like,,unmatched,,,
PGC2141900,PGC2141900,PGC_2141900,157.276627,39.025631,3.82,1.53,0.4005235602094241,2.496732026143791,0.12,SB,thick_like,,unmatched,,,
UGC05687,UGC05687,UGC_5687,157.31456,6.128072,18.97,4.26,0.224565102793885,4.453051643192488,0.06,SD,thick_like,,unmatched,,,
PGC1692938,PGC1692938,PGC_1692938,157.317657,23.745937,4.47,1.72,0.3847874720357942,2.5988372093023253,0.09,SC,thick_like,,unmatched,,,
SDSSJ102924.92+391433.4,SDSSJ102924923914334,,157.353851,39.242619,3.29,1.32,0.4012158054711246,2.492424242424242,0.09,SC,thick_like,,unmatched,,,
PGC1646420,PGC1646420,PGC_1646420,157.354492,21.26615,4.88,1.63,0.3340163934426229,2.9938650306748467,0.31,SB,thick_like,,unmatched,,,
SDSSJ102928.50+081136.9,SDSSJ102928500811369,,157.368774,8.193583,3.16,1.04,0.3291139240506329,3.0384615384615383,0.07,SB,thick_like,,unmatched,,,
PGC2315743,PGC2315743,PGC_2315743,157.384644,48.358795,4.89,1.34,0.2740286298568507,3.649253731343283,0.23,SB,thick_like,,unmatched,,,
PGC2160721,PGC2160721,PGC_2160721,157.38887,40.109642,9.65,1.18,0.1222797927461139,8.177966101694915,0.03,SD,intermediate,,unmatched,,,
PGC2293352,PGC2293352,PGC_2293352,157.420517,47.158882,4.1,1.3,0.3170731707317074,3.1538461538461533,0.29,SB,thick_like,,unmatched,,,
2MASXJ10294319+4023176,2MASXJ102943194023176,,157.430176,40.388309,4.78,1.32,0.2761506276150627,3.621212121212121,0.17,SA,thick_like,,unmatched,,,
PGC2292970,PGC2292970,PGC_2292970,157.444183,47.135803,3.67,1.61,0.4386920980926431,2.279503105590062,0.13,SC,thick_like,,unmatched,,,
PGC1150038,PGC1150038,PGC_1150038,157.46933,-0.174375,5.44,2.57,0.4724264705882352,2.116731517509728,0.28,SB,thick_like,,unmatched,,,
PGC1690535,PGC1690535,PGC_1690535,157.484344,23.617493,4.05,1.81,0.4469135802469136,2.2375690607734806,0.32,SB,thick_like,,unmatched,,,
PGC113102,PGC113102,PGC_113102,157.52475,-3.140091,3.99,1.27,0.3182957393483709,3.141732283464567,0.1,SC,thick_like,,unmatched,,,
UGC05704,UGC05704,UGC_5704,157.575806,22.730347,8.56,1.75,0.2044392523364485,4.891428571428572,0.19,SB,thick_like,,unmatched,,,
PGC1622730,PGC1622730,PGC_1622730,157.58786,20.286716,4.36,1.94,0.4449541284403669,2.247422680412371,0.17,SC,thick_like,,unmatched,,,
PGC2248226,PGC2248226,PGC_2248226,157.619141,44.615982,4.49,1.59,0.354120267260579,2.8238993710691824,0.29,SB,thick_like,,unmatched,,,
PGC91018,PGC91018,PGC_91018,157.62114,12.462882,5.59,1.52,0.2719141323792486,3.677631578947368,0.06,SD,thick_like,,unmatched,,,
PGC2297641,PGC2297641,PGC_2297641,157.626663,47.408123,4.62,1.98,0.4285714285714285,2.333333333333333,0.19,SB,thick_like,,unmatched,,,
PGC2233173,PGC2233173,PGC_2233173,157.648636,43.956852,4.18,1.37,0.3277511961722488,3.0510948905109485,0.09,SC,thick_like,,unmatched,,,
PGC2291877,PGC2291877,PGC_2291877,157.654984,47.070564,4.81,1.71,0.3555093555093555,2.8128654970760234,0.13,SC,thick_like,,unmatched,,,
PGC2176192,PGC2176192,PGC_2176192,157.670486,41.132832,4.3,1.11,0.258139534883721,3.8738738738738734,0.1,SB,thick_like,,unmatched,,,
PGC1582092,PGC1582092,PGC_1582092,157.736328,19.146297,3.64,1.37,0.3763736263736263,2.656934306569343,0.12,SC,thick_like,,unmatched,,,
PGC91020,PGC91020,PGC_91020,157.74173,20.081938,9.53,1.7,0.1783840503672613,5.605882352941176,0.06,SD,intermediate,,unmatched,,,
PGC2083381,PGC2083381,PGC_2083381,157.748611,36.594063,3.66,1.4,0.3825136612021858,2.6142857142857148,0.11,SC,thick_like,,unmatched,,,
PGC2425135,PGC2425135,PGC_2425135,157.752151,52.84362,5.33,2.52,0.4727954971857411,2.115079365079365,0.08,SC,thick_like,,unmatched,,,
PGC1388037,PGC1388037,PGC_1388037,157.762344,11.040544,4.59,1.49,0.3246187363834423,3.0805369127516777,0.11,SB,thick_like,,unmatched,,,
PGC2595840,PGC2595840,PGC_2595840,157.826691,59.922623,4.58,1.32,0.2882096069868995,3.4696969696969697,0.08,SC,thick_like,,unmatched,,,
PGC2041915,PGC2041915,PGC_2041915,157.866333,33.976372,3.56,1.3,0.3651685393258427,2.7384615384615385,0.24,SB,thick_like,,unmatched,,,
PGC2032727,PGC2032727,PGC_2032727,157.884918,33.47039,4.02,1.32,0.3283582089552239,3.045454545454545,0.25,SB,thick_like,,unmatched,,,
UGC05713,UGC05713,UGC_5713,157.912048,25.983921,16.62,6.48,0.3898916967509025,2.564814814814815,0.33,SA,thick_like,,unmatched,,,
PGC2073729,PGC2073729,PGC_2073729,157.921341,36.02338,4.06,2.36,0.58128078817734,1.720338983050847,0.31,SA,thick_like,,unmatched,,,
PGC1881331,PGC1881331,PGC_1881331,157.973846,29.871786,6.23,1.19,0.1910112359550561,5.23529411764706,0.1,SB,intermediate,,unmatched,,,
PGC1390843,PGC1390843,PGC_1390843,158.05835,11.246973,3.95,1.35,0.3417721518987341,2.925925925925926,0.29,SB,thick_like,,unmatched,,,
PGC2446299,PGC2446299,PGC_2446299,158.065887,53.624809,4.61,1.97,0.4273318872017353,2.34010152284264,0.09,SC,thick_like,,unmatched,,,
PGC1883922,PGC1883922,PGC_1883922,158.083328,29.939507,4.15,2.2,0.5301204819277109,1.8863636363636365,0.14,SC,thick_like,,unmatched,,,
PGC2352534,PGC2352534,PGC_2352534,158.116516,49.759731,5.79,3.54,0.6113989637305699,1.6355932203389831,0.27,SB,thick_like,,unmatched,,,
PGC3284913,PGC3284913,PGC_3284913,158.186615,-0.996123,7.1,0.99,0.1394366197183098,7.171717171717171,0.05,SB,intermediate,,unmatched,,,
PGC91024,PGC91024,PGC_91024,158.259933,22.575294,10.43,2.56,0.2454458293384468,4.07421875,0.06,SD,thick_like,,unmatched,,,
2MASXJ10331910+2734073,2MASXJ103319102734073,,158.329697,27.568743,2.92,1.17,0.4006849315068493,2.495726495726496,0.16,SC,thick_like,,unmatched,,,
PGC2173541,PGC2173541,PGC_2173541,158.332764,40.957825,7.9,1.06,0.1341772151898734,7.452830188679245,0.07,SD,intermediate,,unmatched,,,
PGC1696638,PGC1696638,PGC_1696638,158.334152,23.945307,4.52,1.74,0.3849557522123894,2.597701149425287,0.09,SC,thick_like,,unmatched,,,
PGC91027,PGC91027,PGC_91027,158.379883,44.973061,5.58,1.52,0.2724014336917563,3.6710526315789473,0.15,SB,thick_like,,unmatched,,,
PGC2091156,PGC2091156,PGC_2091156,158.391815,37.009823,3.36,1.07,0.318452380952381,3.1401869158878504,0.1,SC,thick_like,,unmatched,,,
PGC91028,PGC91028,PGC_91028,158.39212,17.741983,10.3,1.71,0.1660194174757281,6.023391812865498,0.04,SD,intermediate,,unmatched,,,
PGC91029,PGC91029,PGC_91029,158.444366,14.826452,7.3,1.75,0.2397260273972603,4.171428571428572,0.12,SB,thick_like,,unmatched,,,
NED,NED,,158.510406,42.394333,3.5,0.87,0.2485714285714285,4.022988505747127,0.06,SB,thick_like,,unmatched,,,
UGC05734,UGC05734,UGC_5734,158.563217,52.870872,10.65,5.93,0.5568075117370892,1.7959527824620576,0.57,SA,thick_like,,unmatched,,,
SDSSJ103426.37+040557.9,SDSSJ103426370405579,,158.609894,4.09944,3.34,1.09,0.3263473053892216,3.0642201834862384,0.09,SC,thick_like,,unmatched,,,
NGC03279,NGC03279,NGC_3279,158.677429,11.198068,23.77,5.92,0.2490534286916281,4.015202702702703,0.07,SD,thick_like,,unmatched,,,
PGC1624987,PGC1624987,PGC_1624987,158.681122,20.360317,7.44,1.69,0.2271505376344086,4.402366863905326,0.12,SC,thick_like,,unmatched,,,
PGC1705256,PGC1705256,PGC_1705256,158.718674,24.347181,4.04,1.63,0.4034653465346534,2.4785276073619635,0.13,SC,thick_like,,unmatched,,,
PGC31365,PGC31365,PGC_31365,158.866943,61.653309,4.45,4.71,1.0584269662921348,0.9447983014861996,0.32,SB,thick_like,,unmatched,,,
SDSSJ103532.41+343318.3,SDSSJ103532413433183,,158.885056,34.555088,4.14,1.45,0.3502415458937198,2.8551724137931034,0.1,SB,thick_like,,unmatched,,,
PGC2362788,PGC2362788,PGC_2362788,158.921143,50.10041,5.57,2.32,0.4165170556552962,2.4008620689655173,0.07,SC,thick_like,,unmatched,,,
PGC91032,PGC91032,PGC_91032,158.936539,20.705694,7.64,2.64,0.3455497382198953,2.8939393939393936,0.1,SC,thick_like,,unmatched,,,
SDSSJ103545.36+041402.7,SDSSJ103545360414027,,158.938995,4.234111,4.76,1.95,0.4096638655462185,2.441025641025641,0.14,SC,thick_like,,unmatched,,,
PGC1628678,PGC1628678,PGC_1628678,158.973114,20.484491,5.09,1.56,0.306483300589391,3.2628205128205128,0.11,SD,thick_like,,unmatched,,,
PGC2046706,PGC2046706,PGC_2046706,158.990738,34.278996,2.96,1.13,0.3817567567567567,2.6194690265486726,0.09,SB,thick_like,,unmatched,,,
SDSSJ103603.43+445535.1,SDSSJ103603434455351,,159.014297,44.926445,9.29,3.84,0.4133476856835307,2.419270833333333,0.07,SC,thick_like,,unmatched,,,
UGC05755,UGC05755,UGC_5755,159.056702,22.080429,10.28,2.03,0.1974708171206225,5.064039408866996,0.25,SA,intermediate,,unmatched,,,
PGC3284459,PGC3284459,PGC_3284459,159.088058,-0.511709,4.47,0.88,0.1968680089485458,5.079545454545454,0.09,SB,intermediate,,unmatched,,,
NED,NED,,159.08934,16.866722,3.47,1.28,0.3688760806916426,2.7109375,0.13,SC,thick_like,,unmatched,,,
PGC1679554,PGC1679554,PGC_1679554,159.097321,22.993082,5.51,1.42,0.2577132486388385,3.880281690140845,0.28,SB,thick_like,,unmatched,,,
PGC2222367,PGC2222367,PGC_2222367,159.153244,43.506798,4.83,2.35,0.4865424430641822,2.05531914893617,0.12,SC,thick_like,,unmatched,,,
2MASXJ10364369+2026114,2MASXJ103643692026114,,159.182053,20.436283,2.99,0.79,0.2642140468227424,3.784810126582279,0.12,SC,thick_like,,unmatched,,,
SDSSJ103645.90+040449.8,SDSSJ103645900404498,,159.19133,4.080736,6.03,1.21,0.2006633499170812,4.983471074380166,0.05,SD,thick_like,,unmatched,,,
PGC31498,PGC31498,PGC_31498,159.226379,9.66855,11.09,1.81,0.163210099188458,6.127071823204419,0.06,SD,intermediate,,unmatched,,,
PGC1690486,PGC1690486,PGC_1690486,159.235886,23.614895,5.45,2.58,0.473394495412844,2.112403100775194,0.08,SC,thick_like,,unmatched,,,
SDSSJ103657.15+220731.3,SDSSJ103657152207313,,159.238129,22.125383,4.15,1.0,0.2409638554216867,4.15,0.08,SD,thick_like,,unmatched,,,
2MASXJ10370338+6316543,2MASXJ103703386316543,,159.263641,63.281872,2.8,1.5,0.5357142857142857,1.8666666666666665,0.17,SC,thick_like,,unmatched,,,
PGC1703388,PGC1703388,PGC_1703388,159.322418,24.265593,3.39,1.22,0.359882005899705,2.778688524590164,0.08,SC,thick_like,,unmatched,,,
2MASXJ10375177+0344223,2MASXJ103751770344223,,159.46579,3.739394,5.11,1.75,0.3424657534246575,2.9200000000000004,0.1,SC,thick_like,,unmatched,,,
PGC91033,PGC91033,PGC_91033,159.498947,44.80032,7.56,1.34,0.1772486772486772,5.641791044776118,0.07,SD,intermediate,,unmatched,,,
PGC1503625,PGC1503625,PGC_1503625,159.54808,16.219929,5.06,1.45,0.2865612648221344,3.489655172413793,0.19,SB,thick_like,,unmatched,,,
PGC2149582,PGC2149582,PGC_2149582,159.607513,39.426441,3.7,1.52,0.4108108108108108,2.4342105263157894,0.14,SC,thick_like,,unmatched,,,
PGC1714370,PGC1714370,PGC_1714370,159.609741,24.711809,3.63,0.89,0.2451790633608815,4.078651685393258,0.08,SD,thick_like,,unmatched,,,
PGC91036,PGC91036,PGC_91036,159.616318,10.187178,7.25,1.73,0.2386206896551724,4.190751445086705,0.14,SB,thick_like,,unmatched,,,
PGC1693498,PGC1693498,PGC_1693498,159.64241,23.776592,5.24,1.33,0.2538167938931298,3.9398496240601504,0.11,SD,thick_like,,unmatched,,,
PGC1146112,PGC1146112,PGC_1146112,159.65152,-0.326693,6.54,1.72,0.2629969418960244,3.802325581395349,0.04,SD,thick_like,,unmatched,,,
PGC1858885,PGC1858885,PGC_1858885,159.66983,29.202171,4.5,1.83,0.4066666666666667,2.459016393442623,0.15,SB,thick_like,,unmatched,,,
SDSSJ103843.46+053245.7,SDSSJ103843460532457,,159.681076,5.546026,3.48,1.56,0.4482758620689655,2.230769230769231,0.14,SC,thick_like,,unmatched,,,
2MASXJ10385232+0505563,2MASXJ103852320505563,,159.717957,5.098957,3.29,0.88,0.2674772036474164,3.738636363636364,0.1,SC,thick_like,,unmatched,,,
PGC91038,PGC91038,PGC_91038,159.750916,20.08469,11.57,1.15,0.0993949870354364,10.060869565217391,0.05,SD,thin_like,,unmatched,,,
SDSSJ103902.08+034104.2,SDSSJ103902080341042,,159.758698,3.684496,8.91,1.07,0.1200897867564534,8.327102803738317,0.04,SD,intermediate,,unmatched,,,
2MASXJ10390531+0455593,2MASXJ103905310455593,,159.772034,4.933293,4.01,1.69,0.4214463840399002,2.3727810650887573,0.47,SA,thick_like,,unmatched,,,
PGC1220610,PGC1220610,PGC_1220610,159.77356,2.241434,4.73,1.65,0.3488372093023255,2.866666666666667,0.37,SA,thick_like,,unmatched,,,
SDSSJ103920.94+533246.8,SDSSJ103920945332468,,159.837265,53.546356,3.82,0.86,0.225130890052356,4.441860465116279,0.09,SC,thick_like,,unmatched,,,
PGC1169357,PGC1169357,PGC_1169357,159.845245,0.565492,6.27,1.26,0.200956937799043,4.976190476190475,0.1,SB,thick_like,,unmatched,,,
PGC91039,PGC91039,PGC_91039,159.898575,34.920021,9.38,1.86,0.1982942430703624,5.043010752688172,0.11,SB,intermediate,,unmatched,,,
PGC1652638,PGC1652638,PGC_1652638,159.961777,21.56414,5.16,2.22,0.4302325581395349,2.324324324324324,0.13,SC,thick_like,,unmatched,,,
PGC2450277,PGC2450277,PGC_2450277,159.962448,53.767998,3.26,2.03,0.6226993865030674,1.6059113300492611,0.16,SC,thick_like,,unmatched,,,
UGC05802,UGC05802,UGC_5802,159.991257,15.598277,7.29,1.82,0.2496570644718793,4.0054945054945055,0.04,SD,thick_like,,unmatched,,,
PGC1100453,PGC1100453,PGC_1100453,160.020798,-2.146812,3.79,1.82,0.4802110817941952,2.0824175824175826,0.09,SC,thick_like,,unmatched,,,
PGC2777954,PGC2777954,PGC_2777954,160.043823,78.895203,3.41,1.59,0.4662756598240469,2.1446540880503147,0.33,SB,thick_like,,unmatched,,,
PGC2048011,PGC2048011,PGC_2048011,160.059509,34.362839,3.39,1.74,0.5132743362831859,1.9482758620689653,0.15,SC,thick_like,,unmatched,,,
PGC1695247,PGC1695247,PGC_1695247,160.068253,23.871042,3.68,1.78,0.483695652173913,2.067415730337079,0.12,SC,thick_like,,unmatched,,,
PGC1838968,PGC1838968,PGC_1838968,160.083069,28.547335,4.3,1.07,0.2488372093023256,4.018691588785046,0.21,SB,thick_like,,unmatched,,,
PGC2575197,PGC2575197,PGC_2575197,160.101044,58.155167,4.21,1.17,0.2779097387173396,3.5982905982905984,0.12,SC,thick_like,,unmatched,,,
PGC31763,PGC31763,PGC_31763,160.102768,6.860476,7.49,3.96,0.5287049399198932,1.8914141414141412,0.42,SB,thick_like,,unmatched,,,
PGC1766940,PGC1766940,PGC_1766940,160.136795,26.200693,4.47,1.86,0.4161073825503356,2.4032258064516125,0.15,SC,thick_like,,unmatched,,,
PGC1511938,PGC1511938,PGC_1511938,160.175171,16.572525,4.54,1.09,0.2400881057268722,4.1651376146788985,0.07,SB,thick_like,,unmatched,,,
UGC05810,UGC05810,UGC_5810,160.182007,39.79649,12.88,3.49,0.2709627329192546,3.69054441260745,0.28,SA,thick_like,,unmatched,,,
PGC1577082,PGC1577082,PGC_1577082,160.19043,18.995235,5.72,1.72,0.3006993006993007,3.325581395348837,0.09,SD,thick_like,,unmatched,,,
PGC1440384,PGC1440384,PGC_1440384,160.191879,13.783307,4.27,2.11,0.4941451990632318,2.023696682464455,0.16,SC,thick_like,,unmatched,,,
PGC3123582,PGC3123582,PGC_3123582,160.198807,3.247816,4.15,1.65,0.3975903614457831,2.515151515151516,0.1,SC,thick_like,,unmatched,,,
SDSSJ104057.88+435216.0,SDSSJ104057884352160,,160.24118,43.871124,4.22,0.77,0.1824644549763033,5.48051948051948,0.05,SD,intermediate,,unmatched,,,
2MASXJ10410844+2023282,2MASXJ104108442023282,,160.285049,20.391239,5.37,0.87,0.1620111731843575,6.172413793103448,0.1,SB,intermediate,,unmatched,,,
UGC05816,UGC05816,UGC_5816,160.291824,6.290479,8.84,3.96,0.4479638009049774,2.2323232323232323,0.15,SB,thick_like,,unmatched,,,
PGC1265303,PGC1265303,PGC_1265303,160.360779,4.226466,3.7,2.0,0.5405405405405405,1.85,0.12,SC,thick_like,,unmatched,,,
NED,NED,,160.364212,17.885483,4.58,0.93,0.2030567685589519,4.924731182795699,0.05,SD,thick_like,,unmatched,,,
PGC1570626,PGC1570626,PGC_1570626,160.364655,18.798073,5.29,0.76,0.1436672967863894,6.9605263157894735,0.07,SD,intermediate,,unmatched,,,
UGC05815,UGC05815,UGC_5815,160.369827,50.812126,13.55,2.18,0.1608856088560885,6.215596330275229,0.05,SD,intermediate,,unmatched,,,
PGC1875826,PGC1875826,PGC_1875826,160.386871,29.722811,3.86,1.75,0.4533678756476684,2.205714285714285,0.24,SB,thick_like,,unmatched,,,
PGC91043,PGC91043,PGC_91043,160.401276,16.274755,6.33,1.83,0.2890995260663507,3.459016393442623,0.09,SB,thick_like,,unmatched,,,
PGC1636738,PGC1636738,PGC_1636738,160.401489,20.82481,4.57,1.68,0.3676148796498905,2.720238095238096,0.26,SB,thick_like,,unmatched,,,
PGC1916074,PGC1916074,PGC_1916074,160.422913,30.741959,5.99,2.34,0.3906510851419031,2.55982905982906,0.15,SC,thick_like,,unmatched,,,
PGC31854,PGC31854,PGC_31854,160.426514,6.195912,6.5,1.82,0.28,3.571428571428571,0.13,SB,thick_like,,unmatched,,,
PGC213724,PGC213724,PGC_213724,160.486679,38.720951,4.39,1.67,0.3804100227790433,2.62874251497006,0.43,SB,thick_like,,unmatched,,,
SDSSJ104202.23+035245.5,SDSSJ104202230352455,,160.509323,3.879319,2.87,1.16,0.4041811846689895,2.474137931034483,0.1,SC,thick_like,,unmatched,,,
SDSSJ104202.30+033251.1,SDSSJ104202300332511,,160.509583,3.547529,3.99,1.2,0.3007518796992481,3.325,0.07,SD,thick_like,,unmatched,,,
PGC1392446,PGC1392446,PGC_1392446,160.549789,11.36113,4.68,1.6,0.3418803418803419,2.925,0.12,SC,thick_like,,unmatched,,,
PGC1512712,PGC1512712,PGC_1512712,160.574768,16.605902,3.3,1.33,0.403030303030303,2.4812030075187965,0.09,SC,thick_like,,unmatched,,,
SDSSJ104218.53+180742.6,SDSSJ104218531807426,,160.577225,18.128519,3.43,0.69,0.2011661807580174,4.971014492753624,0.08,SC,thick_like,,unmatched,,,
2MASXJ10422932+6058332,2MASXJ104229326058332,,160.621719,60.976082,4.72,1.64,0.3474576271186441,2.8780487804878048,0.31,SB,thick_like,,unmatched,,,
PGC1353530,PGC1353530,PGC_1353530,160.649429,8.779129,4.65,1.33,0.2860215053763441,3.4962406015037595,0.16,SB,thick_like,,unmatched,,,
PGC2163240,PGC2163240,PGC_2163240,160.654007,40.264854,3.38,1.9,0.5621301775147929,1.7789473684210526,0.15,SC,thick_like,,unmatched,,,
PGC2330720,PGC2330720,PGC_2330720,160.676407,48.994835,5.16,1.37,0.2655038759689923,3.7664233576642334,0.06,SD,thick_like,,unmatched,,,
PGC1565424,PGC1565424,PGC_1565424,160.683807,18.634108,6.23,1.02,0.1637239165329053,6.107843137254903,0.06,SD,intermediate,,unmatched,,,
2MASXJ10430246+2510415,2MASXJ104302462510415,,160.760132,25.178219,6.3,1.11,0.1761904761904762,5.675675675675675,0.08,SD,intermediate,,unmatched,,,
PGC4126661,PGC4126661,PGC_4126661,161.024185,26.061647,3.44,1.11,0.3226744186046512,3.099099099099099,0.07,SC,thick_like,,unmatched,,,
PGC1448643,PGC1448643,PGC_1448643,161.050858,14.077673,5.22,1.8,0.3448275862068966,2.9,0.28,SA,thick_like,,unmatched,,,
PGC3259863,PGC3259863,PGC_3259863,161.056534,-2.9837,7.63,0.72,0.0943643512450851,10.597222222222223,0.04,SD,thin_like,,unmatched,,,
SDSSJ104425.81+251758.7,SDSSJ104425812517587,,161.107544,25.299635,4.12,0.96,0.233009708737864,4.291666666666667,0.07,SC,thick_like,,unmatched,,,
PGC32052,PGC32052,PGC_32052,161.139862,39.157188,8.89,2.54,0.2857142857142857,3.5,0.08,SD,thick_like,,unmatched,,,
PGC1933544,PGC1933544,PGC_1933544,161.169388,31.141373,4.91,2.16,0.439918533604888,2.273148148148148,0.19,SB,thick_like,,unmatched,,,
SDSSJ104442.12+172603.4,SDSSJ104442121726034,,161.175522,17.434292,2.94,0.48,0.1632653061224489,6.125,0.1,SB,intermediate,,unmatched,,,
PGC2183321,PGC2183321,PGC_2183321,161.179504,41.579384,4.79,0.95,0.1983298538622129,5.042105263157895,0.06,SD,intermediate,,unmatched,,,
PGC91046,PGC91046,PGC_91046,161.270981,37.183048,8.81,1.95,0.2213393870601589,4.517948717948718,0.05,SD,thick_like,,unmatched,,,
UGC05861,UGC05861,UGC_5861,161.275955,38.983776,11.55,2.76,0.2389610389610389,4.184782608695652,0.1,SB,thick_like,,unmatched,,,
PGC139421,PGC139421,PGC_139421,161.283936,37.760406,3.39,1.63,0.4808259587020648,2.0797546012269943,0.15,SC,thick_like,,unmatched,,,
PGC91047,PGC91047,PGC_91047,161.291138,38.71447,6.11,1.51,0.2471358428805237,4.04635761589404,0.07,SD,thick_like,,unmatched,,,
PGC2070800,PGC2070800,PGC_2070800,161.321411,35.839283,7.93,1.06,0.1336696090794451,7.481132075471698,0.05,SD,intermediate,,unmatched,,,
PGC1843140,PGC1843140,PGC_1843140,161.382858,28.692739,3.41,1.84,0.5395894428152492,1.8532608695652173,0.14,SC,thick_like,,unmatched,,,
SDSSJ104544.69+445935.9,SDSSJ104544694459359,,161.436264,44.993324,4.97,1.36,0.2736418511066398,3.654411764705882,0.06,SC,thick_like,,unmatched,,,
PGC1491111,PGC1491111,PGC_1491111,161.570358,15.695681,5.66,1.54,0.2720848056537102,3.675324675324676,0.13,SB,thick_like,,unmatched,,,
PGC1394104,PGC1394104,PGC_1394104,161.588531,11.469444,3.65,1.4,0.3835616438356164,2.607142857142857,0.11,SC,thick_like,,unmatched,,,
PGC1791922,PGC1791922,PGC_1791922,161.602951,26.905256,3.43,1.54,0.4489795918367347,2.2272727272727275,0.17,SC,thick_like,,unmatched,,,
PGC32201,PGC32201,PGC_32201,161.733505,46.709919,5.76,2.55,0.4427083333333333,2.2588235294117647,0.09,SD,thick_like,,unmatched,,,
SDSSJ104658.44+382728.2,SDSSJ104658443827282,,161.743546,38.45784,6.99,0.95,0.1359084406294706,7.3578947368421055,0.04,SD,intermediate,,unmatched,,,
PGC1241136,PGC1241136,PGC_1241136,161.792023,2.930261,3.41,1.31,0.3841642228739003,2.603053435114504,0.12,SC,thick_like,,unmatched,,,
PGC2675029,PGC2675029,PGC_2675029,161.839691,65.157639,3.78,1.51,0.3994708994708995,2.5033112582781456,0.1,SC,thick_like,,unmatched,,,
2MASXJ10473072+1540097,2MASXJ104730721540097,,161.87796,15.669411,6.13,1.08,0.1761827079934747,5.675925925925926,0.07,SD,intermediate,,unmatched,,,
NED,NED,,161.914871,23.093746,3.85,0.71,0.1844155844155844,5.422535211267606,0.04,SD,intermediate,,unmatched,,,
PGC1659014,PGC1659014,PGC_1659014,161.978119,21.87398,4.08,2.09,0.5122549019607843,1.952153110047847,0.12,SC,thick_like,,unmatched,,,
PGC2100822,PGC2100822,PGC_2100822,162.004684,37.440639,3.69,1.63,0.4417344173441734,2.263803680981596,0.35,SA,thick_like,,unmatched,,,
2MASXJ10481020+1956280,2MASXJ104810201956280,,162.042435,19.941214,4.7,2.34,0.4978723404255318,2.008547008547009,0.23,SB,thick_like,,unmatched,,,
PGC2225199,PGC2225199,PGC_2225199,162.162613,43.625202,6.71,1.41,0.210134128166915,4.75886524822695,0.33,SB,thick_like,,unmatched,,,
PGC1317401,PGC1317401,PGC_1317401,162.182617,7.256213,5.46,2.3,0.4212454212454212,2.373913043478261,0.14,SC,thick_like,,unmatched,,,
2MASXJ10484640+2400182,2MASXJ104846402400182,,162.193176,24.005095,6.36,2.55,0.400943396226415,2.494117647058824,0.35,SB,thick_like,,unmatched,,,
PGC91050,PGC91050,PGC_91050,162.194977,19.134502,8.95,1.4,0.1564245810055866,6.392857142857142,0.04,SD,intermediate,,unmatched,,,
PGC91051,PGC91051,PGC_91051,162.219574,31.37133,7.24,1.78,0.2458563535911602,4.067415730337078,0.3,SB,thick_like,,unmatched,,,
PGC213738,PGC213738,PGC_213738,162.258362,-0.71731,8.71,1.44,0.1653272101033294,6.048611111111112,0.06,SD,intermediate,,unmatched,,,
SDSSJ104911.11+155844.0,SDSSJ104911111558440,,162.296326,15.978916,4.87,1.67,0.3429158110882956,2.9161676646706587,0.09,SC,thick_like,,unmatched,,,
PGC2266358,PGC2266358,PGC_2266358,162.389816,45.526039,5.44,1.34,0.2463235294117647,4.059701492537314,0.16,SB,thick_like,,unmatched,,,
PGC2120950,PGC2120950,PGC_2120950,162.407318,38.213669,5.3,1.23,0.2320754716981132,4.308943089430894,0.1,SB,thick_like,,unmatched,,,
PGC1898222,PGC1898222,PGC_1898222,162.475998,30.298429,6.46,2.01,0.3111455108359133,3.2139303482587067,0.49,SA,thick_like,,unmatched,,,
SDSSJ104958.22+174202.5,SDSSJ104958221742025,,162.492599,17.700697,4.79,1.87,0.3903966597077244,2.5614973262032086,0.1,SC,thick_like,,unmatched,,,
PGC2090454,PGC2090454,PGC_2090454,162.511429,36.975365,2.98,1.17,0.3926174496644295,2.5470085470085477,0.26,SB,thick_like,,unmatched,,,
ESO569-013,ESO569013,ESO_569_13,162.540482,-21.25687,14.09,2.29,0.162526614620298,6.152838427947598,0.05,SD,intermediate,,unmatched,,,
PGC2164585,PGC2164585,PGC_2164585,162.551254,40.35651,5.67,1.0,0.1763668430335097,5.67,0.1,SB,intermediate,,unmatched,,,
PGC32477,PGC32477,PGC_32477,162.62146,26.342852,6.35,3.23,0.5086614173228347,1.9659442724458205,0.28,SA,thick_like,,unmatched,,,
PGC1315132,PGC1315132,PGC_1315132,162.636169,7.158839,9.09,1.53,0.1683168316831683,5.941176470588236,0.13,SB,intermediate,,unmatched,,,
SDSSJ105034.05+120106.0,SDSSJ105034051201060,,162.641876,12.018355,3.89,1.14,0.2930591259640102,3.4122807017543866,0.07,SB,thick_like,,unmatched,,,
2MASXJ10504350+1953350,2MASXJ105043501953350,,162.681213,19.893064,4.81,1.2,0.2494802494802495,4.008333333333333,0.08,SC,thick_like,,unmatched,,,
SDSSJ105048.83+321030.0,SDSSJ105048833210300,,162.703476,32.175022,4.45,0.87,0.195505617977528,5.114942528735632,0.05,SC,intermediate,,unmatched,,,
2MASXJ10505236+5735064,2MASXJ105052365735064,,162.718353,57.585045,3.29,1.7,0.5167173252279635,1.9352941176470588,0.14,SC,thick_like,,unmatched,,,
UGC05951,UGC05951,UGC_5951,162.754257,36.192581,12.17,2.29,0.1881676253081347,5.314410480349345,0.05,SD,intermediate,,unmatched,,,
SDSSJ105116.86+184855.8,SDSSJ105116861848558,,162.820236,18.815519,3.53,0.63,0.1784702549575071,5.603174603174603,0.08,SB,intermediate,,unmatched,,,
PGC2554441,PGC2554441,PGC_2554441,162.887253,57.007389,6.35,2.82,0.4440944881889764,2.25177304964539,0.17,SC,thick_like,,unmatched,,,
2MASXJ10513354+3630550,2MASXJ105133543630550,,162.889786,36.515358,5.84,1.18,0.2020547945205479,4.9491525423728815,0.06,SD,thick_like,,unmatched,,,
NED,NED,,162.939941,8.557365,4.57,1.36,0.2975929978118162,3.360294117647059,0.08,SC,thick_like,,unmatched,,,
PGC2122074,PGC2122074,PGC_2122074,162.96727,38.25518,3.98,0.9,0.2261306532663316,4.422222222222223,0.07,SD,thick_like,,unmatched,,,
PGC2302049,PGC2302049,PGC_2302049,162.970367,47.657787,5.85,0.99,0.1692307692307692,5.909090909090909,0.06,SD,intermediate,,unmatched,,,
PGC91055,PGC91055,PGC_91055,163.001282,45.531345,6.85,2.01,0.2934306569343065,3.4079601990049757,0.05,SB,thick_like,,unmatched,,,
2MASXJ10520073+5050344,2MASXJ105200735050344,,163.00322,50.843037,4.16,1.79,0.4302884615384615,2.3240223463687157,0.42,SB,thick_like,,unmatched,,,
PGC1246608,PGC1246608,PGC_1246608,163.011246,3.166143,3.17,1.95,0.6151419558359621,1.6256410256410256,0.11,SC,thick_like,,unmatched,,,
PGC1353524,PGC1353524,PGC_1353524,163.012955,8.779241,5.87,2.24,0.3816013628620102,2.620535714285714,0.12,SC,thick_like,,unmatched,,,
PGC2578205,PGC2578205,PGC_2578205,163.020691,58.396675,4.37,0.91,0.2082379862700228,4.802197802197802,0.06,SD,thick_like,,unmatched,,,
PGC1278846,PGC1278846,PGC_1278846,163.03009,5.151049,4.89,1.96,0.4008179959100205,2.4948979591836733,0.08,SC,thick_like,,unmatched,,,
PGC1652708,PGC1652708,PGC_1652708,163.053375,21.567324,5.28,1.83,0.346590909090909,2.8852459016393444,0.1,SC,thick_like,,unmatched,,,
PGC1639864,PGC1639864,PGC_1639864,163.116165,20.970377,3.54,1.68,0.4745762711864406,2.107142857142857,0.12,SC,thick_like,,unmatched,,,
UGC05994,UGC05994,UGC_5994,163.139236,10.019107,8.57,2.64,0.3080513418903151,3.246212121212121,0.19,SB,thick_like,,unmatched,,,
PGC1890030,PGC1890030,PGC_1890030,163.152985,30.094873,4.12,3.86,0.9368932038834952,1.067357512953368,0.25,SB,thick_like,,unmatched,,,
PGC2282141,PGC2282141,PGC_2282141,163.168701,46.492615,4.41,2.01,0.45578231292517,2.194029850746269,0.16,SC,thick_like,,unmatched,,,
NED,NED,,163.189682,22.6756,4.83,0.87,0.1801242236024844,5.551724137931035,0.1,SB,intermediate,,unmatched,,,
PGC32668,PGC32668,PGC_32668,163.249023,10.831151,5.18,2.58,0.4980694980694981,2.007751937984496,0.35,SA,thick_like,,unmatched,,,
PGC32686,PGC32686,PGC_32686,163.320633,43.450947,5.26,2.84,0.5399239543726235,1.852112676056338,0.53,SA,thick_like,,unmatched,,,
SDSSJ105325.92+261725.2,SDSSJ105325922617252,,163.358032,26.290356,4.23,0.84,0.1985815602836879,5.035714285714287,0.06,SD,intermediate,,unmatched,,,
PGC1888338,PGC1888338,PGC_1888338,163.376144,30.052977,4.97,1.09,0.2193158953722334,4.559633027522935,0.09,SC,thick_like,,unmatched,,,
PGC1726613,PGC1726613,PGC_1726613,163.384598,25.137079,4.03,1.46,0.3622828784119106,2.76027397260274,0.08,SC,thick_like,,unmatched,,,
UGC06012,UGC06012,UGC_6012,163.410553,26.909872,15.11,3.01,0.1992058239576439,5.019933554817276,0.18,SB,intermediate,,unmatched,,,
SDSSJ105342.98+294647.7,SDSSJ105342982946477,,163.429092,29.779934,4.16,1.64,0.3942307692307692,2.5365853658536586,0.1,SC,thick_like,,unmatched,,,
PGC1173151,PGC1173151,PGC_1173151,163.459518,0.700469,4.9,0.79,0.1612244897959183,6.2025316455696204,0.04,SD,intermediate,,unmatched,,,
PGC2102755,PGC2102755,PGC_2102755,163.533905,37.521294,8.56,1.4,0.1635514018691588,6.114285714285715,0.05,SD,intermediate,,unmatched,,,
UGC06020,UGC06020,UGC_6020,163.560333,21.132618,13.64,3.11,0.2280058651026393,4.385852090032155,0.2,SB,thick_like,,unmatched,,,
PGC2300438,PGC2300438,PGC_2300438,163.572235,47.564461,4.01,2.21,0.5511221945137157,1.8144796380090495,0.19,SC,thick_like,,unmatched,,,
PGC2102986,PGC2102986,PGC_2102986,163.615097,37.529865,4.1,0.95,0.2317073170731707,4.315789473684211,0.06,SD,thick_like,,unmatched,,,
NGC03454,NGC03454,NGC_3454,163.623306,17.344,19.69,5.77,0.2930421533773488,3.4124783362218376,0.06,IR,thick_like,,unmatched,,,
PGC1362239,PGC1362239,PGC_1362239,163.631882,9.250777,4.06,1.62,0.3990147783251232,2.5061728395061724,0.34,SB,thick_like,,unmatched,,,
PGC2089816,PGC2089816,PGC_2089816,163.685608,36.943676,4.38,1.33,0.3036529680365297,3.293233082706766,0.11,SC,thick_like,,unmatched,,,
PGC91061,PGC91061,PGC_91061,163.716217,11.135396,8.56,1.82,0.2126168224299065,4.703296703296704,0.09,SB,thick_like,,unmatched,,,
PGC2100884,PGC2100884,PGC_2100884,163.782822,37.443287,5.66,2.19,0.3869257950530035,2.584474885844749,0.13,SC,thick_like,,unmatched,,,
PGC156034,PGC156034,PGC_156034,163.815903,-0.928112,3.92,1.37,0.3494897959183674,2.8613138686131383,0.2,SB,thick_like,,unmatched,,,
PGC91060,PGC91060,PGC_91060,163.829285,57.71627,5.37,1.53,0.2849162011173184,3.5098039215686274,0.18,SB,thick_like,,unmatched,,,
PGC1368164,PGC1368164,PGC_1368164,163.896591,9.655772,5.07,1.4,0.2761341222879684,3.621428571428572,0.11,SC,thick_like,,unmatched,,,
PGC1332282,PGC1332282,PGC_1332282,163.907608,7.838981,5.98,1.03,0.1722408026755852,5.805825242718447,0.08,SD,intermediate,,unmatched,,,
PGC1686760,PGC1686760,PGC_1686760,163.940399,23.401941,7.03,1.1,0.1564722617354196,6.390909090909091,0.06,SD,intermediate,,unmatched,,,
2MASXJ10555017+1700063,2MASXJ105550171700063,,163.95871,17.00177,3.56,2.29,0.6432584269662921,1.554585152838428,0.13,SB,thick_like,,unmatched,,,
UGC06036,UGC06036,UGC_6036,163.980255,36.861519,13.45,4.46,0.3315985130111524,3.015695067264574,0.32,SA,thick_like,,unmatched,,,
NED,NED,,163.986359,7.725954,4.99,0.61,0.1222444889779559,8.18032786885246,0.05,SD,intermediate,,unmatched,,,
PGC1630851,PGC1630851,PGC_1630851,163.997086,20.56819,4.52,2.03,0.4491150442477876,2.226600985221675,0.28,SB,thick_like,,unmatched,,,
2MASXJ10560377+1904496,2MASXJ105603771904496,,164.015793,19.080589,9.35,1.06,0.1133689839572192,8.820754716981131,0.18,SB,intermediate,,unmatched,,,
PGC1889061,PGC1889061,PGC_1889061,164.026642,30.070242,4.69,0.87,0.185501066098081,5.39080459770115,0.14,SB,intermediate,,unmatched,,,
PGC2222151,PGC2222151,PGC_2222151,164.115005,43.496521,5.21,3.19,0.6122840690978887,1.6332288401253918,0.22,SB,thick_like,,unmatched,,,
PGC2278624,PGC2278624,PGC_2278624,164.1436,46.287891,4.77,1.76,0.3689727463312369,2.7102272727272725,0.09,SC,thick_like,,unmatched,,,
2MASXJ10563697+5912558,2MASXJ105636975912558,,164.154236,59.215481,2.94,1.72,0.5850340136054422,1.7093023255813953,0.2,SB,thick_like,,unmatched,,,
2MASXJ10564374+1950555,2MASXJ105643741950555,,164.182312,19.84857,3.61,0.92,0.2548476454293629,3.9239130434782608,0.22,SB,thick_like,,unmatched,,,
2MASXJ10564980+5724458,2MASXJ105649805724458,,164.207672,57.412628,6.65,2.43,0.3654135338345864,2.736625514403292,0.48,SA,thick_like,,unmatched,,,
PGC2104645,PGC2104645,PGC_2104645,164.222717,37.597507,7.9,1.82,0.230379746835443,4.34065934065934,0.29,SB,thick_like,,unmatched,,,
PGC2675969,PGC2675969,PGC_2675969,164.223816,65.269325,3.88,1.56,0.4020618556701031,2.4871794871794872,0.08,SB,thick_like,,unmatched,,,
NED,NED,,164.288925,24.182093,7.76,2.57,0.3311855670103092,3.019455252918288,0.08,SD,thick_like,,unmatched,,,
PGC2528270,PGC2528270,PGC_2528270,164.303024,56.179806,3.92,1.49,0.3801020408163265,2.6308724832214763,0.13,SC,thick_like,,unmatched,,,
PGC2055544,PGC2055544,PGC_2055544,164.317474,34.850979,3.88,1.43,0.3685567010309278,2.7132867132867133,0.12,SB,thick_like,,unmatched,,,
PGC1895854,PGC1895854,PGC_1895854,164.354111,30.239611,5.78,1.33,0.2301038062283737,4.345864661654136,0.06,SB,thick_like,,unmatched,,,
PGC32947,PGC32947,PGC_32947,164.402893,44.071365,4.45,4.02,0.9033707865168538,1.1069651741293534,0.31,SC,thick_like,,unmatched,,,
SDSSJ105759.78+263820.7,SDSSJ105759782638207,,164.499084,26.639093,4.11,0.77,0.1873479318734793,5.337662337662338,0.06,SD,intermediate,,unmatched,,,
PGC213765,PGC213765,PGC_213765,164.517593,17.143555,5.0,2.54,0.508,1.968503937007874,0.1,SC,thick_like,,unmatched,,,
NED,NED,,164.525284,40.190418,8.07,2.72,0.3370508054522924,2.9669117647058822,0.12,SC,thick_like,,unmatched,,,
NGC03477,NGC03477,NGC_3477,164.552414,9.217796,7.83,2.94,0.3754789272030651,2.663265306122449,0.43,SB,thick_like,,unmatched,,,
UGC06054,UGC06054,UGC_6054,164.552582,20.106434,12.03,2.88,0.2394014962593516,4.177083333333333,0.29,SD,thick_like,,unmatched,,,
PGC1327362,PGC1327362,PGC_1327362,164.590424,7.653065,3.35,1.95,0.582089552238806,1.717948717948718,0.36,SB,thick_like,,unmatched,,,
SDSSJ105823.97+164404.0,SDSSJ105823971644040,,164.599899,16.734428,2.98,0.98,0.3288590604026845,3.0408163265306123,0.08,SC,thick_like,,unmatched,,,
PGC2251258,PGC2251258,PGC_2251258,164.6978,44.754723,6.37,0.9,0.141287284144427,7.0777777777777775,0.06,SB,intermediate,,unmatched,,,
SDSSJ105854.50+095406.4,SDSSJ105854500954064,,164.727112,9.901789,3.67,1.0,0.2724795640326976,3.67,0.08,SC,thick_like,,unmatched,,,
PGC33054,PGC33054,PGC_33054,164.734482,13.167392,7.02,2.33,0.3319088319088319,3.0128755364806863,0.09,SC,thick_like,,unmatched,,,
PGC33057,PGC33057,PGC_33057,164.737762,9.832722,5.0,1.78,0.356,2.808988764044944,0.34,SB,thick_like,,unmatched,,,
2MASXJ10585796+5808014,2MASXJ105857965808014,,164.741592,58.133678,6.0,1.89,0.315,3.174603174603175,0.22,SB,thick_like,,unmatched,,,
PGC1246924,PGC1246924,PGC_1246924,164.77475,3.182659,4.53,1.97,0.4348785871964679,2.2994923857868024,0.09,SC,thick_like,,unmatched,,,
PGC1269378,PGC1269378,PGC_1269378,164.779861,4.521725,4.54,0.94,0.2070484581497797,4.829787234042554,0.07,SD,thick_like,,unmatched,,,
PGC1293127,PGC1293127,PGC_1293127,164.795349,6.01912,3.51,1.38,0.3931623931623931,2.5434782608695654,0.12,SB,thick_like,,unmatched,,,
NED,NED,,164.814102,11.084744,5.6,0.72,0.1285714285714286,7.777777777777778,0.06,SB,intermediate,,unmatched,,,
SDSSJ105918.06+282839.4,SDSSJ105918062828394,,164.825272,28.477619,3.68,0.75,0.2038043478260869,4.906666666666667,0.05,SD,thick_like,,unmatched,,,
SDSSJ105925.12+215430.8,SDSSJ105925122154308,,164.854691,21.908554,4.18,0.84,0.200956937799043,4.976190476190476,0.06,SB,thick_like,,unmatched,,,
2MASXJ10593498+1659501,2MASXJ105934981659501,,164.895676,16.997444,4.77,0.86,0.180293501048218,5.546511627906976,0.09,SD,intermediate,,unmatched,,,
PGC2206083,PGC2206083,PGC_2206083,164.952744,42.782963,5.47,1.3,0.2376599634369287,4.207692307692307,0.13,SB,thick_like,,unmatched,,,
SDSSJ105957.59+290059.6,SDSSJ105957592900596,,164.989975,29.016548,4.48,0.9,0.2008928571428571,4.977777777777778,0.07,SD,thick_like,,unmatched,,,
PGC33159,PGC33159,PGC_33159,165.084351,7.587582,7.23,2.2,0.3042876901798064,3.286363636363636,0.33,SB,thick_like,,unmatched,,,
2MASXJ11002361+1758121,2MASXJ110023611758121,,165.098526,17.970104,3.33,1.1,0.3303303303303303,3.027272727272727,0.35,SA,thick_like,,unmatched,,,
PGC2107611,PGC2107611,PGC_2107611,165.108322,37.713924,7.53,2.52,0.3346613545816733,2.988095238095238,0.12,SC,thick_like,,unmatched,,,
2MASXJ11003319+1827552,2MASXJ110033191827552,,165.138687,18.465181,6.44,2.34,0.3633540372670807,2.752136752136753,0.21,SB,thick_like,,unmatched,,,
UGC06086,UGC06086,UGC_6086,165.143112,9.956967,12.75,2.92,0.2290196078431372,4.366438356164384,0.07,SD,thick_like,,unmatched,,,
PGC33183,PGC33183,PGC_33183,165.15509,11.415314,6.9,4.17,0.6043478260869565,1.654676258992806,0.38,SB,thick_like,,unmatched,,,
UGC06080,UGC06080,UGC_6080,165.167175,61.320587,21.45,4.12,0.1920745920745921,5.20631067961165,0.04,SD,intermediate,,unmatched,,,
PGC1358581,PGC1358581,PGC_1358581,165.183197,9.045279,4.38,1.5,0.3424657534246575,2.92,0.06,SB,thick_like,,unmatched,,,
SDSSJ110047.36+290126.1,SDSSJ110047362901261,,165.197372,29.02393,5.57,1.08,0.1938958707360862,5.157407407407407,0.06,SB,intermediate,,unmatched,,,
PGC2280568,PGC2280568,PGC_2280568,165.235962,46.402489,3.19,1.88,0.5893416927899686,1.696808510638298,0.19,SC,thick_like,,unmatched,,,
PGC3094738,PGC3094738,PGC_3094738,165.255753,36.765942,4.67,0.95,0.2034261241970021,4.91578947368421,0.07,SC,thick_like,,unmatched,,,
PGC1318002,PGC1318002,PGC_1318002,165.258148,7.280861,3.98,1.8,0.4522613065326633,2.2111111111111112,0.4,SA,thick_like,,unmatched,,,
PGC1935381,PGC1935381,PGC_1935381,165.299774,31.182516,6.25,2.38,0.3807999999999999,2.6260504201680672,0.22,SB,thick_like,,unmatched,,,
PGC91073,PGC91073,PGC_91073,165.303711,32.147121,8.31,2.04,0.2454873646209386,4.073529411764706,0.28,SB,thick_like,,unmatched,,,
PGC1302370,PGC1302370,PGC_1302370,165.305344,6.52205,4.0,1.62,0.405,2.469135802469136,0.11,SB,thick_like,,unmatched,,,
2MASXJ11012614+1650180,2MASXJ110126141650180,,165.358795,16.838345,3.8,1.43,0.3763157894736842,2.657342657342657,0.09,SC,thick_like,,unmatched,,,
PGC2505914,PGC2505914,PGC_2505914,165.403,55.545444,3.81,1.67,0.4383202099737532,2.281437125748503,0.09,SC,thick_like,,unmatched,,,
SDSSJ110150.90+204714.6,SDSSJ110150902047146,,165.462097,20.787382,4.21,0.79,0.1876484560570071,5.329113924050633,0.12,SC,intermediate,,unmatched,,,
PGC1840377,PGC1840377,PGC_1840377,165.480865,28.594845,4.99,2.04,0.408817635270541,2.446078431372549,0.29,SB,thick_like,,unmatched,,,
PGC1296589,PGC1296589,PGC_1296589,165.487198,6.214956,3.59,2.29,0.637883008356546,1.5676855895196506,0.35,SA,thick_like,,unmatched,,,
PGC91075,PGC91075,PGC_91075,165.513794,38.92704,8.51,1.96,0.2303172737955346,4.341836734693877,0.06,SD,thick_like,,unmatched,,,
PGC91076,PGC91076,PGC_91076,165.516953,17.263025,7.4,1.48,0.1999999999999999,5.0,0.06,SD,intermediate,,unmatched,,,
PGC3286241,PGC3286241,PGC_3286241,165.55867,-1.103406,7.23,1.08,0.1493775933609958,6.694444444444445,0.06,SD,intermediate,,unmatched,,,
PGC1744859,PGC1744859,PGC_1744859,165.589325,25.662832,4.18,4.07,0.973684210526316,1.027027027027027,0.12,SC,thick_like,,unmatched,,,
2MASXJ11022331+1712333,2MASXJ110223311712333,,165.596954,17.209206,2.97,1.26,0.4242424242424242,2.357142857142857,0.22,SB,thick_like,,unmatched,,,
UGC06108,UGC06108,UGC_6108,165.625732,37.025307,5.13,1.86,0.3625730994152047,2.758064516129032,0.27,SB,thick_like,,unmatched,,,
SDSSJ110241.28+185221.1,SDSSJ110241281852211,,165.671997,18.872528,3.18,0.94,0.2955974842767295,3.382978723404256,0.11,SB,thick_like,,unmatched,,,
PGC1865558,PGC1865558,PGC_1865558,165.672012,29.414637,6.91,1.16,0.1678726483357452,5.956896551724139,0.07,SD,intermediate,,unmatched,,,
PGC1339875,PGC1339875,PGC_1339875,165.672653,8.13702,5.71,1.28,0.2241681260945709,4.4609375,0.18,SB,thick_like,,unmatched,,,
NGC03501,NGC03501,NGC_3501,165.696945,17.989338,32.89,7.16,0.2176953481301307,4.593575418994414,0.08,SD,thick_like,,unmatched,,,
PGC2101163,PGC2101163,PGC_2101163,165.741165,37.455666,5.57,0.84,0.1508078994614003,6.630952380952381,0.06,SD,intermediate,,unmatched,,,
PGC1988410,PGC1988410,PGC_1988410,165.746109,32.256882,4.51,1.82,0.4035476718403548,2.4780219780219777,0.28,SA,thick_like,,unmatched,,,
PGC1722373,PGC1722373,PGC_1722373,165.785156,24.996504,6.5,1.89,0.2907692307692308,3.4391534391534395,0.12,SC,thick_like,,unmatched,,,
SDSSJ110310.23+150826.2,SDSSJ110310231508262,,165.792648,15.140628,6.37,1.29,0.2025117739403453,4.937984496124031,0.07,SD,thick_like,,unmatched,,,
2MASXJ11031433+1516107,2MASXJ110314331516107,,165.809769,15.269531,3.72,1.22,0.3279569892473118,3.0491803278688527,0.12,SC,thick_like,,unmatched,,,
PGC1274874,PGC1274874,PGC_1274874,165.825485,4.893319,2.89,1.46,0.5051903114186851,1.979452054794521,0.15,SC,thick_like,,unmatched,,,
PGC93603,PGC93603,PGC_93603,165.858063,28.010878,3.48,1.85,0.5316091954022989,1.881081081081081,0.43,SB,thick_like,,unmatched,,,
SDSSJ110334.32+573900.1,SDSSJ110334325739001,,165.893082,57.650036,4.32,1.02,0.2361111111111111,4.235294117647059,0.12,SB,thick_like,,unmatched,,,
PGC866417,PGC866417,PGC_866417,165.921661,-18.577251,5.45,2.11,0.3871559633027522,2.582938388625593,0.21,SB,thick_like,,unmatched,,,
PGC91079,PGC91079,PGC_91079,165.938187,14.844858,10.75,1.55,0.1441860465116279,6.935483870967742,0.12,SB,intermediate,,unmatched,,,
PGC33413,PGC33413,PGC_33413,165.96405,9.13305,5.19,2.12,0.4084778420038535,2.44811320754717,0.5,SA,thick_like,,unmatched,,,
PGC1281029,PGC1281029,PGC_1281029,165.972824,5.287878,6.77,1.08,0.1595273264401772,6.268518518518517,0.05,SD,intermediate,,unmatched,,,
PGC92928,PGC92928,PGC_92928,166.023132,11.02191,6.72,2.04,0.3035714285714286,3.294117647058824,0.07,SD,thick_like,,unmatched,,,
NED,NED,,166.069656,-0.528115,7.27,0.83,0.1141678129298486,8.759036144578314,0.04,SD,intermediate,,unmatched,,,
SDSSJ110422.88+160624.0,SDSSJ110422881606240,,166.095322,16.106676,2.88,1.15,0.3993055555555555,2.5043478260869567,0.08,SC,thick_like,,unmatched,,,
PGC2255656,PGC2255656,PGC_2255656,166.144821,44.947094,4.35,1.53,0.3517241379310345,2.8431372549019605,0.08,IR,thick_like,,unmatched,,,
PGC2323150,PGC2323150,PGC_2323150,166.153549,48.684189,3.81,1.01,0.2650918635170604,3.772277227722772,0.09,SB,thick_like,,unmatched,,,
PGC2244852,PGC2244852,PGC_2244852,166.229874,44.459278,4.37,1.53,0.3501144164759725,2.856209150326797,0.21,SB,thick_like,,unmatched,,,
SDSSJ110509.94+242937.7,SDSSJ110509942429377,,166.291428,24.493822,4.26,1.24,0.2910798122065728,3.435483870967742,0.08,SC,thick_like,,unmatched,,,
PGC2027342,PGC2027342,PGC_2027342,166.291534,33.24313,3.72,1.74,0.4677419354838709,2.137931034482759,0.38,SB,thick_like,,unmatched,,,
2MASXJ11051327+2854385,2MASXJ110513272854385,,166.305084,28.910793,7.43,1.21,0.1628532974427994,6.140495867768595,0.05,SD,intermediate,,unmatched,,,
PGC1326267,PGC1326267,PGC_1326267,166.368515,7.611347,5.91,1.92,0.3248730964467005,3.078125,0.05,SC,thick_like,,unmatched,,,
PGC2436849,PGC2436849,PGC_2436849,166.387466,53.288761,4.13,1.71,0.4140435835351089,2.415204678362573,0.09,SC,thick_like,,unmatched,,,
PGC3285313,PGC3285313,PGC_3285313,166.40271,0.757791,5.25,0.68,0.1295238095238095,7.720588235294117,0.06,SB,intermediate,,unmatched,,,
PGC2376091,PGC2376091,PGC_2376091,166.420547,50.5462,3.9,1.69,0.4333333333333333,2.307692307692308,0.16,SC,thick_like,,unmatched,,,
UGC06148,UGC06148,UGC_6148,166.492004,36.407116,11.31,4.05,0.3580901856763925,2.7925925925925927,0.28,SB,thick_like,,unmatched,,,
PGC918042,PGC918042,PGC_918042,166.524033,-14.932375,4.5,2.25,0.5,2.0,0.42,SA,thick_like,,unmatched,,,
PGC1675949,PGC1675949,PGC_1675949,166.631363,22.777582,8.29,2.81,0.3389626055488541,2.95017793594306,0.36,SB,thick_like,,unmatched,,,
SDSSJ110637.61+233248.3,SDSSJ110637612332483,,166.656723,23.546768,7.45,0.97,0.1302013422818791,7.680412371134021,0.04,SD,intermediate,,unmatched,,,
PGC33599,PGC33599,PGC_33599,166.660614,53.366924,8.93,3.49,0.3908174692049272,2.558739255014326,0.09,SC,thick_like,,unmatched,,,
PGC1167382,PGC1167382,PGC_1167382,166.705338,0.492383,4.99,1.02,0.2044088176352705,4.892156862745098,0.05,SD,thick_like,,unmatched,,,
PGC1691877,PGC1691877,PGC_1691877,166.734985,23.689787,4.19,0.78,0.1861575178997613,5.371794871794872,0.1,SB,intermediate,,unmatched,,,
SDSSJ110712.66+574500.7,SDSSJ110712665745007,,166.802826,57.750195,3.4,0.83,0.2441176470588235,4.096385542168675,0.08,SB,thick_like,,unmatched,,,
PGC1695915,PGC1695915,PGC_1695915,166.889633,23.907761,3.24,1.94,0.5987654320987654,1.6701030927835052,0.16,SC,thick_like,,unmatched,,,
PGC1205720,PGC1205720,PGC_1205720,166.914886,1.783077,2.94,1.11,0.3775510204081633,2.648648648648648,0.25,SB,thick_like,,unmatched,,,
PGC2305490,PGC2305490,PGC_2305490,166.963715,47.848606,3.75,2.24,0.5973333333333334,1.6741071428571428,0.2,SB,thick_like,,unmatched,,,
PGC870434,PGC870434,PGC_870434,166.975204,-18.260159,5.66,1.1,0.1943462897526502,5.1454545454545455,0.08,SC,intermediate,,unmatched,,,
PGC2242930,PGC2242930,PGC_2242930,166.977448,44.376839,4.77,1.9,0.3983228511530398,2.5105263157894737,0.44,SA,thick_like,,unmatched,,,
SDSSJ110801.02+452327.9,SDSSJ110801024523279,,167.004242,45.39109,4.04,1.07,0.2648514851485148,3.7757009345794392,0.05,SD,thick_like,,unmatched,,,
SDSSJ110803.36+073547.7,SDSSJ110803360735477,,167.014038,7.596628,7.21,0.8,0.1109570041608876,9.0125,0.04,IR,intermediate,,unmatched,,,
NED,NED,,167.027435,16.819069,5.84,1.34,0.2294520547945205,4.35820895522388,0.11,SD,thick_like,,unmatched,,,
PGC2034214,PGC2034214,PGC_2034214,167.053116,33.542183,6.94,1.28,0.1844380403458213,5.421875,0.06,SD,intermediate,,unmatched,,,
PGC2233429,PGC2233429,PGC_2233429,167.096359,43.967419,4.41,2.46,0.5578231292517006,1.7926829268292683,0.21,SC,thick_like,,unmatched,,,
NED,NED,,167.104385,62.531433,6.88,1.19,0.1729651162790697,5.781512605042017,0.05,SD,intermediate,,unmatched,,,
PGC1502387,PGC1502387,PGC_1502387,167.11821,16.168404,3.92,1.34,0.3418367346938776,2.9253731343283578,0.24,SB,thick_like,,unmatched,,,
PGC1982449,PGC1982449,PGC_1982449,167.130188,32.144985,4.51,1.14,0.2527716186252771,3.956140350877193,0.18,SB,thick_like,,unmatched,,,
PGC1650847,PGC1650847,PGC_1650847,167.144012,21.478951,4.12,1.76,0.4271844660194174,2.340909090909091,0.15,SC,thick_like,,unmatched,,,
NGC03534,NGC03534,NGC_3534,167.231903,26.610502,13.46,6.63,0.4925705794947994,2.030165912518854,0.28,SC,thick_like,,unmatched,,,
PGC2240708,PGC2240708,PGC_2240708,167.242981,44.280296,3.0,1.39,0.4633333333333333,2.1582733812949644,0.12,SB,thick_like,,unmatched,,,
PGC2063192,PGC2063192,PGC_2063192,167.252274,35.351852,5.81,1.55,0.2667814113597246,3.748387096774193,0.26,SB,thick_like,,unmatched,,,
NED,NED,,167.252716,58.054977,4.69,0.83,0.1769722814498933,5.650602409638555,0.05,SD,intermediate,,unmatched,,,
PGC1856677,PGC1856677,PGC_1856677,167.272049,29.132023,4.21,1.34,0.3182897862232779,3.1417910447761197,0.1,SC,thick_like,,unmatched,,,
PGC876823,PGC876823,PGC_876823,167.279678,-17.827944,4.85,1.58,0.3257731958762887,3.0696202531645564,0.18,SC,thick_like,,unmatched,,,
PGC2171107,PGC2171107,PGC_2171107,167.280914,40.80011,3.29,1.41,0.4285714285714285,2.333333333333333,0.12,SC,thick_like,,unmatched,,,
PGC91087,PGC91087,PGC_91087,167.344116,5.044605,10.13,1.27,0.1253701875616979,7.976377952755906,0.04,SD,intermediate,,unmatched,,,
2MASXJ11092304+2525082,2MASXJ110923042525082,,167.346191,25.419008,4.04,0.85,0.2103960396039604,4.752941176470588,0.07,SD,thick_like,,unmatched,,,
PGC891166,PGC891166,PGC_891166,167.427383,-16.948109,4.12,1.17,0.2839805825242718,3.5213675213675217,0.07,SD,thick_like,,unmatched,,,
SDSSJ111003.85+060304.5,SDSSJ111003850603045,,167.516144,6.051185,3.38,0.74,0.2189349112426035,4.567567567567568,0.08,SC,thick_like,,unmatched,,,
SDSSJ111013.36+302422.1,SDSSJ111013363024221,,167.555679,30.406158,3.34,0.8,0.2395209580838323,4.175,0.06,SD,thick_like,,unmatched,,,
SDSSJ111013.39+094510.7,SDSSJ111013390945107,,167.555817,9.752992,6.1,1.02,0.1672131147540983,5.980392156862744,0.11,SB,intermediate,,unmatched,,,
PGC2267116,PGC2267116,PGC_2267116,167.564667,45.571205,7.71,1.88,0.2438391699092088,4.101063829787234,0.38,SA,thick_like,,unmatched,,,
PGC1332091,PGC1332091,PGC_1332091,167.582474,7.832058,4.34,1.7,0.391705069124424,2.552941176470588,0.11,SC,thick_like,,unmatched,,,
PGC33896,PGC33896,PGC_33896,167.583389,4.68827,5.61,2.39,0.4260249554367201,2.3472803347280333,0.46,SA,thick_like,,unmatched,,,
PGC91088,PGC91088,PGC_91088,167.612915,34.721115,10.52,1.51,0.1435361216730038,6.966887417218543,0.12,SB,intermediate,,unmatched,,,
PGC2470157,PGC2470157,PGC_2470157,167.642242,54.455406,4.53,2.24,0.4944812362030905,2.0223214285714284,0.12,SC,thick_like,,unmatched,,,
SDSSJ111037.33+053300.7,SDSSJ111037330533007,,167.655563,5.550195,2.96,1.27,0.429054054054054,2.3307086614173227,0.09,SC,thick_like,,unmatched,,,
SDSSJ111054.45+255124.0,SDSSJ111054452551240,,167.726898,25.856668,3.11,1.29,0.4147909967845659,2.4108527131782944,0.09,SC,thick_like,,unmatched,,,
UGC06226,UGC06226,UGC_6226,167.792038,0.625143,11.89,2.18,0.1833473507148864,5.454128440366972,0.05,SD,intermediate,,unmatched,,,
PGC1802705,PGC1802705,PGC_1802705,167.819717,27.262224,2.85,1.38,0.4842105263157894,2.065217391304348,0.21,SB,thick_like,,unmatched,,,
PGC213795,PGC213795,PGC_213795,167.824997,6.947158,3.75,1.68,0.448,2.232142857142857,0.11,SC,thick_like,,unmatched,,,
PGC156380,PGC156380,PGC_156380,167.845779,-14.224751,6.61,2.78,0.4205748865355521,2.377697841726619,0.46,SA,thick_like,,unmatched,,,
UGC06232,UGC06232,UGC_6232,167.858215,43.907089,14.03,8.15,0.5808980755523878,1.7214723926380366,0.37,SB,thick_like,,unmatched,,,
PGC91090,PGC91090,PGC_91090,167.919006,45.3503,8.98,2.25,0.2505567928730512,3.991111111111112,0.06,SD,thick_like,,unmatched,,,
PGC2490901,PGC2490901,PGC_2490901,167.928909,55.110046,6.17,0.97,0.1572123176661264,6.360824742268042,0.04,SD,intermediate,,unmatched,,,
UGC06236,UGC06236,UGC_6236,167.943268,36.745159,10.03,3.09,0.3080757726819541,3.245954692556634,0.48,SA,thick_like,,unmatched,,,
SDSSJ111159.15+553045.3,SDSSJ111159155530453,,167.99646,55.512627,7.57,1.01,0.1334214002642008,7.495049504950495,0.05,SB,intermediate,,unmatched,,,
SDSSJ111201.02+124412.0,SDSSJ111201021244120,,168.004257,12.736681,4.01,0.98,0.2443890274314214,4.091836734693877,0.08,SC,thick_like,,unmatched,,,
PGC2242315,PGC2242315,PGC_2242315,168.009323,44.351009,4.38,1.94,0.4429223744292237,2.2577319587628866,0.14,SC,thick_like,,unmatched,,,
SDSSJ111216.40+410019.3,SDSSJ111216404100193,,168.068344,41.005386,3.73,0.74,0.1983914209115281,5.04054054054054,0.15,SB,intermediate,,unmatched,,,
PGC93608,PGC93608,PGC_93608,168.071884,28.048199,3.96,1.71,0.4318181818181818,2.3157894736842106,0.1,SC,thick_like,,unmatched,,,
PGC92930,PGC92930,PGC_92930,168.102448,30.079208,7.92,1.79,0.226010101010101,4.424581005586592,0.19,SB,thick_like,,unmatched,,,
PGC91093,PGC91093,PGC_91093,168.140717,31.974611,6.89,2.38,0.3454281567489115,2.894957983193277,0.1,SB,thick_like,,unmatched,,,
PGC1262498,PGC1262498,PGC_1262498,168.230515,4.035427,3.68,1.29,0.3505434782608695,2.852713178294574,0.1,SC,thick_like,,unmatched,,,
PGC91094,PGC91094,PGC_91094,168.283173,59.535332,8.29,1.41,0.1700844390832328,5.879432624113475,0.06,SD,intermediate,,unmatched,,,
PGC34167,PGC34167,PGC_34167,168.365662,7.431477,7.49,1.66,0.2216288384512683,4.5120481927710845,0.07,SD,thick_like,,unmatched,,,
PGC92931,PGC92931,PGC_92931,168.394516,9.492041,6.9,2.76,0.3999999999999999,2.5000000000000004,0.14,SC,thick_like,,unmatched,,,
PGC1842612,PGC1842612,PGC_1842612,168.450485,28.673386,3.41,1.57,0.4604105571847507,2.171974522292994,0.29,SB,thick_like,,unmatched,,,
PGC34196,PGC34196,PGC_34196,168.462112,6.898352,5.3,1.91,0.360377358490566,2.774869109947644,0.09,SC,thick_like,,unmatched,,,
PGC2572426,PGC2572426,PGC_2572426,168.470245,57.913464,4.32,0.89,0.2060185185185185,4.853932584269663,0.05,SD,thick_like,,unmatched,,,
UGC06256,UGC06256,UGC_6256,168.482819,65.177727,13.31,2.74,0.2058602554470323,4.857664233576642,0.03,SD,thick_like,,unmatched,,,
PGC91096,PGC91096,PGC_91096,168.511551,28.626263,7.59,1.58,0.2081686429512516,4.80379746835443,0.06,SB,thick_like,,unmatched,,,
PGC930542,PGC930542,PGC_930542,168.559128,-13.984681,4.64,2.42,0.521551724137931,1.9173553719008265,0.1,SC,thick_like,,unmatched,,,
PGC86998,PGC86998,PGC_86998,168.611176,34.067875,4.84,2.35,0.4855371900826447,2.0595744680851062,0.09,SC,thick_like,,unmatched,,,
NGC03592,NGC03592,NGC_3592,168.614044,17.259987,15.43,6.66,0.4316267012313675,2.3168168168168166,0.09,SC,thick_like,,unmatched,,,
PGC3091130,PGC3091130,PGC_3091130,168.620926,11.146626,3.96,1.94,0.4898989898989899,2.0412371134020617,0.48,SB,thick_like,,unmatched,,,
UGC06268,UGC06268,UGC_6268,168.621765,22.489897,12.05,2.43,0.2016597510373444,4.958847736625515,0.06,SD,thick_like,,unmatched,,,
PGC1860546,PGC1860546,PGC_1860546,168.621902,29.254259,5.15,1.89,0.3669902912621359,2.724867724867725,0.14,SB,thick_like,,unmatched,,,
PGC91098,PGC91098,PGC_91098,168.638779,-13.796995,7.31,2.61,0.3570451436388508,2.8007662835249043,0.07,SC,thick_like,,unmatched,,,
PGC1855357,PGC1855357,PGC_1855357,168.661957,29.090689,4.67,1.98,0.4239828693790149,2.3585858585858586,0.23,SB,thick_like,,unmatched,,,
PGC2553851,PGC2553851,PGC_2553851,168.693893,56.988827,4.58,1.6,0.3493449781659389,2.8625,0.09,SC,thick_like,,unmatched,,,
PGC1755370,PGC1755370,PGC_1755370,168.727921,25.924467,8.44,1.95,0.231042654028436,4.328205128205128,0.12,SB,thick_like,,unmatched,,,
SDSSJ111501.05+120308.2,SDSSJ111501051203082,,168.754395,12.052302,3.65,0.96,0.2630136986301369,3.8020833333333335,0.06,SC,thick_like,,unmatched,,,
PGC1235011,PGC1235011,PGC_1235011,168.789185,2.699009,10.14,1.02,0.1005917159763313,9.941176470588236,0.07,SD,intermediate,,unmatched,,,
PGC2443270,PGC2443270,PGC_2443270,168.881104,53.517159,7.66,1.95,0.2545691906005222,3.928205128205129,0.31,SB,thick_like,,unmatched,,,
NED,NED,,168.888779,24.183426,6.79,0.83,0.1222385861561119,8.180722891566266,0.05,SD,intermediate,,unmatched,,,
PGC2084482,PGC2084482,PGC_2084482,168.917938,36.652946,6.88,1.69,0.2456395348837209,4.071005917159764,0.3,SB,thick_like,,unmatched,,,
PGC2082698,PGC2082698,PGC_2082698,168.929596,36.554207,4.0,2.05,0.5125,1.951219512195122,0.17,SC,thick_like,,unmatched,,,
PGC94154,PGC94154,PGC_94154,168.929825,29.443544,3.13,1.78,0.5686900958466454,1.7584269662921348,0.19,UN,thick_like,,unmatched,,,
PGC91101,PGC91101,PGC_91101,168.937225,42.043594,8.16,1.43,0.1752450980392156,5.706293706293707,0.07,SB,intermediate,,unmatched,,,
NGC03602,NGC03602,NGC_3602,168.951324,17.416119,7.03,4.39,0.6244665718349928,1.601366742596811,0.38,SB,thick_like,,unmatched,,,
PGC1181276,PGC1181276,PGC_1181276,168.957489,0.993107,4.34,1.48,0.3410138248847926,2.9324324324324325,0.07,SC,thick_like,,unmatched,,,
PGC2291755,PGC2291755,PGC_2291755,168.993637,47.063454,5.39,2.3,0.4267161410018553,2.343478260869565,0.36,SB,thick_like,,unmatched,,,
PGC34361,PGC34361,PGC_34361,168.996948,4.665311,5.91,1.5,0.2538071065989847,3.94,0.24,SB,thick_like,,unmatched,,,
PGC1777147,PGC1777147,PGC_1777147,169.044281,26.461222,4.07,1.49,0.366093366093366,2.731543624161074,0.16,SB,thick_like,,unmatched,,,
PGC2604951,PGC2604951,PGC_2604951,169.131134,60.646935,7.03,1.07,0.1522048364153627,6.570093457943925,0.07,SB,intermediate,,unmatched,,,
UGC06294,UGC06294,UGC_6294,169.180435,26.372662,10.55,2.53,0.2398104265402843,4.169960474308301,0.1,SB,thick_like,,unmatched,,,
PGC34418,PGC34418,PGC_34418,169.194427,54.751381,3.61,1.48,0.4099722991689751,2.439189189189189,0.23,SC,thick_like,,unmatched,,,
PGC1912569,PGC1912569,PGC_1912569,169.195267,30.659279,6.33,3.6,0.5687203791469194,1.7583333333333333,0.25,SB,thick_like,,unmatched,,,
PGC1867298,PGC1867298,PGC_1867298,169.336777,29.469772,5.52,1.76,0.3188405797101449,3.136363636363636,0.24,SB,thick_like,,unmatched,,,
PGC2474117,PGC2474117,PGC_2474117,169.353333,54.589302,5.34,1.0,0.1872659176029962,5.34,0.05,SD,intermediate,,unmatched,,,
PGC34474,PGC34474,PGC_34474,169.378311,51.966328,4.19,2.23,0.5322195704057279,1.878923766816144,0.25,SB,thick_like,,unmatched,,,
PGC2017409,PGC2017409,PGC_2017409,169.418182,32.921677,6.82,1.79,0.2624633431085044,3.810055865921788,0.13,SB,thick_like,,unmatched,,,
PGC87006,PGC87006,PGC_87006,169.47821,34.003235,8.38,1.93,0.2303102625298329,4.341968911917099,0.06,SD,thick_like,,unmatched,,,
NED,NED,,169.494431,4.508998,4.86,0.95,0.1954732510288065,5.115789473684211,0.05,IR,intermediate,,unmatched,,,
PGC1703813,PGC1703813,PGC_1703813,169.513733,24.283495,3.95,1.66,0.420253164556962,2.379518072289157,0.1,SC,thick_like,,unmatched,,,
PGC34543,PGC34543,PGC_34543,169.545715,31.976648,4.46,1.56,0.3497757847533632,2.858974358974359,0.21,SB,thick_like,,unmatched,,,
PGC1688155,PGC1688155,PGC_1688155,169.570663,23.483976,2.79,1.49,0.5340501792114696,1.87248322147651,0.12,SC,thick_like,,unmatched,,,
SDSSJ111816.98+224838.8,SDSSJ111816982248388,,169.57077,22.810781,5.06,1.2,0.2371541501976284,4.216666666666667,0.05,SD,thick_like,,unmatched,,,
PGC2200024,PGC2200024,PGC_2200024,169.576462,42.494766,3.74,1.23,0.3288770053475935,3.0406504065040654,0.14,SB,thick_like,,unmatched,,,
PGC213809,PGC213809,PGC_213809,169.590515,28.208969,6.29,2.4,0.3815580286168521,2.6208333333333336,0.29,SB,thick_like,,unmatched,,,
NED,NED,,169.606339,74.850868,9.88,1.9,0.1923076923076923,5.200000000000001,0.05,SD,intermediate,,unmatched,,,
PGC87010,PGC87010,PGC_87010,169.61998,33.292488,16.69,1.47,0.0880766926303175,11.35374149659864,0.06,SD,thin_like,,unmatched,,,
PGC1775023,PGC1775023,PGC_1775023,169.64473,26.405527,3.72,1.17,0.314516129032258,3.17948717948718,0.3,SB,thick_like,,unmatched,,,
PGC1230591,PGC1230591,PGC_1230591,169.645157,2.555272,5.14,1.54,0.2996108949416343,3.3376623376623376,0.19,SB,thick_like,,unmatched,,,
PGC2416360,PGC2416360,PGC_2416360,169.648361,52.492653,4.51,1.22,0.270509977827051,3.6967213114754096,0.28,SB,thick_like,,unmatched,,,
PGC91104,PGC91104,PGC_91104,169.705353,57.249798,5.39,1.45,0.2690166975881262,3.717241379310345,0.07,SD,thick_like,,unmatched,,,
PGC93620,PGC93620,PGC_93620,169.717819,27.90514,4.79,1.52,0.3173277661795407,3.151315789473684,0.19,SB,thick_like,,unmatched,,,
SDSSJ111852.94+521216.7,SDSSJ111852945212167,,169.720383,52.20462,6.12,1.11,0.1813725490196078,5.513513513513513,0.06,SD,intermediate,,unmatched,,,
AGC213919,AGC213919,,169.724991,6.343849,4.18,1.33,0.3181818181818182,3.1428571428571423,0.07,SD,thick_like,,unmatched,,,
PGC1681273,PGC1681273,PGC_1681273,169.737061,23.090128,4.63,2.42,0.5226781857451404,1.913223140495868,0.43,SA,thick_like,,unmatched,,,
PGC1335780,PGC1335780,PGC_1335780,169.808029,7.974049,3.89,1.51,0.3881748071979434,2.576158940397351,0.13,SC,thick_like,,unmatched,,,
PGC2077715,PGC2077715,PGC_2077715,169.808212,36.266228,4.19,2.15,0.5131264916467779,1.9488372093023256,0.11,SC,thick_like,,unmatched,,,
PGC91105,PGC91105,PGC_91105,169.808441,61.524094,14.35,1.56,0.1087108013937282,9.198717948717947,0.04,SD,intermediate,,unmatched,,,
SDSSJ111928.23+582420.1,SDSSJ111928235824201,,169.867676,58.405617,5.86,2.3,0.3924914675767917,2.547826086956522,0.08,SC,thick_like,,unmatched,,,
PGC91106,PGC91106,PGC_91106,169.888672,4.144408,6.12,1.26,0.2058823529411764,4.857142857142857,0.05,SD,thick_like,,unmatched,,,
SDSSJ111938.13+030755.6,SDSSJ111938130307556,,169.908661,3.131971,5.11,1.19,0.2328767123287671,4.294117647058824,0.08,SB,thick_like,,unmatched,,,
PGC2445071,PGC2445071,PGC_2445071,169.908798,53.581104,6.29,1.23,0.1955484896661367,5.113821138211383,0.05,SD,intermediate,,unmatched,,,
SDSSJ111938.72+442026.6,SDSSJ111938724420266,,169.911362,44.34074,3.04,1.03,0.3388157894736842,2.951456310679612,0.07,SC,thick_like,,unmatched,,,
UGC06336,UGC06336,UGC_6336,169.914047,24.92947,10.95,3.4,0.3105022831050228,3.2205882352941173,0.31,SB,thick_like,,unmatched,,,
PGC948126,PGC948126,PGC_948126,169.936432,-12.751301,7.04,0.79,0.1122159090909091,8.91139240506329,0.04,SD,intermediate,,unmatched,,,
PGC1174286,PGC1174286,PGC_1174286,169.954666,0.74316,8.38,1.98,0.2362768496420047,4.232323232323233,0.29,SB,thick_like,,unmatched,,,
PGC91107,PGC91107,PGC_91107,169.98053,61.56559,15.51,0.75,0.0483558994197292,20.68,0.04,SD,thin_like,,unmatched,,,
SDSSJ111956.79+382836.4,SDSSJ111956793828364,,169.986664,38.476791,5.26,0.86,0.1634980988593156,6.116279069767442,0.07,SD,intermediate,,unmatched,,,
PGC91108,PGC91108,PGC_91108,169.989807,30.576527,14.21,1.52,0.1069669247009148,9.348684210526317,0.05,SD,intermediate,,unmatched,,,
NGC03630,NGC03630,NGC_3630,170.070816,2.964412,15.62,8.66,0.5544174135723432,1.8036951501154728,0.56,SA,thick_like,,unmatched,,,
NED,NED,,170.084198,34.305206,4.65,0.81,0.1741935483870967,5.7407407407407405,0.05,SD,intermediate,,unmatched,,,
PGC2461061,PGC2461061,PGC_2461061,170.08847,54.14389,6.38,1.04,0.1630094043887147,6.134615384615384,0.08,SD,intermediate,,unmatched,,,
SDSSJ112030.09+125106.7,SDSSJ112030091251067,,170.125397,12.851875,4.25,0.97,0.228235294117647,4.381443298969073,0.07,SC,thick_like,,unmatched,,,
UGC06357,UGC06357,UGC_6357,170.169312,33.108932,9.44,2.0,0.211864406779661,4.72,0.08,SD,thick_like,,unmatched,,,
PGC94172,PGC94172,PGC_94172,170.183884,34.493813,4.0,2.09,0.5225,1.9138755980861248,0.14,SC,thick_like,,unmatched,,,
PGC1923695,PGC1923695,PGC_1923695,170.243561,30.918034,5.37,1.58,0.2942271880819367,3.3987341772151898,0.11,SC,thick_like,,unmatched,,,
PGC1983442,PGC1983442,PGC_1983442,170.449326,32.163197,4.25,1.78,0.4188235294117647,2.3876404494382024,0.12,SC,thick_like,,unmatched,,,
UGC06384,UGC06384,UGC_6384,170.491516,34.948574,10.46,2.29,0.2189292543021032,4.567685589519651,0.06,SD,thick_like,,unmatched,,,
UGC06382,UGC06382,UGC_6382,170.500168,35.716908,6.37,1.45,0.227629513343799,4.393103448275863,0.26,SB,thick_like,,unmatched,,,
SDSSJ112206.63+652240.5,SDSSJ112206636522405,,170.527496,65.377892,4.96,1.09,0.219758064516129,4.55045871559633,0.06,SD,thick_like,,unmatched,,,
PGC1240649,PGC1240649,PGC_1240649,170.551407,2.910805,4.04,1.6,0.396039603960396,2.525,0.16,SC,thick_like,,unmatched,,,
PGC1009922,PGC1009922,PGC_1009922,170.558868,-7.992044,7.34,2.61,0.3555858310626703,2.812260536398468,0.09,SC,thick_like,,unmatched,,,
IC02762,IC02762,IC_2762,170.574646,12.722532,9.19,3.53,0.3841131664853101,2.603399433427762,0.07,SC,thick_like,,unmatched,,,
PGC1676848,PGC1676848,PGC_1676848,170.609024,22.830891,5.75,1.46,0.2539130434782609,3.9383561643835616,0.18,SB,thick_like,,unmatched,,,
PGC1165611,PGC1165611,PGC_1165611,170.610443,0.424754,6.57,2.16,0.3287671232876712,3.0416666666666665,0.09,SC,thick_like,,unmatched,,,
PGC1170041,PGC1170041,PGC_1170041,170.675476,0.591766,4.12,1.69,0.4101941747572815,2.437869822485207,0.08,SC,thick_like,,unmatched,,,
PGC1816122,PGC1816122,PGC_1816122,170.711014,27.717991,4.39,1.6,0.3644646924829157,2.7437499999999995,0.18,SC,thick_like,,unmatched,,,
PGC91110,PGC91110,PGC_91110,170.723846,26.604895,9.46,1.71,0.1807610993657505,5.532163742690059,0.05,SD,intermediate,,unmatched,,,
PGC1611089,PGC1611089,PGC_1611089,170.747513,19.947132,4.96,1.75,0.3528225806451613,2.834285714285714,0.22,SB,thick_like,,unmatched,,,
PGC2522934,PGC2522934,PGC_2522934,170.760574,56.027901,6.41,1.3,0.2028081123244929,4.930769230769231,0.05,SD,thick_like,,unmatched,,,
PGC1700539,PGC1700539,PGC_1700539,170.794312,24.13703,6.72,2.31,0.34375,2.9090909090909087,0.18,SB,thick_like,,unmatched,,,
PGC2529043,PGC2529043,PGC_2529043,170.797256,56.202129,5.42,1.9,0.3505535055350553,2.8526315789473684,0.54,SA,thick_like,,unmatched,,,
UGC06398,UGC06398,UGC_6398,170.797638,29.598459,10.63,4.12,0.3875823142050799,2.580097087378641,0.2,SC,thick_like,,unmatched,,,
PGC1124818,PGC1124818,PGC_1124818,170.805588,-1.182149,5.29,1.14,0.2155009451795841,4.640350877192983,0.08,SC,thick_like,,unmatched,,,
SDSSJ112316.58+201602.3,SDSSJ112316582016023,,170.819107,20.26733,6.28,1.04,0.1656050955414012,6.038461538461538,0.05,SD,intermediate,,unmatched,,,
PGC86685,PGC86685,PGC_86685,170.84169,21.388374,11.25,3.13,0.2782222222222222,3.594249201277955,0.3,SA,thick_like,,unmatched,,,
PGC2545926,PGC2545926,PGC_2545926,170.849548,56.728912,4.9,1.27,0.2591836734693877,3.858267716535433,0.17,SB,thick_like,,unmatched,,,
PGC1239599,PGC1239599,PGC_1239599,170.866577,2.869959,4.37,1.68,0.3844393592677345,2.6011904761904763,0.08,SC,thick_like,,unmatched,,,
PGC3113327,PGC3113327,PGC_3113327,170.945297,0.093376,5.0,1.42,0.284,3.5211267605633805,0.09,SC,thick_like,,unmatched,,,
PGC1560843,PGC1560843,PGC_1560843,170.976852,18.48201,6.44,1.41,0.2189440993788819,4.567375886524824,0.17,SB,thick_like,,unmatched,,,
PGC2073220,PGC2073220,PGC_2073220,170.979538,35.991451,3.24,1.69,0.5216049382716049,1.9171597633136097,0.14,SC,thick_like,,unmatched,,,
PGC1154307,PGC1154307,PGC_1154307,170.995529,-0.006717,4.17,1.31,0.3141486810551559,3.183206106870229,0.17,SB,thick_like,,unmatched,,,
UGC06414,UGC06414,UGC_6414,171.021408,24.615437,11.71,2.12,0.1810418445772843,5.523584905660377,0.24,SB,intermediate,,unmatched,,,
PGC91113,PGC91113,PGC_91113,171.065353,28.324707,7.78,1.38,0.1773778920308483,5.637681159420291,0.08,SD,intermediate,,unmatched,,,
SDSSJ112422.37+094714.4,SDSSJ112422370947144,,171.093277,9.787311,3.16,1.06,0.3354430379746835,2.981132075471698,0.09,SC,thick_like,,unmatched,,,
PGC2203539,PGC2203539,PGC_2203539,171.096893,42.662579,4.33,1.44,0.3325635103926097,3.0069444444444446,0.1,SC,thick_like,,unmatched,,,
UGC06417,UGC06417,UGC_6417,171.106583,3.144971,10.86,1.93,0.1777163904235727,5.626943005181347,0.1,SB,intermediate,,unmatched,,,
PGC1295920,PGC1295920,PGC_1295920,171.120605,6.176223,5.63,1.36,0.241563055062167,4.139705882352941,0.09,SD,thick_like,,unmatched,,,
PGC35054,PGC35054,PGC_35054,171.159714,52.533401,7.47,2.75,0.3681392235609103,2.7163636363636363,0.13,SC,thick_like,,unmatched,,,
PGC1338889,PGC1338889,PGC_1338889,171.168076,8.097073,5.12,1.36,0.265625,3.764705882352941,0.18,SB,thick_like,,unmatched,,,
PGC1776742,PGC1776742,PGC_1776742,171.206741,26.450184,4.45,2.2,0.4943820224719101,2.0227272727272725,0.14,SC,thick_like,,unmatched,,,
PGC91115,PGC91115,PGC_91115,171.230591,56.294682,5.87,1.39,0.2367972742759795,4.223021582733813,0.05,SD,thick_like,,unmatched,,,
PGC2258188,PGC2258188,PGC_2258188,171.301987,45.066818,3.85,2.4,0.6233766233766234,1.6041666666666667,0.18,SC,thick_like,,unmatched,,,
PGC1459661,PGC1459661,PGC_1459661,171.320526,14.495012,5.7,1.04,0.1824561403508772,5.480769230769231,0.1,SB,intermediate,,unmatched,,,
PGC2183224,PGC2183224,PGC_2183224,171.364395,41.572845,4.45,2.08,0.4674157303370786,2.139423076923077,0.33,SB,thick_like,,unmatched,,,
SDSSJ112535.34+390110.3,SDSSJ112535343901103,,171.397278,39.019527,5.14,2.07,0.4027237354085603,2.483091787439613,0.07,SC,thick_like,,unmatched,,,
SDSSJ112537.73+025532.9,SDSSJ112537730255329,,171.407227,2.925823,5.43,1.23,0.2265193370165746,4.414634146341463,0.06,SB,thick_like,,unmatched,,,
PGC1368510,PGC1368510,PGC_1368510,171.433777,9.680873,3.27,1.79,0.5474006116207951,1.8268156424581008,0.12,SC,thick_like,,unmatched,,,
PGC213831,PGC213831,PGC_213831,171.448029,-0.712361,6.22,3.09,0.4967845659163987,2.01294498381877,0.09,SC,thick_like,,unmatched,,,
PGC2604413,PGC2604413,PGC_2604413,171.544785,60.604877,4.79,1.77,0.3695198329853862,2.7062146892655368,0.13,SC,thick_like,,unmatched,,,
UGC06442,UGC06442,UGC_6442,171.558502,7.842069,11.7,2.06,0.176068376068376,5.679611650485437,0.04,SD,intermediate,,unmatched,,,
2MASXJ11262579+0944417,2MASXJ112625790944417,,171.607574,9.745027,2.82,1.07,0.3794326241134752,2.6355140186915884,0.13,SC,thick_like,,unmatched,,,
2MASXJ11263821+1348381,2MASXJ112638211348381,,171.65921,13.810209,4.54,1.05,0.2312775330396476,4.323809523809524,0.06,SD,thick_like,,unmatched,,,
PGC2103522,PGC2103522,PGC_2103522,171.70549,37.550602,4.66,1.71,0.3669527896995708,2.725146198830409,0.09,SC,thick_like,,unmatched,,,
PGC35212,PGC35212,PGC_35212,171.731689,22.601122,4.97,3.98,0.8008048289738431,1.2487437185929648,0.38,SB,thick_like,,unmatched,,,
PGC35221,PGC35221,PGC_35221,171.786346,7.687752,9.25,1.74,0.1881081081081081,5.316091954022989,0.1,SB,intermediate,,unmatched,,,
PGC156600,PGC156600,PGC_156600,171.81308,-6.215558,5.1,2.64,0.5176470588235295,1.9318181818181817,0.4,SA,thick_like,,unmatched,,,
UGC06454,UGC06454,UGC_6454,171.828934,38.664242,12.17,2.34,0.1922760887428102,5.200854700854701,0.07,SD,intermediate,,unmatched,,,
PGC2581061,PGC2581061,PGC_2581061,171.856125,58.638901,4.92,2.3,0.4674796747967479,2.139130434782609,0.08,SC,thick_like,,unmatched,,,
PGC35258,PGC35258,PGC_35258,171.876328,42.529732,8.04,2.61,0.3246268656716418,3.0804597701149423,0.45,SA,thick_like,,unmatched,,,
PGC2474873,PGC2474873,PGC_2474873,171.92691,54.615574,4.04,1.17,0.2896039603960396,3.452991452991453,0.18,SB,thick_like,,unmatched,,,
PGC2057131,PGC2057131,PGC_2057131,171.962006,34.951981,5.45,1.28,0.2348623853211009,4.2578125,0.05,SD,thick_like,,unmatched,,,
PGC35296,PGC35296,PGC_35296,172.045502,8.010731,8.44,2.07,0.245260663507109,4.0772946859903385,0.28,SB,thick_like,,unmatched,,,
PGC1277877,PGC1277877,PGC_1277877,172.079483,5.083171,3.28,1.54,0.4695121951219512,2.1298701298701297,0.12,SC,thick_like,,unmatched,,,
PGC1528674,PGC1528674,PGC_1528674,172.217056,17.267918,3.88,1.38,0.3556701030927834,2.8115942028985508,0.09,SC,thick_like,,unmatched,,,
PGC1632187,PGC1632187,PGC_1632187,172.230896,20.624594,3.76,1.15,0.3058510638297872,3.269565217391305,0.1,SB,thick_like,,unmatched,,,
PGC1038121,PGC1038121,PGC_1038121,172.242584,-5.984145,4.79,0.92,0.1920668058455115,5.206521739130435,0.1,SD,intermediate,,unmatched,,,
PGC1670248,PGC1670248,PGC_1670248,172.250565,22.457417,6.01,1.4,0.232945091514143,4.292857142857143,0.05,SD,thick_like,,unmatched,,,
PGC1846998,PGC1846998,PGC_1846998,172.255386,28.820818,6.17,3.01,0.4878444084278768,2.0498338870431896,0.14,SC,thick_like,,unmatched,,,
PGC91122,PGC91122,PGC_91122,172.281021,25.791456,10.38,1.41,0.1358381502890173,7.361702127659575,0.08,SB,intermediate,,unmatched,,,
NED,NED,,172.295334,46.758904,5.96,0.82,0.1375838926174496,7.268292682926829,0.05,SD,intermediate,,unmatched,,,
PGC1652652,PGC1652652,PGC_1652652,172.342102,21.565022,4.56,1.68,0.368421052631579,2.714285714285714,0.3,SB,thick_like,,unmatched,,,
2MASXJ11293304+4350224,2MASXJ112933044350224,,172.387863,43.839733,4.11,2.37,0.5766423357664233,1.7341772151898736,0.25,SC,thick_like,,unmatched,,,
PGC1246411,PGC1246411,PGC_1246411,172.405518,3.156199,5.22,2.05,0.3927203065134099,2.546341463414634,0.27,SB,thick_like,,unmatched,,,
PGC1715668,PGC1715668,PGC_1715668,172.417206,24.762083,4.03,1.6,0.3970223325062034,2.51875,0.11,SC,thick_like,,unmatched,,,
PGC3263385,PGC3263385,PGC_3263385,172.470261,-4.60366,4.65,1.1,0.2365591397849462,4.227272727272728,0.07,SD,thick_like,,unmatched,,,
PGC2029317,PGC2029317,PGC_2029317,172.484085,33.318726,3.99,1.07,0.2681704260651629,3.7289719626168223,0.09,SC,thick_like,,unmatched,,,
PGC91125,PGC91125,PGC_91125,172.532013,53.085892,7.61,1.54,0.202365308804205,4.941558441558442,0.07,SD,thick_like,,unmatched,,,
NED,NED,,172.532806,65.928703,4.01,0.99,0.2468827930174563,4.05050505050505,0.07,SD,thick_like,,unmatched,,,
UGC06497,UGC06497,UGC_6497,172.538696,38.620106,20.15,2.69,0.1334987593052109,7.490706319702602,0.02,SD,intermediate,,unmatched,,,
PGC35482,PGC35482,PGC_35482,172.710846,52.207695,6.56,2.77,0.4222560975609756,2.368231046931408,0.52,SB,thick_like,,unmatched,,,
PGC1771878,PGC1771878,PGC_1771878,172.722076,26.32468,8.86,2.65,0.2990970654627539,3.343396226415094,0.23,SD,thick_like,,unmatched,,,
SDSSJ113058.37+272427.9,SDSSJ113058372724279,,172.74321,27.407747,3.81,1.1,0.2887139107611549,3.4636363636363634,0.09,SC,thick_like,,unmatched,,,
PGC91128,PGC91128,PGC_91128,172.74324,-4.085205,11.22,1.13,0.1007130124777183,9.92920353982301,0.05,SD,intermediate,,unmatched,,,
PGC35503,PGC35503,PGC_35503,172.780914,35.589737,8.35,3.47,0.4155688622754491,2.4063400576368874,0.25,SC,thick_like,,unmatched,,,
PGC1834203,PGC1834203,PGC_1834203,172.829865,28.383057,3.84,1.89,0.4921875,2.031746031746032,0.22,SC,thick_like,,unmatched,,,
UGC06509,UGC06509,UGC_6509,172.84256,23.114946,23.65,3.42,0.1446088794926004,6.9152046783625725,0.04,SD,intermediate,,unmatched,,,
PGC35526,PGC35526,PGC_35526,172.852234,35.946651,5.14,1.94,0.377431906614786,2.649484536082474,0.14,SC,thick_like,,unmatched,,,
PGC1338619,PGC1338619,PGC_1338619,172.861023,8.086592,4.18,1.3,0.3110047846889952,3.215384615384615,0.15,SB,thick_like,,unmatched,,,
PGC1177547,PGC1177547,PGC_1177547,172.95253,0.863202,5.34,1.51,0.2827715355805243,3.5364238410596025,0.19,SC,thick_like,,unmatched,,,
SDSSJ113154.59+675318.7,SDSSJ113154596753187,,172.977448,67.88855,3.71,1.03,0.2776280323450135,3.6019417475728157,0.09,SC,thick_like,,unmatched,,,
PGC35560,PGC35560,PGC_35560,172.990692,-2.921936,7.14,4.27,0.5980392156862745,1.6721311475409837,0.26,SC,thick_like,,unmatched,,,
PGC2698535,PGC2698535,PGC_2698535,173.003448,67.340439,3.4,1.96,0.5764705882352941,1.7346938775510203,0.11,SC,thick_like,,unmatched,,,
PGC1397617,PGC1397617,PGC_1397617,173.029633,11.709754,4.13,2.09,0.5060532687651331,1.9760765550239237,0.16,SC,thick_like,,unmatched,,,
UGC06519,UGC06519,UGC_6519,173.04303,1.207124,12.54,2.62,0.2089314194577352,4.786259541984732,0.06,SD,thick_like,,unmatched,,,
PGC2437341,PGC2437341,PGC_2437341,173.046127,53.306095,3.53,1.48,0.4192634560906516,2.385135135135135,0.1,SC,thick_like,,unmatched,,,
PGC2326893,PGC2326893,PGC_2326893,173.056519,48.839306,4.8,1.78,0.3708333333333333,2.696629213483146,0.08,SC,thick_like,,unmatched,,,
PGC1095378,PGC1095378,PGC_1095378,173.074951,-2.319742,5.81,1.22,0.2099827882960413,4.7622950819672125,0.05,SD,thick_like,,unmatched,,,
PGC1391662,PGC1391662,PGC_1391662,173.075562,11.304086,4.24,1.52,0.3584905660377358,2.7894736842105265,0.2,SB,thick_like,,unmatched,,,
PGC1404558,PGC1404558,PGC_1404558,173.108932,12.148129,4.04,1.12,0.2772277227722772,3.6071428571428568,0.08,SC,thick_like,,unmatched,,,
SDSSJ113228.88+674715.4,SDSSJ113228886747154,,173.120255,67.787582,4.92,0.97,0.1971544715447154,5.072164948453608,0.06,SD,intermediate,,unmatched,,,
PGC1051847,PGC1051847,PGC_1051847,173.174423,-4.91018,3.85,1.43,0.3714285714285714,2.6923076923076925,0.1,SC,thick_like,,unmatched,,,
UGC06533,UGC06533,UGC_6533,173.217972,5.727349,7.98,3.37,0.4223057644110276,2.367952522255193,0.24,SC,thick_like,,unmatched,,,
PGC2169780,PGC2169780,PGC_2169780,173.260086,40.708675,6.56,1.48,0.2256097560975609,4.4324324324324325,0.08,SD,thick_like,,unmatched,,,
2MASXJ11330445+5624186,2MASXJ113304455624186,,173.268814,56.405273,4.14,1.93,0.466183574879227,2.145077720207254,0.38,SB,thick_like,,unmatched,,,
PGC1196490,PGC1196490,PGC_1196490,173.27565,1.48963,4.66,1.97,0.4227467811158798,2.3654822335025383,0.07,SD,thick_like,,unmatched,,,
PGC2286149,PGC2286149,PGC_2286149,173.281738,46.72802,5.02,1.16,0.2310756972111554,4.327586206896552,0.16,SB,thick_like,,unmatched,,,
PGC1534788,PGC1534788,PGC_1534788,173.282028,17.522232,4.75,1.34,0.2821052631578947,3.544776119402985,0.1,SC,thick_like,,unmatched,,,
PGC2223687,PGC2223687,PGC_2223687,173.30513,43.560013,5.14,1.57,0.3054474708171206,3.273885350318471,0.22,SB,thick_like,,unmatched,,,
UGC06535,UGC06535,UGC_6535,173.305496,50.30241,13.35,3.82,0.2861423220973783,3.4947643979057594,0.07,SD,thick_like,,unmatched,,,
PGC2031946,PGC2031946,PGC_2031946,173.339096,33.433487,5.09,0.73,0.143418467583497,6.972602739726027,0.06,SD,intermediate,,unmatched,,,
PGC104222,PGC104222,PGC_104222,173.346603,-2.737971,5.52,1.37,0.2481884057971015,4.02919708029197,0.14,SB,thick_like,,unmatched,,,
PGC91130,PGC91130,PGC_91130,173.355881,9.98328,6.48,1.46,0.2253086419753086,4.438356164383562,0.06,SD,thick_like,,unmatched,,,
PGC1413040,PGC1413040,PGC_1413040,173.452835,12.625534,5.2,2.11,0.4057692307692307,2.4644549763033177,0.11,SC,thick_like,,unmatched,,,
SDSSJ113353.00+122914.5,SDSSJ113353001229145,,173.47084,12.487388,7.83,1.02,0.1302681992337164,7.676470588235294,0.05,SD,intermediate,,unmatched,,,
PGC1571313,PGC1571313,PGC_1571313,173.484085,18.817799,3.19,1.1,0.3448275862068966,2.9,0.08,SB,thick_like,,unmatched,,,
PGC2224201,PGC2224201,PGC_2224201,173.515717,43.582153,4.37,0.95,0.217391304347826,4.6000000000000005,0.06,SD,thick_like,,unmatched,,,
PGC1445482,PGC1445482,PGC_1445482,173.530746,13.967263,5.3,1.17,0.220754716981132,4.52991452991453,0.11,SB,thick_like,,unmatched,,,
PGC1328756,PGC1328756,PGC_1328756,173.530807,7.70627,3.77,1.29,0.3421750663129974,2.9224806201550386,0.12,SB,thick_like,,unmatched,,,
SDSSJ113434.06+163143.0,SDSSJ113434061631430,,173.64183,16.528648,3.47,1.22,0.3515850144092218,2.844262295081968,0.1,SC,thick_like,,unmatched,,,
PGC1073058,PGC1073058,PGC_1073058,173.717407,-3.311881,2.78,1.39,0.5,2.0,0.09,SC,thick_like,,unmatched,,,
UGC06556,UGC06556,UGC_6556,173.729996,16.116011,15.49,4.11,0.2653324725629438,3.768856447688565,0.06,SD,thick_like,,unmatched,,,
PGC2299930,PGC2299930,PGC_2299930,173.759033,47.534489,6.67,1.32,0.1979010494752623,5.053030303030303,0.09,SB,intermediate,,unmatched,,,
PGC1544078,PGC1544078,PGC_1544078,173.762405,17.873905,6.71,1.31,0.195230998509687,5.122137404580153,0.08,SB,intermediate,,unmatched,,,
NED,NED,,173.774597,49.133682,4.96,1.38,0.2782258064516129,3.594202898550725,0.04,SD,thick_like,,unmatched,,,
SDSSJ113506.09+243624.5,SDSSJ113506092436245,,173.775406,24.606812,4.63,0.83,0.1792656587473002,5.578313253012048,0.07,SD,intermediate,,unmatched,,,
PGC1564646,PGC1564646,PGC_1564646,173.779526,18.609091,6.67,1.53,0.2293853073463268,4.359477124183006,0.13,SC,thick_like,,unmatched,,,
PGC91132,PGC91132,PGC_91132,173.784027,19.233521,5.57,1.4,0.2513464991023339,3.978571428571429,0.11,SB,thick_like,,unmatched,,,
UGC06559,UGC06559,UGC_6559,173.784576,15.958621,8.21,2.7,0.3288672350791717,3.0407407407407407,0.08,SC,thick_like,,unmatched,,,
PGC1645605,PGC1645605,PGC_1645605,173.784912,21.229549,5.29,2.34,0.44234404536862,2.2606837606837606,0.36,SB,thick_like,,unmatched,,,
PGC1708086,PGC1708086,PGC_1708086,173.787079,24.472691,4.23,2.24,0.5295508274231678,1.8883928571428568,0.45,SA,thick_like,,unmatched,,,
PGC91133,PGC91133,PGC_91133,173.830322,25.62553,9.1,2.31,0.2538461538461539,3.939393939393939,0.12,SB,thick_like,,unmatched,,,
SDSSJ113523.53+161249.3,SDSSJ113523531612493,,173.848221,16.213518,3.16,0.93,0.2943037974683544,3.3978494623655915,0.09,SB,thick_like,,unmatched,,,
PGC1669621,PGC1669621,PGC_1669621,173.856415,22.423635,5.1,1.54,0.3019607843137255,3.311688311688312,0.14,SC,thick_like,,unmatched,,,
NED,NED,,173.878845,47.011318,7.55,0.64,0.0847682119205298,11.796875,0.06,SD,thin_like,,unmatched,,,
PGC91134,PGC91134,PGC_91134,173.891281,24.962572,10.52,1.68,0.1596958174904943,6.261904761904762,0.06,SD,intermediate,,unmatched,,,
NGC03737,NGC03737,NGC_3737,173.900986,54.948586,3.75,3.76,1.0026666666666666,0.9973404255319148,0.37,SB,thick_like,,unmatched,,,
PGC2130786,PGC2130786,PGC_2130786,173.908356,38.575256,4.49,1.57,0.3496659242761692,2.859872611464968,0.1,SC,thick_like,,unmatched,,,
PGC2327183,PGC2327183,PGC_2327183,173.940674,48.850712,3.28,1.79,0.5457317073170732,1.8324022346368716,0.19,SB,thick_like,,unmatched,,,
PGC35846,PGC35846,PGC_35846,173.940979,49.150879,4.31,2.22,0.5150812064965198,1.9414414414414407,0.45,SA,thick_like,,unmatched,,,
PGC1540786,PGC1540786,PGC_1540786,173.95462,17.754496,4.58,1.8,0.3930131004366812,2.5444444444444443,0.2,SB,thick_like,,unmatched,,,
NED,NED,,173.956116,54.999512,3.15,0.51,0.1619047619047619,6.1764705882352935,0.05,SD,intermediate,,unmatched,,,
PGC2317691,PGC2317691,PGC_2317691,173.977158,48.448071,6.12,1.67,0.272875816993464,3.6646706586826343,0.08,SC,thick_like,,unmatched,,,
UGC06571,UGC06571,UGC_6571,173.999786,8.304819,10.24,3.17,0.3095703125,3.2302839116719246,0.53,SA,thick_like,,unmatched,,,
PGC1079927,PGC1079927,PGC_1079927,174.113922,-2.919141,5.84,1.61,0.2756849315068493,3.627329192546584,0.18,SB,thick_like,,unmatched,,,
PGC1717881,PGC1717881,PGC_1717881,174.167328,24.84141,4.1,1.14,0.2780487804878049,3.5964912280701755,0.06,SD,thick_like,,unmatched,,,
PGC1264836,PGC1264836,PGC_1264836,174.195602,4.192995,4.37,1.45,0.3318077803203661,3.013793103448276,0.28,SA,thick_like,,unmatched,,,
PGC2249783,PGC2249783,PGC_2249783,174.216324,44.686966,4.92,1.16,0.2357723577235772,4.241379310344827,0.1,SC,thick_like,,unmatched,,,
2MASXJ11365782+4548359,2MASXJ113657824548359,,174.24118,45.810055,4.3,1.38,0.3209302325581395,3.1159420289855078,0.16,SB,thick_like,,unmatched,,,
PGC2541692,PGC2541692,PGC_2541692,174.246811,56.593506,6.12,2.08,0.3398692810457516,2.942307692307692,0.3,SB,thick_like,,unmatched,,,
PGC114992,PGC114992,PGC_114992,174.312332,-2.934888,3.58,2.08,0.5810055865921788,1.721153846153846,0.19,SB,thick_like,,unmatched,,,
PGC213864,PGC213864,PGC_213864,174.315384,16.856934,4.26,1.57,0.3685446009389672,2.713375796178344,0.07,SC,thick_like,,unmatched,,,
PGC2342313,PGC2342313,PGC_2342313,174.331284,49.415119,7.93,1.68,0.2118537200504413,4.720238095238095,0.16,SB,thick_like,,unmatched,,,
NGC03762,NGC03762,NGC_3762,174.349304,61.759361,16.1,6.68,0.4149068322981366,2.4101796407185634,0.5,SA,thick_like,,unmatched,,,
PGC156750,PGC156750,PGC_156750,174.356094,-1.787325,5.29,1.66,0.3137996219281663,3.1867469879518078,0.19,SB,thick_like,,unmatched,,,
PGC1363597,PGC1363597,PGC_1363597,174.384567,9.333962,3.93,3.06,0.7786259541984732,1.2843137254901962,0.26,SB,thick_like,,unmatched,,,
PGC1190030,PGC1190030,PGC_1190030,174.386139,1.280877,3.22,1.87,0.5807453416149069,1.7219251336898396,0.14,SA,thick_like,,unmatched,,,
UGC06594,UGC06594,UGC_6594,174.404678,16.555984,25.36,6.59,0.2598580441640378,3.84825493171472,0.06,IR,thick_like,,unmatched,,,
PGC104187,PGC104187,PGC_104187,174.474777,-2.600511,5.63,1.53,0.2717584369449378,3.679738562091503,0.09,SB,thick_like,,unmatched,,,
PGC1545628,PGC1545628,PGC_1545628,174.490738,17.932098,4.26,1.51,0.3544600938967136,2.821192052980132,0.26,SA,thick_like,,unmatched,,,
PGC2026390,PGC2026390,PGC_2026390,174.497025,33.207287,5.06,1.37,0.2707509881422925,3.693430656934306,0.08,SD,thick_like,,unmatched,,,
PGC1676264,PGC1676264,PGC_1676264,174.504227,22.796387,3.66,1.61,0.4398907103825136,2.2732919254658386,0.15,SC,thick_like,,unmatched,,,
SDSSJ113818.41+581100.7,SDSSJ113818415811007,,174.576355,58.183617,5.2,0.96,0.1846153846153846,5.416666666666667,0.05,SD,intermediate,,unmatched,,,
PGC1043525,PGC1043525,PGC_1043525,174.62236,-5.531943,5.47,1.52,0.2778793418647166,3.5986842105263155,0.14,SB,thick_like,,unmatched,,,
SDSSJ113835.88+625815.1,SDSSJ113835886258151,,174.649551,62.970852,8.73,3.06,0.3505154639175257,2.8529411764705883,0.08,SC,thick_like,,unmatched,,,
PGC1914526,PGC1914526,PGC_1914526,174.689865,30.705616,6.66,1.69,0.2537537537537537,3.940828402366864,0.34,SB,thick_like,,unmatched,,,
2MASXJ11385150+4805152,2MASXJ113851504805152,,174.714432,48.087704,3.87,2.86,0.7390180878552971,1.3531468531468531,0.4,SB,thick_like,,unmatched,,,
PGC2756164,PGC2756164,PGC_2756164,174.729538,73.509964,6.2,1.13,0.182258064516129,5.486725663716815,0.09,SD,intermediate,,unmatched,,,
PGC2353118,PGC2353118,PGC_2353118,174.748077,49.778091,6.21,1.74,0.2801932367149758,3.5689655172413794,0.2,SB,thick_like,,unmatched,,,
IC00716,IC00716,IC_716,174.763565,-0.205991,11.87,3.03,0.2552653748946925,3.917491749174917,0.22,SB,thick_like,,unmatched,,,
PGC1236259,PGC1236259,PGC_1236259,174.77533,2.744588,4.12,1.38,0.3349514563106796,2.985507246376812,0.16,SB,thick_like,,unmatched,,,
PGC93047,PGC93047,PGC_93047,174.795868,19.585314,7.12,2.2,0.3089887640449438,3.2363636363636363,0.1,SD,thick_like,,unmatched,,,
PGC36121,PGC36121,PGC_36121,174.811371,14.992426,5.08,2.44,0.4803149606299212,2.081967213114754,0.23,SC,thick_like,,unmatched,,,
2MASXJ11392143+5357433,2MASXJ113921435357433,,174.839386,53.961971,3.53,1.07,0.3031161473087819,3.2990654205607477,0.1,SC,thick_like,,unmatched,,,
2MASXJ11392228+3550426,2MASXJ113922283550426,,174.842789,35.845234,3.79,1.73,0.4564643799472295,2.1907514450867054,0.34,SB,thick_like,,unmatched,,,
PGC1717570,PGC1717570,PGC_1717570,174.871613,24.828625,5.04,1.95,0.3869047619047619,2.5846153846153848,0.12,SC,thick_like,,unmatched,,,
SDSSJ113930.95+105518.1,SDSSJ113930951055181,,174.878967,10.921696,3.86,0.75,0.194300518134715,5.1466666666666665,0.06,SD,intermediate,,unmatched,,,
PGC2075877,PGC2075877,PGC_2075877,174.880356,36.155327,6.45,2.35,0.3643410852713178,2.74468085106383,0.35,SA,thick_like,,unmatched,,,
PGC1162940,PGC1162940,PGC_1162940,174.924713,0.322713,4.98,1.47,0.2951807228915662,3.3877551020408165,0.1,SC,thick_like,,unmatched,,,
PGC1210116,PGC1210116,PGC_1210116,175.027328,1.91569,5.73,0.96,0.1675392670157068,5.968750000000001,0.05,SD,intermediate,,unmatched,,,
PGC2279612,PGC2279612,PGC_2279612,175.053818,46.34856,4.02,1.11,0.2761194029850747,3.621621621621621,0.12,SB,thick_like,,unmatched,,,
PGC1980929,PGC1980929,PGC_1980929,175.094284,32.114235,4.73,1.42,0.3002114164904862,3.3309859154929584,0.11,SB,thick_like,,unmatched,,,
PGC2247408,PGC2247408,PGC_2247408,175.097733,44.579571,7.25,1.42,0.1958620689655172,5.105633802816902,0.06,SD,intermediate,,unmatched,,,
PGC2507562,PGC2507562,PGC_2507562,175.146332,55.591393,3.68,1.75,0.4755434782608695,2.1028571428571428,0.24,SB,thick_like,,unmatched,,,
PGC2712293,PGC2712293,PGC_2712293,175.166611,68.120163,4.8,1.9,0.3958333333333333,2.526315789473684,0.13,SB,thick_like,,unmatched,,,
PGC2643061,PGC2643061,PGC_2643061,175.173187,62.771084,5.86,1.69,0.28839590443686,3.4674556213017755,0.08,SD,thick_like,,unmatched,,,
PGC1200922,PGC1200922,PGC_1200922,175.210388,1.631771,3.49,1.41,0.4040114613180515,2.47517730496454,0.25,SB,thick_like,,unmatched,,,
2MASXJ11410198+4429106,2MASXJ114101984429106,,175.257431,44.486214,5.29,2.32,0.4385633270321361,2.280172413793104,0.12,SC,thick_like,,unmatched,,,
PGC1289419,PGC1289419,PGC_1289419,175.288956,5.803141,4.99,1.35,0.2705410821643286,3.696296296296296,0.27,SB,thick_like,,unmatched,,,
PGC1388932,PGC1388932,PGC_1388932,175.304855,11.10909,3.8,1.77,0.4657894736842105,2.1468926553672314,0.15,SC,thick_like,,unmatched,,,
PGC91137,PGC91137,PGC_91137,175.503021,52.722694,8.2,1.46,0.1780487804878049,5.616438356164383,0.07,SB,intermediate,,unmatched,,,
PGC1325381,PGC1325381,PGC_1325381,175.530914,7.577408,3.73,0.87,0.2332439678284182,4.287356321839081,0.14,SB,thick_like,,unmatched,,,
PGC1633987,PGC1633987,PGC_1633987,175.534286,20.700708,6.1,2.04,0.3344262295081967,2.990196078431372,0.26,SB,thick_like,,unmatched,,,
SDSSJ114211.54+310715.3,SDSSJ114211543107153,,175.548096,31.120926,5.24,1.93,0.3683206106870229,2.715025906735752,0.08,SC,thick_like,,unmatched,,,
PGC115417,PGC115417,PGC_115417,175.658203,-3.112548,4.24,1.99,0.4693396226415094,2.130653266331658,0.2,SC,thick_like,,unmatched,,,
SDSSJ114243.19+303857.2,SDSSJ114243193038572,,175.679993,30.649246,3.97,1.01,0.2544080604534005,3.93069306930693,0.07,SD,thick_like,,unmatched,,,
PGC1940513,PGC1940513,PGC_1940513,175.733582,31.294731,3.96,1.47,0.3712121212121212,2.693877551020408,0.1,SC,thick_like,,unmatched,,,
PGC1364462,PGC1364462,PGC_1364462,175.740524,9.393838,12.87,1.12,0.087024087024087,11.491071428571429,0.04,SD,thin_like,,unmatched,,,
UGC06681,UGC06681,UGC_6681,175.758499,23.944433,10.88,4.52,0.4154411764705881,2.4070796460176997,0.3,SC,thick_like,,unmatched,,,
UGC06679,UGC06679,UGC_6679,175.7612,40.827591,12.26,3.12,0.2544861337683524,3.9294871794871793,0.09,IR,thick_like,,unmatched,,,
PGC2521717,PGC2521717,PGC_2521717,175.779465,55.993477,3.86,1.63,0.422279792746114,2.3680981595092025,0.1,SC,thick_like,,unmatched,,,
SDSSJ114317.97+485415.4,SDSSJ114317974854154,,175.824905,48.904282,3.29,0.71,0.21580547112462,4.633802816901409,0.07,SD,thick_like,,unmatched,,,
PGC91140,PGC91140,PGC_91140,175.824997,-1.546443,5.57,1.67,0.2998204667863554,3.3353293413173657,0.11,SB,thick_like,,unmatched,,,
UGC06686,UGC06686,UGC_6686,175.844757,16.485407,32.28,4.72,0.1462205700123915,6.8389830508474585,0.16,SB,intermediate,,unmatched,,,
PGC1396370,PGC1396370,PGC_1396370,175.874802,11.62733,5.19,1.04,0.2003853564547206,4.990384615384616,0.07,SD,thick_like,,unmatched,,,
SDSSJ114340.49+624836.8,SDSSJ114340496248368,,175.918716,62.810287,5.75,0.91,0.1582608695652174,6.318681318681318,0.04,SD,intermediate,,unmatched,,,
2MASXJ11434471+2829564,2MASXJ114344712829564,,175.936157,28.499071,4.51,1.38,0.3059866962305986,3.268115942028986,0.08,SC,thick_like,,unmatched,,,
SDSSJ114347.59+301249.1,SDSSJ114347593012491,,175.948303,30.213657,4.49,0.89,0.198218262806236,5.044943820224719,0.07,SD,intermediate,,unmatched,,,
2MASXJ11434931+6228569,2MASXJ114349316228569,,175.955322,62.482555,4.88,1.89,0.3872950819672131,2.582010582010582,0.19,SB,thick_like,,unmatched,,,
PGC2299821,PGC2299821,PGC_2299821,175.955948,47.527927,3.18,1.64,0.5157232704402516,1.9390243902439024,0.15,SC,thick_like,,unmatched,,,
SDSSJ114351.78+621921.6,SDSSJ114351786219216,,175.965714,62.322643,2.98,1.0,0.3355704697986577,2.98,0.09,SC,thick_like,,unmatched,,,
PGC1872603,PGC1872603,PGC_1872603,176.009872,29.631697,4.22,1.44,0.3412322274881517,2.930555555555556,0.11,SC,thick_like,,unmatched,,,
SDSSJ114424.13+342806.9,SDSSJ114424133428069,,176.100555,34.468597,5.13,1.02,0.1988304093567251,5.029411764705882,0.06,SD,intermediate,,unmatched,,,
PGC1910341,PGC1910341,PGC_1910341,176.103531,30.603922,6.28,1.19,0.1894904458598726,5.277310924369749,0.15,SB,intermediate,,unmatched,,,
PGC36545,PGC36545,PGC_36545,176.11998,-3.570857,8.57,2.41,0.2812135355892649,3.556016597510373,0.31,SB,thick_like,,unmatched,,,
PGC91141,PGC91141,PGC_91141,176.171494,14.765383,7.87,1.86,0.2363405336721728,4.231182795698925,0.08,SC,thick_like,,unmatched,,,
PGC1388732,PGC1388732,PGC_1388732,176.25238,11.094731,5.89,1.31,0.2224108658743633,4.49618320610687,0.06,SC,thick_like,,unmatched,,,
PGC2605412,PGC2605412,PGC_2605412,176.295349,60.683342,5.38,1.32,0.2453531598513011,4.075757575757575,0.21,SB,thick_like,,unmatched,,,
PGC1419806,PGC1419806,PGC_1419806,176.390091,12.963609,5.13,1.78,0.3469785575048733,2.8820224719101124,0.32,SA,thick_like,,unmatched,,,
NGC03869,NGC03869,NGC_3869,176.439835,10.824598,14.01,6.36,0.4539614561027837,2.202830188679245,0.5,SA,thick_like,,unmatched,,,
PGC1373905,PGC1373905,PGC_1373905,176.444702,10.054828,5.67,1.7,0.2998236331569665,3.335294117647059,0.18,SC,thick_like,,unmatched,,,
SDSSJ114552.14+211349.9,SDSSJ114552142113499,,176.467285,21.23052,3.89,1.0,0.2570694087403599,3.89,0.07,SC,thick_like,,unmatched,,,
PGC1340249,PGC1340249,PGC_1340249,176.470963,8.152517,6.48,1.8,0.2777777777777778,3.6,0.18,SB,thick_like,,unmatched,,,
SDSSJ114553.33+635411.6,SDSSJ114553336354116,,176.470978,63.903408,5.02,1.71,0.3406374501992032,2.935672514619883,0.09,SD,thick_like,,unmatched,,,
PGC1670213,PGC1670213,PGC_1670213,176.476318,22.455563,5.74,1.94,0.337979094076655,2.9587628865979383,0.15,SC,thick_like,,unmatched,,,
PGC2325986,PGC2325986,PGC_2325986,176.479568,48.801331,4.08,1.17,0.2867647058823529,3.487179487179488,0.09,SB,thick_like,,unmatched,,,
PGC1862994,PGC1862994,PGC_1862994,176.493256,29.332594,4.01,1.86,0.4638403990024938,2.1559139784946235,0.31,SB,thick_like,,unmatched,,,
PGC91142,PGC91142,PGC_91142,176.537506,12.879577,8.96,2.19,0.2444196428571428,4.091324200913243,0.04,SD,thick_like,,unmatched,,,
PGC36707,PGC36707,PGC_36707,176.570755,-3.17903,11.78,2.77,0.2351443123938879,4.252707581227437,0.04,SD,thick_like,,unmatched,,,
PGC115479,PGC115479,PGC_115479,176.605728,-3.59692,4.07,1.76,0.4324324324324324,2.3125,0.37,SB,thick_like,,unmatched,,,
NED,NED,,176.605865,39.113918,5.37,1.48,0.2756052141527002,3.6283783783783785,0.18,SD,thick_like,,unmatched,,,
PGC1345658,PGC1345658,PGC_1345658,176.66362,8.378982,5.02,1.7,0.3386454183266932,2.952941176470588,0.38,SA,thick_like,,unmatched,,,
PGC1307398,PGC1307398,PGC_1307398,176.67366,6.783784,5.31,1.59,0.2994350282485876,3.339622641509433,0.08,SC,thick_like,,unmatched,,,
PGC3088313,PGC3088313,PGC_3088313,176.69165,37.235313,3.82,1.29,0.3376963350785341,2.9612403100775198,0.35,SB,thick_like,,unmatched,,,
PGC1390286,PGC1390286,PGC_1390286,176.696915,11.206734,4.71,1.32,0.2802547770700637,3.568181818181818,0.14,SB,thick_like,,unmatched,,,
PGC91144,PGC91144,PGC_91144,176.702332,65.842323,6.35,0.97,0.152755905511811,6.546391752577319,0.09,SC,intermediate,,unmatched,,,
PGC1496906,PGC1496906,PGC_1496906,176.733063,15.940085,3.55,2.2,0.619718309859155,1.6136363636363635,0.14,SB,thick_like,,unmatched,,,
PGC2016390,PGC2016390,PGC_2016390,176.763901,32.89529,7.01,1.82,0.2596291012838801,3.8516483516483513,0.06,SD,thick_like,,unmatched,,,
PGC1933890,PGC1933890,PGC_1933890,176.798004,31.149126,4.52,1.77,0.3915929203539823,2.5536723163841804,0.09,SC,thick_like,,unmatched,,,
SDSSJ114713.30+604103.6,SDSSJ114713306041036,,176.805405,60.684334,5.39,1.04,0.1929499072356215,5.182692307692308,0.05,SD,intermediate,,unmatched,,,
PGC36768,PGC36768,PGC_36768,176.811508,16.563791,7.09,2.56,0.3610719322990127,2.76953125,0.1,SC,thick_like,,unmatched,,,
PGC1481526,PGC1481526,PGC_1481526,176.820068,15.323327,6.62,1.81,0.2734138972809667,3.657458563535912,0.12,SC,thick_like,,unmatched,,,
PGC36778,PGC36778,PGC_36778,176.867767,18.053387,5.81,2.04,0.351118760757315,2.848039215686274,0.41,SB,thick_like,,unmatched,,,
PGC91145,PGC91145,PGC_91145,176.904449,62.016029,5.91,2.0,0.338409475465313,2.955,0.04,SC,thick_like,,unmatched,,,
PGC1398051,PGC1398051,PGC_1398051,176.905807,11.737503,4.14,1.43,0.3454106280193237,2.895104895104895,0.1,SC,thick_like,,unmatched,,,
PGC2093798,PGC2093798,PGC_2093798,176.929276,37.139793,7.33,1.74,0.2373806275579809,4.212643678160919,0.06,SD,thick_like,,unmatched,,,
PGC2473992,PGC2473992,PGC_2473992,176.940521,54.5849,3.39,1.29,0.3805309734513274,2.6279069767441863,0.33,SB,thick_like,,unmatched,,,
PGC1769583,PGC1769583,PGC_1769583,176.97789,26.266512,4.44,1.47,0.331081081081081,3.0204081632653064,0.28,SB,thick_like,,unmatched,,,
PGC1134051,PGC1134051,PGC_1134051,177.103378,-0.814044,5.95,1.31,0.2201680672268907,4.541984732824427,0.26,SB,thick_like,,unmatched,,,
PGC36856,PGC36856,PGC_36856,177.114532,21.156639,5.83,2.94,0.5042881646655232,1.982993197278912,0.14,SC,thick_like,,unmatched,,,
PGC1855577,PGC1855577,PGC_1855577,177.128723,29.097588,5.63,1.47,0.261101243339254,3.829931972789116,0.06,SD,thick_like,,unmatched,,,
PGC1251960,PGC1251960,PGC_1251960,177.147964,3.424007,4.35,2.47,0.567816091954023,1.761133603238866,0.09,SC,thick_like,,unmatched,,,
PGC91146,PGC91146,PGC_91146,177.152405,-1.345846,7.53,1.03,0.1367861885790172,7.310679611650485,0.06,SD,intermediate,,unmatched,,,
PGC2051665,PGC2051665,PGC_2051665,177.163696,34.599373,3.79,1.61,0.4248021108179419,2.354037267080745,0.3,SB,thick_like,,unmatched,,,
PGC2287620,PGC2287620,PGC_2287620,177.20929,46.814816,3.37,1.82,0.5400593471810089,1.851648351648352,0.22,SC,thick_like,,unmatched,,,
PGC2226516,PGC2226516,PGC_2226516,177.256424,43.679005,4.05,1.09,0.2691358024691358,3.715596330275229,0.09,SB,thick_like,,unmatched,,,
SDSSJ114917.97+494859.1,SDSSJ114917974948591,,177.324875,49.816418,4.19,1.31,0.3126491646778043,3.198473282442748,0.07,SC,thick_like,,unmatched,,,
UGC06792,UGC06792,UGC_6792,177.347092,39.771515,18.14,6.18,0.340683572216097,2.935275080906149,0.07,SC,thick_like,,unmatched,,,
PGC1587631,PGC1587631,PGC_1587631,177.389297,19.303211,5.13,2.12,0.4132553606237817,2.4198113207547167,0.45,SA,thick_like,,unmatched,,,
PGC36948,PGC36948,PGC_36948,177.409058,-3.569068,10.31,2.98,0.2890397672162948,3.4597315436241614,0.2,SB,thick_like,,unmatched,,,
UGC06799,UGC06799,UGC_6799,177.48378,28.982576,9.04,1.91,0.211283185840708,4.732984293193717,0.09,SB,thick_like,,unmatched,,,
PGC2592316,PGC2592316,PGC_2592316,177.486893,59.603474,4.28,2.6,0.6074766355140186,1.6461538461538463,0.29,SB,thick_like,,unmatched,,,
UGC06802,UGC06802,UGC_6802,177.527634,51.855476,19.81,4.65,0.2347299343765775,4.2602150537634405,0.06,UN,thick_like,,unmatched,,,
UGC06804,UGC06804,UGC_6804,177.54985,6.999234,17.39,3.23,0.1857389304197814,5.38390092879257,0.04,UN,intermediate,,unmatched,,,
PGC91148,PGC91148,PGC_91148,177.574158,66.48111,8.24,1.2,0.145631067961165,6.866666666666667,0.05,SD,intermediate,,unmatched,,,
UGC06808,UGC06808,UGC_6808,177.575546,35.254097,11.73,2.13,0.1815856777493606,5.507042253521127,0.19,SB,intermediate,,unmatched,,,
PGC1712509,PGC1712509,PGC_1712509,177.584106,24.643694,5.86,1.5,0.2559726962457337,3.9066666666666663,0.08,SD,thick_like,,unmatched,,,
PGC2211527,PGC2211527,PGC_2211527,177.603592,43.034134,3.31,1.09,0.3293051359516616,3.036697247706422,0.08,SD,thick_like,,unmatched,,,
PGC1387500,PGC1387500,PGC_1387500,177.622711,11.001154,5.57,3.11,0.5583482944344703,1.7909967845659165,0.32,SA,thick_like,,unmatched,,,
PGC2324722,PGC2324722,PGC_2324722,177.623215,48.74881,7.35,1.01,0.1374149659863945,7.277227722772277,0.07,SB,intermediate,,unmatched,,,
PGC37026,PGC37026,PGC_37026,177.629028,60.128658,8.74,3.41,0.3901601830663616,2.563049853372434,0.26,SD,thick_like,,unmatched,,,
PGC1739846,PGC1739846,PGC_1739846,177.666077,25.526375,8.79,3.32,0.3777019340159272,2.647590361445783,0.08,SC,thick_like,,unmatched,,,
PGC200155,PGC200155,PGC_200155,177.68335,21.184387,3.86,1.93,0.5,2.0,0.19,SC,thick_like,,unmatched,,,
PGC2308392,PGC2308392,PGC_2308392,177.715469,47.992786,3.89,1.5,0.3856041131105398,2.5933333333333333,0.11,SB,thick_like,,unmatched,,,
PGC37054,PGC37054,PGC_37054,177.736526,21.19735,13.62,2.78,0.2041116005873715,4.899280575539568,0.1,IR,thick_like,,unmatched,,,
UGC06826,UGC06826,UGC_6826,177.852081,32.561546,11.75,2.6,0.2212765957446808,4.519230769230769,0.08,SD,thick_like,,unmatched,,,
PGC37115,PGC37115,PGC_37115,177.930328,55.489258,5.1,2.23,0.4372549019607843,2.286995515695067,0.16,SC,thick_like,,unmatched,,,
PGC1817159,PGC1817159,PGC_1817159,177.937164,27.75569,3.72,1.75,0.4704301075268817,2.125714285714286,0.33,SB,thick_like,,unmatched,,,
PGC1627929,PGC1627929,PGC_1627929,177.951752,20.45771,5.63,3.16,0.5612788632326821,1.7816455696202531,0.2,SA,thick_like,,unmatched,,,
PGC37135,PGC37135,PGC_37135,177.952042,19.35813,6.81,1.91,0.2804698972099853,3.5654450261780104,0.11,SD,thick_like,,unmatched,,,
SDSSJ115150.56+105836.1,SDSSJ115150561058361,,177.960648,10.976726,5.3,1.08,0.2037735849056604,4.907407407407407,0.06,SC,thick_like,,unmatched,,,
UGC06835,UGC06835,UGC_6835,177.978806,16.845858,5.63,3.27,0.5808170515097691,1.7217125382262997,0.21,SC,thick_like,,unmatched,,,
NED,NED,,178.05632,15.371209,5.86,0.71,0.1211604095563139,8.253521126760564,0.05,SD,intermediate,,unmatched,,,
SDSSJ115225.42+224212.3,SDSSJ115225422242123,,178.105911,22.703428,12.35,1.64,0.1327935222672064,7.530487804878049,0.1,SB,intermediate,,unmatched,,,
PGC1720557,PGC1720557,PGC_1720557,178.126785,24.933941,5.19,0.94,0.1811175337186897,5.521276595744681,0.09,SD,intermediate,,unmatched,,,
2MASXJ11523740+5319552,2MASXJ115237405319552,,178.155746,53.332058,5.66,1.16,0.204946996466431,4.879310344827586,0.09,SD,thick_like,,unmatched,,,
SDSSJ115246.21+503713.8,SDSSJ115246215037138,,178.192566,50.620518,5.6,1.02,0.1821428571428571,5.490196078431372,0.06,SD,intermediate,,unmatched,,,
PGC3088889,PGC3088889,PGC_3088889,178.1931,32.30991,5.76,2.59,0.4496527777777778,2.223938223938224,0.48,SA,thick_like,,unmatched,,,
NED,NED,,178.214462,19.893602,4.91,0.9,0.1832993890020366,5.455555555555556,0.05,SD,intermediate,,unmatched,,,
PGC2562899,PGC2562899,PGC_2562899,178.256317,57.321278,5.29,1.31,0.2476370510396975,4.038167938931298,0.1,SB,thick_like,,unmatched,,,
PGC92934,PGC92934,PGC_92934,178.270615,4.846519,8.47,1.3,0.153482880755608,6.515384615384615,0.22,SB,intermediate,,unmatched,,,
PGC37251,PGC37251,PGC_37251,178.275406,6.153967,4.68,1.42,0.3034188034188034,3.295774647887324,0.1,SD,thick_like,,unmatched,,,
PGC1457774,PGC1457774,PGC_1457774,178.340103,14.425554,6.56,2.77,0.4222560975609756,2.368231046931408,0.37,SB,thick_like,,unmatched,,,
PGC1257317,PGC1257317,PGC_1257317,178.364594,3.71642,5.35,2.27,0.4242990654205608,2.356828193832599,0.09,SC,thick_like,,unmatched,,,
PGC1481615,PGC1481615,PGC_1481615,178.384171,15.325789,4.12,1.74,0.4223300970873786,2.367816091954023,0.23,SB,thick_like,,unmatched,,,
PGC2555507,PGC2555507,PGC_2555507,178.386963,57.046341,4.62,2.63,0.5692640692640693,1.7566539923954374,0.27,SB,thick_like,,unmatched,,,
UGC06864,UGC06864,UGC_6864,178.389984,10.877856,8.03,3.12,0.3885429638854297,2.5737179487179485,0.17,SC,thick_like,,unmatched,,,
PGC2569562,PGC2569562,PGC_2569562,178.431305,57.664333,6.18,1.93,0.3122977346278317,3.2020725388601035,0.15,SB,thick_like,,unmatched,,,
PGC1662274,PGC1662274,PGC_1662274,178.474136,22.035664,4.43,3.48,0.7855530474040633,1.2729885057471264,0.22,SB,thick_like,,unmatched,,,
UGC06873,UGC06873,UGC_6873,178.476517,20.749645,10.55,1.92,0.1819905213270142,5.494791666666667,0.25,SB,intermediate,,unmatched,,,
SDSSJ115356.09+550818.5,SDSSJ115356095508185,,178.48381,55.138466,4.53,2.03,0.4481236203090507,2.23152709359606,0.06,SC,thick_like,,unmatched,,,
PGC1789500,PGC1789500,PGC_1789500,178.492233,26.826595,4.81,1.08,0.2245322245322245,4.453703703703703,0.11,SB,thick_like,,unmatched,,,
SDSSJ115358.91+625014.2,SDSSJ115358916250142,,178.494995,62.837067,5.56,1.27,0.2284172661870503,4.377952755905511,0.05,SD,thick_like,,unmatched,,,
PGC1650197,PGC1650197,PGC_1650197,178.608704,21.447247,3.43,1.91,0.5568513119533527,1.7958115183246075,0.2,SB,thick_like,,unmatched,,,
NED,NED,,178.646713,16.13694,5.46,0.74,0.1355311355311355,7.378378378378378,0.04,SD,intermediate,,unmatched,,,
PGC1851898,PGC1851898,PGC_1851898,178.658005,28.977661,4.24,1.62,0.3820754716981132,2.617283950617284,0.1,SC,thick_like,,unmatched,,,
PGC157094,PGC157094,PGC_157094,178.727341,1.372705,4.51,1.2,0.2660753880266075,3.758333333333333,0.14,SB,thick_like,,unmatched,,,
PGC1417141,PGC1417141,PGC_1417141,178.742279,12.835974,8.81,1.28,0.1452894438138479,6.8828125,0.05,SD,intermediate,,unmatched,,,
PGC1517414,PGC1517414,PGC_1517414,178.755005,16.805252,5.43,1.37,0.2523020257826888,3.963503649635036,0.18,SD,thick_like,,unmatched,,,
PGC1391833,PGC1391833,PGC_1391833,178.759415,11.316445,5.73,1.62,0.2827225130890052,3.537037037037037,0.29,SB,thick_like,,unmatched,,,
PGC1693755,PGC1693755,PGC_1693755,178.801926,23.789577,5.68,1.15,0.2024647887323943,4.939130434782609,0.12,SB,thick_like,,unmatched,,,
PGC2219098,PGC2219098,PGC_2219098,178.812851,43.36871,6.59,1.13,0.1714719271623672,5.831858407079647,0.05,IR,intermediate,,unmatched,,,
UGC06889,UGC06889,UGC_6889,178.827667,67.402809,8.12,1.63,0.2007389162561576,4.98159509202454,0.08,SB,thick_like,,unmatched,,,
UGC06894,UGC06894,UGC_6894,178.84787,54.657341,13.07,4.42,0.3381790359602142,2.9570135746606336,0.06,SD,thick_like,,unmatched,,,
PGC3088754,PGC3088754,PGC_3088754,178.873764,32.730255,4.26,1.54,0.3615023474178404,2.766233766233766,0.43,SA,thick_like,,unmatched,,,
PGC37428,PGC37428,PGC_37428,178.925903,24.920198,8.91,1.63,0.1829405162738495,5.466257668711657,0.06,SD,intermediate,,unmatched,,,
UGC06905,UGC06905,UGC_6905,178.943985,29.941397,12.39,3.13,0.2526230831315577,3.958466453674122,0.28,SB,thick_like,,unmatched,,,
SDSSJ115547.14+110925.0,SDSSJ115547141109250,,178.946442,11.157029,4.42,0.92,0.2081447963800905,4.804347826086956,0.06,SD,thick_like,,unmatched,,,
PGC91154,PGC91154,PGC_91154,178.970917,19.469116,7.15,1.56,0.2181818181818181,4.583333333333333,0.05,SD,thick_like,,unmatched,,,
PGC2678801,PGC2678801,PGC_2678801,178.980408,65.585686,6.32,1.82,0.2879746835443038,3.4725274725274726,0.31,SB,thick_like,,unmatched,,,
PGC1751979,PGC1751979,PGC_1751979,178.998215,25.842373,4.96,1.19,0.2399193548387096,4.168067226890757,0.06,SD,thick_like,,unmatched,,,
PGC2176154,PGC2176154,PGC_2176154,179.012802,41.13047,4.06,1.29,0.3177339901477833,3.147286821705426,0.09,SD,thick_like,,unmatched,,,
PGC1312535,PGC1312535,PGC_1312535,179.042908,7.040016,4.69,1.3,0.2771855010660981,3.607692307692308,0.1,SC,thick_like,,unmatched,,,
PGC2667657,PGC2667657,PGC_2667657,179.07309,64.396996,3.95,1.42,0.3594936708860759,2.7816901408450705,0.24,SB,thick_like,,unmatched,,,
PGC2364779,PGC2364779,PGC_2364779,179.088638,50.163097,6.04,1.95,0.3228476821192053,3.097435897435897,0.38,SB,thick_like,,unmatched,,,
PGC1612627,PGC1612627,PGC_1612627,179.096817,19.992252,5.09,1.84,0.3614931237721022,2.766304347826087,0.24,SB,thick_like,,unmatched,,,
PGC37519,PGC37519,PGC_37519,179.113525,24.537376,3.35,1.75,0.5223880597014925,1.9142857142857144,0.11,SC,thick_like,,unmatched,,,
SDSSJ115631.23+045558.1,SDSSJ115631230455581,,179.130142,4.932849,4.39,1.09,0.2482915717539863,4.027522935779816,0.06,SD,thick_like,,unmatched,,,
PGC1414298,PGC1414298,PGC_1414298,179.137009,12.6891,4.54,1.34,0.2951541850220264,3.388059701492537,0.12,SC,thick_like,,unmatched,,,
SDSSJ115637.50+512010.3,SDSSJ115637505120103,,179.156281,51.336205,4.19,1.34,0.3198090692124105,3.126865671641791,0.09,SB,thick_like,,unmatched,,,
UGC06919,UGC06919,UGC_6919,179.156296,55.633198,13.03,6.35,0.4873369148119724,2.051968503937008,0.15,SC,thick_like,,unmatched,,,
SDSSJ115638.59+042113.0,SDSSJ115638590421130,,179.160889,4.353469,6.27,0.93,0.1483253588516746,6.741935483870967,0.05,SD,intermediate,,unmatched,,,
PGC213910,PGC213910,PGC_213910,179.171417,23.825363,6.23,2.35,0.377207062600321,2.651063829787234,0.07,SC,thick_like,,unmatched,,,
PGC37557,PGC37557,PGC_37557,179.193069,61.442627,11.24,1.73,0.1539145907473309,6.497109826589596,0.03,SD,intermediate,,unmatched,,,
PGC1667774,PGC1667774,PGC_1667774,179.211319,22.322605,5.26,1.65,0.3136882129277566,3.187878787878788,0.19,SB,thick_like,,unmatched,,,
PGC1647692,PGC1647692,PGC_1647692,179.21965,21.325544,5.31,1.27,0.2391713747645951,4.181102362204724,0.13,SB,thick_like,,unmatched,,,
PGC1440008,PGC1440008,PGC_1440008,179.229568,13.770714,4.61,1.5,0.3253796095444685,3.0733333333333337,0.08,SD,thick_like,,unmatched,,,
PGC2516375,PGC2516375,PGC_2516375,179.239517,55.845657,3.44,1.67,0.4854651162790697,2.0598802395209583,0.11,SC,thick_like,,unmatched,,,
SDSSJ115659.37+035136.3,SDSSJ115659370351363,,179.247375,3.860071,4.51,1.04,0.2305986696230599,4.336538461538461,0.12,SB,thick_like,,unmatched,,,
PGC1090820,PGC1090820,PGC_1090820,179.258331,-2.481423,4.96,2.09,0.4213709677419354,2.373205741626794,0.13,SC,thick_like,,unmatched,,,
PGC1448135,PGC1448135,PGC_1448135,179.317917,14.058789,3.92,1.79,0.4566326530612245,2.189944134078212,0.22,SB,thick_like,,unmatched,,,
UGC06947,UGC06947,UGC_6947,179.486664,22.190342,10.98,2.34,0.2131147540983606,4.6923076923076925,0.07,SD,thick_like,,unmatched,,,
NGC04000,NGC04000,NGC_4000,179.487534,25.144344,6.75,3.71,0.5496296296296296,1.8194070080862532,0.14,SC,thick_like,,unmatched,,,
PGC1965061,PGC1965061,PGC_1965061,179.501511,31.799793,5.15,2.23,0.433009708737864,2.3094170403587446,0.08,SC,thick_like,,unmatched,,,
PGC1833408,PGC1833408,PGC_1833408,179.542099,28.353825,6.34,3.12,0.4921135646687697,2.032051282051282,0.48,SA,thick_like,,unmatched,,,
2MASXJ11582135+0515022,2MASXJ115821350515022,,179.588745,5.250529,2.81,1.23,0.4377224199288256,2.2845528455284554,0.11,SC,thick_like,,unmatched,,,
PGC2239618,PGC2239618,PGC_2239618,179.597916,44.229671,6.57,1.63,0.2480974124809741,4.030674846625767,0.06,SD,thick_like,,unmatched,,,
SDSSJ115832.80+134042.3,SDSSJ115832801340423,,179.636688,13.678431,7.15,1.18,0.165034965034965,6.059322033898305,0.06,SD,intermediate,,unmatched,,,
NGC04018,NGC04018,NGC_4018,179.669846,25.316336,12.2,4.37,0.3581967213114754,2.791762013729977,0.14,SC,thick_like,,unmatched,,,
PGC91158,PGC91158,PGC_91158,179.691071,41.392792,7.96,1.68,0.2110552763819095,4.738095238095238,0.05,SD,thick_like,,unmatched,,,
PGC1297511,PGC1297511,PGC_1297511,179.824905,6.266721,4.61,1.83,0.3969631236442516,2.519125683060109,0.16,SC,thick_like,,unmatched,,,
PGC1694873,PGC1694873,PGC_1694873,179.826767,23.851322,4.95,1.2,0.2424242424242424,4.125,0.18,SB,thick_like,,unmatched,,,
PGC91160,PGC91160,PGC_91160,179.851654,-0.410957,6.24,1.13,0.1810897435897435,5.52212389380531,0.05,SD,intermediate,,unmatched,,,
NGC04026,NGC04026,NGC_4026,179.854385,50.961601,35.52,11.03,0.3105292792792792,3.220308250226655,0.46,SA,thick_like,,unmatched,,,
PGC2239483,PGC2239483,PGC_2239483,179.874573,44.224766,4.81,1.47,0.3056133056133056,3.272108843537415,0.35,SB,thick_like,,unmatched,,,
PGC93644,PGC93644,PGC_93644,179.875946,27.932066,5.67,2.17,0.382716049382716,2.6129032258064515,0.14,SC,thick_like,,unmatched,,,
NED,NED,,179.945435,21.469593,5.13,0.94,0.1832358674463937,5.457446808510639,0.05,SD,intermediate,,unmatched,,,
PGC1383669,PGC1383669,PGC_1383669,179.951843,10.730439,5.12,2.06,0.40234375,2.4854368932038837,0.26,SB,thick_like,,unmatched,,,
SDSSJ115949.53+461617.1,SDSSJ115949534616171,,179.956345,46.27145,3.69,0.87,0.2357723577235772,4.241379310344827,0.08,SC,thick_like,,unmatched,,,
PGC2264571,PGC2264571,PGC_2264571,179.971222,45.41396,5.72,2.43,0.4248251748251748,2.353909465020576,0.28,SC,thick_like,,unmatched,,,
PGC2228487,PGC2228487,PGC_2228487,179.991928,43.759663,4.53,1.33,0.293598233995585,3.406015037593985,0.09,SC,thick_like,,unmatched,,,
PGC1432378,PGC1432378,PGC_1432378,180.056702,13.49251,4.84,1.4,0.2892561983471074,3.4571428571428573,0.35,SB,thick_like,,unmatched,,,
PGC1588604,PGC1588604,PGC_1588604,180.148895,19.33193,3.64,1.62,0.4450549450549451,2.2469135802469133,0.13,SC,thick_like,,unmatched,,,
PGC91161,PGC91161,PGC_91161,180.165634,33.299023,7.68,2.89,0.3763020833333333,2.657439446366782,0.09,SC,thick_like,,unmatched,,,
PGC2074031,PGC2074031,PGC_2074031,180.217743,36.041935,4.44,1.04,0.2342342342342342,4.269230769230769,0.09,SC,thick_like,,unmatched,,,
PGC1435753,PGC1435753,PGC_1435753,180.222946,13.616695,2.91,1.32,0.4536082474226804,2.2045454545454546,0.11,SC,thick_like,,unmatched,,,
PGC37905,PGC37905,PGC_37905,180.270706,0.113785,5.52,2.33,0.4221014492753623,2.369098712446352,0.47,SB,thick_like,,unmatched,,,
2MASXJ12010929+4832205,2MASXJ120109294832205,,180.28891,48.53899,4.75,1.27,0.2673684210526316,3.7401574803149606,0.15,SB,thick_like,,unmatched,,,
PGC1489368,PGC1489368,PGC_1489368,180.29483,15.626251,4.26,0.65,0.1525821596244131,6.553846153846154,0.07,SD,intermediate,,unmatched,,,
PGC2125288,PGC2125288,PGC_2125288,180.299332,38.377823,3.68,2.01,0.546195652173913,1.830845771144279,0.19,SC,thick_like,,unmatched,,,
PGC1672617,PGC1672617,PGC_1672617,180.321564,22.583998,3.36,1.55,0.4613095238095238,2.1677419354838707,0.12,SC,thick_like,,unmatched,,,
PGC91162,PGC91162,PGC_91162,180.32222,31.278011,11.2,1.91,0.1705357142857143,5.863874345549738,0.05,SD,intermediate,,unmatched,,,
NGC04036,NGC04036,NGC_4036,180.361465,61.895779,23.52,20.6,0.8758503401360545,1.141747572815534,0.47,SA,thick_like,,unmatched,,,
PGC1204374,PGC1204374,PGC_1204374,180.361801,1.740429,4.64,3.0,0.646551724137931,1.5466666666666666,0.22,SC,thick_like,,unmatched,,,
PGC2720920,PGC2720920,PGC_2720920,180.371918,68.604645,4.84,1.53,0.3161157024793388,3.1633986928104574,0.08,SC,thick_like,,unmatched,,,
PGC3095164,PGC3095164,PGC_3095164,180.409485,58.123707,3.91,1.17,0.29923273657289,3.341880341880342,0.09,SC,thick_like,,unmatched,,,
UGC07008,UGC07008,UGC_7008,180.421127,4.769836,11.06,4.98,0.4502712477396022,2.2208835341365463,0.15,SB,thick_like,,unmatched,,,
SDSSJ120153.78+103946.7,SDSSJ120153781039467,,180.474152,10.662981,7.52,1.12,0.1489361702127659,6.7142857142857135,0.05,SD,intermediate,,unmatched,,,
PGC37992,PGC37992,PGC_37992,180.500763,24.335398,6.81,1.19,0.1747430249632892,5.722689075630252,0.18,SB,intermediate,,unmatched,,,
PGC2666121,PGC2666121,PGC_2666121,180.51149,64.254936,4.91,1.4,0.285132382892057,3.5071428571428576,0.14,SB,thick_like,,unmatched,,,
PGC2061387,PGC2061387,PGC_2061387,180.542786,35.231899,4.37,1.94,0.4439359267734553,2.252577319587629,0.27,SB,thick_like,,unmatched,,,
PGC2456591,PGC2456591,PGC_2456591,180.582809,53.98922,4.24,1.46,0.3443396226415094,2.904109589041096,0.16,SC,thick_like,,unmatched,,,
PGC1118291,PGC1118291,PGC_1118291,180.591324,-1.453937,4.51,2.25,0.4988913525498891,2.0044444444444443,0.14,SC,thick_like,,unmatched,,,
SDSSJ120230.81+060505.0,SDSSJ120230810605050,,180.628342,6.084669,3.96,0.82,0.207070707070707,4.829268292682927,0.08,SC,thick_like,,unmatched,,,
PGC2282530,PGC2282530,PGC_2282530,180.659592,46.515366,3.78,1.26,0.3333333333333333,3.0,0.12,SC,thick_like,,unmatched,,,
PGC1356648,PGC1356648,PGC_1356648,180.664612,8.940045,7.22,2.3,0.3185595567867036,3.139130434782609,0.27,SB,thick_like,,unmatched,,,
UGC07024,UGC07024,UGC_7024,180.692596,22.334568,7.91,2.61,0.3299620733249052,3.030651340996169,0.12,SD,thick_like,,unmatched,,,
PGC1643765,PGC1643765,PGC_1643765,180.701706,21.145517,5.61,2.0,0.35650623885918,2.805,0.12,SC,thick_like,,unmatched,,,
PGC1698162,PGC1698162,PGC_1698162,180.799149,24.02212,4.14,1.3,0.3140096618357488,3.1846153846153844,0.18,SB,thick_like,,unmatched,,,
PGC1632488,PGC1632488,PGC_1632488,180.823349,20.636999,4.83,4.12,0.8530020703933747,1.172330097087379,0.48,SB,thick_like,,unmatched,,,
PGC2645654,PGC2645654,PGC_2645654,180.844147,62.897808,4.77,1.3,0.2725366876310273,3.6692307692307686,0.08,SC,thick_like,,unmatched,,,
PGC2205611,PGC2205611,PGC_2205611,180.899185,42.760895,4.57,1.79,0.3916849015317286,2.553072625698324,0.35,SB,thick_like,,unmatched,,,
PGC2615380,PGC2615380,PGC_2615380,180.92482,61.295212,5.19,1.18,0.2273603082851637,4.398305084745763,0.09,SC,thick_like,,unmatched,,,
PGC38183,PGC38183,PGC_38183,181.07225,3.872942,4.07,2.93,0.7199017199017199,1.3890784982935154,0.12,SC,thick_like,,unmatched,,,
PGC157322,PGC157322,PGC_157322,181.091599,-0.719368,4.93,1.32,0.2677484787018256,3.734848484848485,0.26,SA,thick_like,,unmatched,,,
PGC1448428,PGC1448428,PGC_1448428,181.105026,14.069039,2.46,1.22,0.4959349593495935,2.0163934426229506,0.11,SC,thick_like,,unmatched,,,
PGC2415360,PGC2415360,PGC_2415360,181.179565,52.453362,5.0,0.74,0.148,6.756756756756757,0.06,SD,intermediate,,unmatched,,,
PGC91167,PGC91167,PGC_91167,181.207123,32.261902,8.13,1.97,0.2423124231242312,4.126903553299493,0.2,SB,thick_like,,unmatched,,,
PGC2332276,PGC2332276,PGC_2332276,181.240524,49.055492,5.12,2.84,0.5546875,1.8028169014084507,0.54,SA,thick_like,,unmatched,,,
PGC1273757,PGC1273757,PGC_1273757,181.322571,4.820738,4.94,1.38,0.2793522267206477,3.5797101449275366,0.11,SB,thick_like,,unmatched,,,
PGC2021197,PGC2021197,PGC_2021197,181.336578,33.030041,3.82,1.47,0.3848167539267015,2.5986394557823127,0.3,SB,thick_like,,unmatched,,,
PGC2226067,PGC2226067,PGC_2226067,181.405151,43.66106,5.11,1.04,0.2035225048923679,4.913461538461538,0.06,SD,thick_like,,unmatched,,,
SDSSJ120538.94+234837.3,SDSSJ120538942348373,,181.412247,23.810366,6.13,1.06,0.1729200652528548,5.783018867924528,0.09,SC,intermediate,,unmatched,,,
PGC2243571,PGC2243571,PGC_2243571,181.423065,44.402302,3.44,1.49,0.4331395348837209,2.308724832214765,0.15,SC,thick_like,,unmatched,,,
SDSSJ120543.48+595859.5,SDSSJ120543485958595,,181.431152,59.983192,5.38,1.45,0.2695167286245353,3.710344827586207,0.08,SC,thick_like,,unmatched,,,
PGC3292143,PGC3292143,PGC_3292143,181.466202,-1.004987,2.49,0.86,0.3453815261044176,2.8953488372093026,0.1,SC,thick_like,,unmatched,,,
PGC1840939,PGC1840939,PGC_1840939,181.47052,28.615871,4.03,1.85,0.4590570719602977,2.1783783783783783,0.11,SC,thick_like,,unmatched,,,
PGC1209117,PGC1209117,PGC_1209117,181.498993,1.885786,4.72,1.51,0.3199152542372881,3.1258278145695364,0.06,SD,thick_like,,unmatched,,,
PGC2166280,PGC2166280,PGC_2166280,181.508896,40.471153,4.13,0.96,0.2324455205811138,4.302083333333333,0.07,SD,thick_like,,unmatched,,,
PGC38350,PGC38350,PGC_38350,181.527679,28.256334,6.03,2.86,0.4742951907131011,2.1083916083916088,0.37,SB,thick_like,,unmatched,,,
PGC1630725,PGC1630725,PGC_1630725,181.5923,20.561487,6.08,2.36,0.3881578947368421,2.576271186440678,0.13,SC,thick_like,,unmatched,,,
PGC38388,PGC38388,PGC_38388,181.593872,27.965052,7.18,3.69,0.5139275766016713,1.94579945799458,0.46,SA,thick_like,,unmatched,,,
SDSSJ120635.36+542209.7,SDSSJ120635365422097,,181.647476,54.369385,5.72,1.12,0.1958041958041958,5.107142857142857,0.06,SD,intermediate,,unmatched,,,
PGC2014029,PGC2014029,PGC_2014029,181.661575,32.832626,4.83,1.18,0.2443064182194616,4.093220338983051,0.12,SB,thick_like,,unmatched,,,
PGC1770458,PGC1770458,PGC_1770458,181.674164,26.287994,4.45,1.56,0.350561797752809,2.852564102564102,0.27,SB,thick_like,,unmatched,,,
PGC2372663,PGC2372663,PGC_2372663,181.734207,50.425667,4.13,1.41,0.3414043583535109,2.9290780141843973,0.13,SC,thick_like,,unmatched,,,
PGC1749372,PGC1749372,PGC_1749372,181.74353,25.776138,4.21,1.42,0.33729216152019,2.9647887323943665,0.15,SC,thick_like,,unmatched,,,
PGC91174,PGC91174,PGC_91174,181.761871,40.199833,11.32,2.19,0.1934628975265017,5.168949771689498,0.09,SD,intermediate,,unmatched,,,
NGC04111,NGC04111,NGC_4111,181.762695,43.065773,27.73,9.19,0.3314100252434186,3.017410228509249,0.46,SC,thick_like,,unmatched,,,
PGC91175,PGC91175,PGC_91175,181.763611,25.728701,7.28,1.83,0.2513736263736263,3.978142076502732,0.06,SD,thick_like,,unmatched,,,
PGC2189425,PGC2189425,PGC_2189425,181.804062,41.935867,4.42,1.33,0.3009049773755656,3.323308270676692,0.32,SB,thick_like,,unmatched,,,
PGC1342536,PGC1342536,PGC_1342536,181.873352,8.241501,6.06,1.32,0.2178217821782178,4.590909090909091,0.06,SD,thick_like,,unmatched,,,
PGC38497,PGC38497,PGC_38497,181.908676,1.574203,6.53,3.76,0.5758039816232772,1.7367021276595749,0.47,SA,thick_like,,unmatched,,,
PGC1560780,PGC1560780,PGC_1560780,181.921753,18.480366,4.65,1.46,0.3139784946236559,3.184931506849316,0.08,SC,thick_like,,unmatched,,,
PGC1429691,PGC1429691,PGC_1429691,181.953949,13.385305,4.04,0.97,0.2400990099009901,4.164948453608248,0.08,SD,thick_like,,unmatched,,,
PGC1973119,PGC1973119,PGC_1973119,181.956924,31.961035,4.17,1.42,0.3405275779376499,2.9366197183098595,0.13,SC,thick_like,,unmatched,,,
PGC1683546,PGC1683546,PGC_1683546,182.00145,23.218769,7.58,1.56,0.2058047493403694,4.858974358974359,0.32,SA,thick_like,,unmatched,,,
PGC1723421,PGC1723421,PGC_1723421,182.034149,25.032894,4.38,2.56,0.5844748858447489,1.7109375,0.17,SC,thick_like,,unmatched,,,
PGC1580851,PGC1580851,PGC_1580851,182.050323,19.110544,6.51,1.85,0.2841781874039938,3.5189189189189185,0.05,SD,thick_like,,unmatched,,,
PGC2259230,PGC2259230,PGC_2259230,182.056656,45.120365,4.26,2.2,0.5164319248826291,1.936363636363636,0.35,SB,thick_like,,unmatched,,,
SDSSJ120817.49+664717.3,SDSSJ120817496647173,,182.072922,66.788132,6.26,1.1,0.1757188498402556,5.6909090909090905,0.07,SB,intermediate,,unmatched,,,
PGC1742504,PGC1742504,PGC_1742504,182.088791,25.602282,6.05,1.14,0.1884297520661157,5.30701754385965,0.29,SB,intermediate,,unmatched,,,
SDSSJ120825.68+351754.3,SDSSJ120825683517543,,182.107025,35.298424,5.98,1.25,0.2090301003344481,4.784000000000001,0.1,SB,thick_like,,unmatched,,,
PGC1660089,PGC1660089,PGC_1660089,182.127838,21.927332,3.23,2.15,0.6656346749226006,1.5023255813953489,0.34,SA,thick_like,,unmatched,,,
PGC2011795,PGC2011795,PGC_2011795,182.155319,32.77248,2.85,1.1,0.3859649122807018,2.590909090909091,0.11,SC,thick_like,,unmatched,,,
SDSSJ120846.20+232143.2,SDSSJ120846202321432,,182.192535,23.361998,5.11,1.44,0.2818003913894324,3.548611111111112,0.14,SB,thick_like,,unmatched,,,
PGC1684988,PGC1684988,PGC_1684988,182.198212,23.301151,7.08,0.96,0.135593220338983,7.375,0.11,SB,intermediate,,unmatched,,,
PGC1275454,PGC1275454,PGC_1275454,182.201996,4.930611,4.37,1.25,0.2860411899313501,3.496,0.29,SB,thick_like,,unmatched,,,
PGC1403995,PGC1403995,PGC_1403995,182.238159,12.11285,3.1,1.5,0.4838709677419354,2.066666666666667,0.12,SC,thick_like,,unmatched,,,
PGC1666396,PGC1666396,PGC_1666396,182.321426,22.250481,6.06,2.86,0.4719471947194719,2.1188811188811187,0.24,SB,thick_like,,unmatched,,,
2MASXJ12092248+1317540,2MASXJ120922481317540,,182.343613,13.29832,4.64,1.63,0.3512931034482758,2.8466257668711656,0.35,SB,thick_like,,unmatched,,,
PGC38649,PGC38649,PGC_38649,182.36792,66.175453,7.62,1.84,0.2414698162729658,4.141304347826087,0.07,SD,thick_like,,unmatched,,,
PGC1123891,PGC1123891,PGC_1123891,182.508621,-1.22265,4.37,1.04,0.2379862700228833,4.201923076923077,0.12,SB,thick_like,,unmatched,,,
PGC91179,PGC91179,PGC_91179,182.521454,65.985779,6.0,1.24,0.2066666666666666,4.838709677419355,0.07,SD,thick_like,,unmatched,,,
NED,NED,,182.537338,32.86414,4.52,0.93,0.2057522123893805,4.86021505376344,0.04,SD,thick_like,,unmatched,,,
2MASXJ12101599+5515279,2MASXJ121015995515279,,182.566406,55.257645,3.67,1.97,0.5367847411444142,1.862944162436548,0.44,SB,thick_like,,unmatched,,,
PGC1945832,PGC1945832,PGC_1945832,182.594131,31.410416,6.92,1.52,0.2196531791907514,4.552631578947368,0.08,SD,thick_like,,unmatched,,,
2MASXJ12102587+4154044,2MASXJ121025874154044,,182.607956,41.901115,4.81,2.17,0.4511434511434511,2.216589861751152,0.12,SC,thick_like,,unmatched,,,
NGC04149,NGC04149,NGC_4149,182.636887,58.304115,12.93,4.68,0.3619489559164733,2.7628205128205128,0.37,SC,thick_like,,unmatched,,,
SDSSJ121035.12+361731.0,SDSSJ121035123617310,,182.646347,36.29195,6.8,1.29,0.1897058823529412,5.271317829457364,0.05,SD,intermediate,,unmatched,,,
UGC07170,UGC07170,UGC_7170,182.654251,18.828739,17.69,3.93,0.22215941209723,4.501272264631044,0.06,SD,thick_like,,unmatched,,,
PGC1178211,PGC1178211,PGC_1178211,182.672791,0.887346,4.49,0.87,0.1937639198218262,5.1609195402298855,0.06,SD,intermediate,,unmatched,,,
UGC07179,UGC07179,UGC_7179,182.741501,63.914383,13.68,5.05,0.3691520467836257,2.708910891089109,0.12,SD,thick_like,,unmatched,,,
SDSSJ121103.06+081710.7,SDSSJ121103060817107,,182.762756,8.286326,4.72,1.12,0.2372881355932203,4.2142857142857135,0.06,SD,thick_like,,unmatched,,,
PGC2594283,PGC2594283,PGC_2594283,182.769882,59.789082,4.28,1.08,0.2523364485981308,3.962962962962963,0.15,SB,thick_like,,unmatched,,,
2MASXJ12111968+1307199,2MASXJ121119681307199,,182.832108,13.122107,6.53,1.56,0.2388973966309341,4.185897435897436,0.09,SD,thick_like,,unmatched,,,
PGC1251317,PGC1251317,PGC_1251317,182.841858,3.392317,5.75,1.45,0.2521739130434782,3.9655172413793114,0.14,SB,thick_like,,unmatched,,,
PGC1453295,PGC1453295,PGC_1453295,182.894165,14.249253,6.43,1.11,0.1726283048211508,5.792792792792792,0.05,SD,intermediate,,unmatched,,,
PGC1245961,PGC1245961,PGC_1245961,183.005463,3.13596,4.85,1.5,0.3092783505154639,3.233333333333333,0.16,SB,thick_like,,unmatched,,,
2MASXJ12121240+0532313,2MASXJ121212400532313,,183.051712,5.542068,4.53,2.42,0.5342163355408388,1.871900826446281,0.15,SC,thick_like,,unmatched,,,
2MASXJ12121278+4702587,2MASXJ121212784702587,,183.053162,47.049446,5.53,1.33,0.240506329113924,4.157894736842105,0.09,SD,thick_like,,unmatched,,,
PGC38904,PGC38904,PGC_38904,183.105347,15.395944,3.78,1.99,0.5264550264550265,1.899497487437186,0.42,SB,thick_like,,unmatched,,,
NGC04174,NGC04174,NGC_4174,183.11203,29.149277,7.09,4.89,0.6897038081805359,1.4498977505112476,0.58,SB,thick_like,,unmatched,,,
UGC07212,UGC07212,UGC_7212,183.164795,34.689651,15.1,2.56,0.1695364238410596,5.8984375,0.04,IR,intermediate,,unmatched,,,
PGC2355454,PGC2355454,PGC_2355454,183.190094,49.853828,5.75,1.47,0.2556521739130434,3.91156462585034,0.1,SB,thick_like,,unmatched,,,
PGC1815993,PGC1815993,PGC_1815993,183.197769,27.713568,4.21,1.48,0.3515439429928741,2.8445945945945947,0.08,SC,thick_like,,unmatched,,,
NGC04179,NGC04179,NGC_4179,183.217133,1.299694,30.7,13.51,0.4400651465798045,2.2723908216136195,0.54,SA,thick_like,,unmatched,,,
SDSSJ121252.26+481821.1,SDSSJ121252264818211,,183.217789,48.30587,4.93,1.07,0.2170385395537525,4.607476635514018,0.06,SD,thick_like,,unmatched,,,
SDSSJ121257.56+353446.5,SDSSJ121257563534465,,183.239868,35.579601,5.16,1.06,0.2054263565891473,4.867924528301887,0.07,SD,thick_like,,unmatched,,,
PGC2681073,PGC2681073,PGC_2681073,183.288895,65.83213,5.62,1.73,0.3078291814946619,3.248554913294798,0.32,SB,thick_like,,unmatched,,,
PGC1328684,PGC1328684,PGC_1328684,183.363235,7.703412,4.86,1.18,0.242798353909465,4.118644067796611,0.14,SB,thick_like,,unmatched,,,
2MASXJ12133099+5039402,2MASXJ121330995039402,,183.379288,50.661034,5.68,1.21,0.2130281690140845,4.694214876033057,0.17,SB,thick_like,,unmatched,,,
SDSSJ121331.31+115510.8,SDSSJ121331311155108,,183.380524,11.918977,5.75,1.73,0.3008695652173913,3.3236994219653178,0.08,SD,thick_like,,unmatched,,,
SDSSJ121337.54+610013.1,SDSSJ121337546100131,,183.406357,61.003639,4.06,1.05,0.2586206896551724,3.866666666666666,0.07,SC,thick_like,,unmatched,,,
PGC91183,PGC91183,PGC_91183,183.499832,21.645657,6.49,1.15,0.1771956856702619,5.643478260869566,0.05,SD,intermediate,,unmatched,,,
SDSSJ121429.76+545450.0,SDSSJ121429765454500,,183.623795,54.914143,4.21,0.96,0.2280285035629453,4.385416666666667,0.07,SD,thick_like,,unmatched,,,
PGC1084963,PGC1084963,PGC_1084963,183.701248,-2.700236,4.13,2.12,0.513317191283293,1.9481132075471697,0.09,SC,thick_like,,unmatched,,,
PGC2053664,PGC2053664,PGC_2053664,183.707901,34.730885,4.24,1.95,0.4599056603773584,2.174358974358974,0.13,SC,thick_like,,unmatched,,,
PGC1458015,PGC1458015,PGC_1458015,183.713882,14.434769,3.39,1.3,0.3834808259587021,2.607692307692308,0.11,SC,thick_like,,unmatched,,,
PGC1695893,PGC1695893,PGC_1695893,183.71434,23.906507,5.62,2.5,0.4448398576512455,2.248,0.35,SB,thick_like,,unmatched,,,
NED,NED,,183.736526,33.636841,5.94,0.8,0.1346801346801346,7.425,0.04,SD,intermediate,,unmatched,,,
PGC1176346,PGC1176346,PGC_1176346,183.796509,0.820204,5.64,1.5,0.2659574468085106,3.76,0.13,SB,thick_like,,unmatched,,,
PGC39186,PGC39186,PGC_39186,183.804642,57.86599,4.85,2.41,0.4969072164948454,2.012448132780083,0.16,SC,thick_like,,unmatched,,,
SDSSJ121514.24+245553.4,SDSSJ121514242455534,,183.809341,24.93152,5.08,0.75,0.1476377952755905,6.773333333333333,0.06,SD,intermediate,,unmatched,,,
PGC1418962,PGC1418962,PGC_1418962,183.835861,12.924262,3.52,1.53,0.4346590909090909,2.3006535947712417,0.24,SB,thick_like,,unmatched,,,
PGC39197,PGC39197,PGC_39197,183.846512,26.884989,4.37,2.65,0.6064073226544622,1.649056603773585,0.5,SA,thick_like,,unmatched,,,
PGC2257970,PGC2257970,PGC_2257970,183.852554,45.056271,7.95,1.43,0.1798742138364779,5.55944055944056,0.34,SB,intermediate,,unmatched,,,
UGC07272,UGC07272,UGC_7272,183.884171,51.913208,10.11,2.7,0.2670623145400593,3.744444444444444,0.08,SC,thick_like,,unmatched,,,
SDSSJ121535.52+105816.7,SDSSJ121535521058167,,183.89801,10.971309,4.37,1.0,0.22883295194508,4.37,0.06,SD,thick_like,,unmatched,,,
IC03074,IC03074,IC_3074,183.941681,10.700937,27.47,4.77,0.1736439752457226,5.7589098532494765,0.04,SD,intermediate,,unmatched,,,
PGC39243,PGC39243,PGC_39243,183.948715,52.125706,14.73,2.42,0.1642905634758995,6.086776859504132,0.03,SD,intermediate,,unmatched,,,
SDSSJ121549.14+053230.8,SDSSJ121549140532308,,183.954742,5.54192,4.5,1.06,0.2355555555555555,4.245283018867925,0.11,SB,thick_like,,unmatched,,,
NGC04215,NGC04215,NGC_4215,183.977234,6.401151,10.96,8.55,0.7801094890510949,1.2818713450292398,0.41,SA,thick_like,,unmatched,,,
PGC39216,PGC39216,PGC_39216,184.009247,46.732872,7.62,4.69,0.615485564304462,1.624733475479744,0.1,SC,thick_like,,unmatched,,,
PGC1431022,PGC1431022,PGC_1431022,184.051529,13.437615,5.43,2.15,0.3959484346224677,2.525581395348837,0.26,SB,thick_like,,unmatched,,,
PGC1358539,PGC1358539,PGC_1358539,184.068069,9.042782,7.14,1.35,0.1890756302521008,5.288888888888888,0.09,SC,intermediate,,unmatched,,,
PGC1127535,PGC1127535,PGC_1127535,184.077393,-1.069237,5.27,1.87,0.3548387096774194,2.818181818181818,0.06,SC,thick_like,,unmatched,,,
NED,NED,,184.096573,13.308088,27.35,7.22,0.2639853747714807,3.78808864265928,0.06,UN,thick_like,,unmatched,,,
PGC1278449,PGC1278449,PGC_1278449,184.107178,5.12153,2.72,1.35,0.4963235294117647,2.0148148148148146,0.14,SB,thick_like,,unmatched,,,
UGC07294,UGC07294,UGC_7294,184.134018,29.822468,9.25,2.22,0.24,4.166666666666666,0.07,SD,thick_like,,unmatched,,,
SDSSJ121633.30+033117.3,SDSSJ121633300331173,,184.138733,3.52145,4.22,1.33,0.3151658767772512,3.1729323308270674,0.07,SC,thick_like,,unmatched,,,
NGC04224,NGC04224,NGC_4224,184.140747,7.462095,19.28,20.53,1.0648340248962656,0.939113492450073,0.25,SA,thick_like,,unmatched,,,
2MASXJ12164164+2708365,2MASXJ121641642708365,,184.173599,27.143459,3.8,1.97,0.518421052631579,1.9289340101522845,0.12,SC,thick_like,,unmatched,,,
SDSSJ121641.79+080808.6,SDSSJ121641790808086,,184.174149,8.135732,3.58,1.64,0.4581005586592178,2.182926829268293,0.09,SC,thick_like,,unmatched,,,
UGC07301,UGC07301,UGC_7301,184.175339,46.07877,22.19,5.62,0.2532672374943668,3.948398576512456,0.06,SD,thick_like,,unmatched,,,
PGC213961,PGC213961,PGC_213961,184.185333,28.753059,4.63,1.62,0.3498920086393088,2.8580246913580245,0.21,SB,thick_like,,unmatched,,,
SDSSJ121648.59+321846.3,SDSSJ121648593218463,,184.202469,32.312847,4.82,0.94,0.1950207468879667,5.127659574468086,0.08,SC,intermediate,,unmatched,,,
PGC1352713,PGC1352713,PGC_1352713,184.233444,8.734566,5.1,1.24,0.2431372549019608,4.112903225806451,0.09,SC,thick_like,,unmatched,,,
PGC2350902,PGC2350902,PGC_2350902,184.268051,49.704098,4.04,1.21,0.2995049504950495,3.338842975206612,0.08,SC,thick_like,,unmatched,,,
IC03099,IC03099,IC_3099,184.288651,12.454026,16.95,4.7,0.2772861356932153,3.606382978723404,0.07,SD,thick_like,,unmatched,,,
PGC2557252,PGC2557252,PGC_2557252,184.305878,57.107159,7.71,2.07,0.2684824902723735,3.724637681159421,0.09,SB,thick_like,,unmatched,,,
UGC07318,UGC07318,UGC_7318,184.316513,49.496845,7.47,1.61,0.215528781793842,4.639751552795031,0.05,SD,thick_like,,unmatched,,,
PGC213965,PGC213965,PGC_213965,184.329529,41.333111,3.92,1.68,0.4285714285714285,2.333333333333333,0.11,SC,thick_like,,unmatched,,,
SDSSJ121719.85+323425.4,SDSSJ121719853234254,,184.332703,32.573738,7.04,1.27,0.1803977272727272,5.543307086614173,0.07,SD,intermediate,,unmatched,,,
PGC39407,PGC39407,PGC_39407,184.339081,2.579628,6.04,2.42,0.4006622516556291,2.495867768595041,0.12,SC,thick_like,,unmatched,,,
PGC1699531,PGC1699531,PGC_1699531,184.360382,24.089296,3.64,1.6,0.4395604395604395,2.275,0.3,SB,thick_like,,unmatched,,,
NGC04244,NGC04244,NGC_4244,184.372864,37.808575,108.28,24.15,0.2230328777244181,4.483643892339545,0.08,SC,thick_like,,unmatched,,,
SDSSJ121733.13+262352.6,SDSSJ121733132623526,,184.388077,26.397966,5.23,2.31,0.4416826003824091,2.2640692640692643,0.07,SC,thick_like,,unmatched,,,
UGC07321,UGC07321,UGC_7321,184.391678,22.540148,56.2,6.49,0.1154804270462633,8.659476117103235,0.04,SB,intermediate,,unmatched,,,
UGC07327,UGC07327,UGC_7327,184.406998,16.727474,11.02,3.41,0.3094373865698729,3.231671554252199,0.2,SB,thick_like,,unmatched,,,
PGC2164984,PGC2164984,PGC_2164984,184.508194,40.382839,4.84,2.12,0.4380165289256199,2.283018867924528,0.27,SA,thick_like,,unmatched,,,
PGC1154209,PGC1154209,PGC_1154209,184.513748,-0.01048,5.73,1.98,0.3455497382198952,2.893939393939394,0.07,SC,thick_like,,unmatched,,,
SDSSJ121803.52+585900.8,SDSSJ121803525859008,,184.514648,58.983562,6.87,1.01,0.1470160116448326,6.801980198019802,0.08,SD,intermediate,,unmatched,,,
SDSSJ121820.56+045113.6,SDSSJ121820560451136,,184.585693,4.853787,6.21,3.45,0.5555555555555556,1.7999999999999998,0.11,SC,thick_like,,unmatched,,,
NED,NED,,184.609695,59.647251,5.17,0.84,0.1624758220502901,6.154761904761905,0.04,SD,intermediate,,unmatched,,,
PGC91187,PGC91187,PGC_91187,184.615234,12.69649,6.9,2.29,0.3318840579710145,3.013100436681223,0.2,SC,thick_like,,unmatched,,,
PGC1654280,PGC1654280,PGC_1654280,184.617737,21.644785,5.95,0.92,0.1546218487394958,6.467391304347826,0.09,SD,intermediate,,unmatched,,,
NGC04256,NGC04256,NGC_4256,184.679535,65.89827,33.99,10.68,0.3142100617828773,3.1825842696629216,0.25,SB,thick_like,,unmatched,,,
2MASXJ12185109+4419305,2MASXJ121851094419305,,184.712418,44.324982,5.31,1.42,0.2674199623352166,3.73943661971831,0.08,SC,thick_like,,unmatched,,,
UGC07347,UGC07347,UGC_7347,184.727798,12.470061,9.59,1.99,0.2075078206465067,4.819095477386934,0.15,SB,thick_like,,unmatched,,,
PGC39590,PGC39590,PGC_39590,184.743408,24.186314,7.47,7.4,0.9906291834002678,1.0094594594594597,0.51,SB,thick_like,,unmatched,,,
SDSSJ121858.80+051018.1,SDSSJ121858800510181,,184.74501,5.171738,5.33,0.99,0.1857410881801125,5.383838383838384,0.07,SD,intermediate,,unmatched,,,
UGC07362,UGC07362,UGC_7362,184.813873,25.930231,10.35,1.91,0.1845410628019323,5.418848167539268,0.07,SD,intermediate,,unmatched,,,
PGC1644305,PGC1644305,PGC_1644305,184.860199,21.170179,6.17,3.08,0.4991896272285251,2.0032467532467533,0.35,SA,thick_like,,unmatched,,,
PGC2261059,PGC2261059,PGC_2261059,184.928741,45.215706,5.11,1.19,0.2328767123287671,4.294117647058824,0.11,SC,thick_like,,unmatched,,,
SDSSJ121946.02+195626.8,SDSSJ121946021956268,,184.941772,19.940805,4.06,0.97,0.2389162561576354,4.185567010309278,0.07,SD,thick_like,,unmatched,,,
2MASXJ12195094+2736102,2MASXJ121950942736102,,184.962219,27.60305,4.08,1.62,0.3970588235294118,2.5185185185185186,0.31,SB,thick_like,,unmatched,,,
PGC3294506,PGC3294506,PGC_3294506,184.975479,-2.248543,4.73,0.69,0.1458773784355179,6.855072463768117,0.05,SD,intermediate,,unmatched,,,
SDSSJ121954.35+052607.8,SDSSJ121954350526078,,184.97644,5.435507,5.61,0.94,0.1675579322638146,5.968085106382979,0.12,SB,intermediate,,unmatched,,,
SDSSJ121956.94+265014.1,SDSSJ121956942650141,,184.987366,26.837727,3.28,1.05,0.3201219512195122,3.123809523809524,0.08,SC,thick_like,,unmatched,,,
PGC2418589,PGC2418589,PGC_2418589,185.001648,52.5839,4.56,0.87,0.1907894736842105,5.241379310344827,0.09,SD,intermediate,,unmatched,,,
PGC1832655,PGC1832655,PGC_1832655,185.010452,28.327175,3.7,1.76,0.4756756756756756,2.1022727272727275,0.36,SB,thick_like,,unmatched,,,
PGC2598408,PGC2598408,PGC_2598408,185.046844,60.133022,3.85,1.56,0.4051948051948052,2.467948717948718,0.37,SA,thick_like,,unmatched,,,
UGC07392,UGC07392,UGC_7392,185.072876,48.137669,7.06,3.87,0.548158640226629,1.8242894056847545,0.07,SC,thick_like,,unmatched,,,
UGC07387,UGC07387,UGC_7387,185.072968,4.202956,20.31,4.48,0.2205809945839488,4.533482142857142,0.06,SD,thick_like,,unmatched,,,
UGC07394,UGC07394,UGC_7394,185.115265,1.469741,23.94,3.99,0.1666666666666666,6.0,0.05,SD,intermediate,,unmatched,,,
PGC1119291,PGC1119291,PGC_1119291,185.12645,-1.410063,5.03,1.66,0.3300198807157057,3.030120481927711,0.1,SC,thick_like,,unmatched,,,
PGC1153797,PGC1153797,PGC_1153797,185.165421,-0.025817,4.58,1.81,0.3951965065502184,2.530386740331492,0.1,SB,thick_like,,unmatched,,,
NED,NED,,185.175842,20.399611,4.4,0.7,0.159090909090909,6.285714285714287,0.04,IR,intermediate,,unmatched,,,
NED,NED,,185.185867,59.649124,8.22,0.82,0.0997566909975669,10.02439024390244,0.05,SD,thin_like,,unmatched,,,
SDSSJ122045.97+115340.5,SDSSJ122045971153405,,185.191574,11.894594,4.68,1.46,0.3119658119658119,3.2054794520547945,0.06,SC,thick_like,,unmatched,,,
SDSSJ122054.12+332103.2,SDSSJ122054123321032,,185.225479,33.350906,3.94,1.08,0.2741116751269036,3.648148148148148,0.06,SC,thick_like,,unmatched,,,
PGC1925843,PGC1925843,PGC_1925843,185.249756,30.968075,7.02,1.22,0.1737891737891738,5.754098360655737,0.06,SD,intermediate,,unmatched,,,
SDSSJ122103.40+630918.0,SDSSJ122103406309180,,185.264099,63.155048,3.1,1.19,0.3838709677419354,2.6050420168067228,0.11,SC,thick_like,,unmatched,,,
SDSSJ122105.00+665715.7,SDSSJ122105006657157,,185.271713,66.954422,8.45,1.0,0.1183431952662722,8.45,0.08,SD,intermediate,,unmatched,,,
PGC39902,PGC39902,PGC_39902,185.273849,0.55283,6.45,4.18,0.6480620155038759,1.543062200956938,0.1,SC,thick_like,,unmatched,,,
PGC39894,PGC39894,PGC_39894,185.275253,11.595314,6.32,3.43,0.5427215189873418,1.8425655976676385,0.09,SC,thick_like,,unmatched,,,
PGC2012165,PGC2012165,PGC_2012165,185.319595,32.782074,4.9,1.81,0.3693877551020408,2.707182320441989,0.08,SD,thick_like,,unmatched,,,
2MASXJ12211761+0936509,2MASXJ122117610936509,,185.32341,9.614245,4.86,0.92,0.1893004115226337,5.282608695652174,0.12,SB,intermediate,,unmatched,,,
PGC2409120,PGC2409120,PGC_2409120,185.326385,52.200985,4.35,1.56,0.3586206896551724,2.7884615384615383,0.2,SC,thick_like,,unmatched,,,
NED,NED,,185.425781,14.598994,45.2,13.82,0.3057522123893805,3.270622286541245,0.07,SC,thick_like,,unmatched,,,
IC03203,IC03203,IC_3203,185.440109,25.884655,11.17,2.91,0.2605192479856759,3.838487972508591,0.32,SB,thick_like,,unmatched,,,
PGC2463836,PGC2463836,PGC_2463836,185.444702,54.241146,5.16,1.16,0.2248062015503875,4.448275862068966,0.06,SD,thick_like,,unmatched,,,
2MASXJ12220520+2647071,2MASXJ122205202647071,,185.521729,26.785784,5.29,1.61,0.3043478260869565,3.2857142857142856,0.1,SD,thick_like,,unmatched,,,
NGC04307,NGC04307,NGC_4307,185.523682,9.043633,26.54,10.78,0.4061793519216277,2.461966604823748,0.13,SD,thick_like,,unmatched,,,
SDSSJ122213.63+281440.6,SDSSJ122213632814406,,185.556824,28.244629,3.83,1.29,0.3368146214099217,2.9689922480620154,0.09,SC,thick_like,,unmatched,,,
PGC1197186,PGC1197186,PGC_1197186,185.623871,1.513593,5.2,1.92,0.3692307692307692,2.708333333333333,0.33,SB,thick_like,,unmatched,,,
PGC2597809,PGC2597809,PGC_2597809,185.636978,60.083725,6.55,2.11,0.3221374045801526,3.104265402843602,0.09,SC,thick_like,,unmatched,,,
PGC1182092,PGC1182092,PGC_1182092,185.639008,1.020337,7.19,1.8,0.2503477051460361,3.994444444444445,0.18,SB,thick_like,,unmatched,,,
SDSSJ122237.76+604011.3,SDSSJ122237766040113,,185.657516,60.669777,5.62,1.89,0.3362989323843416,2.973544973544974,0.06,SC,thick_like,,unmatched,,,
PGC1643874,PGC1643874,PGC_1643874,185.660294,21.149969,5.22,1.33,0.2547892720306514,3.9248120300751874,0.1,SC,thick_like,,unmatched,,,
SDSSJ122239.57+103225.0,SDSSJ122239571032250,,185.664856,10.540308,3.7,1.2,0.3243243243243243,3.083333333333333,0.13,SA,thick_like,,unmatched,,,
PGC2557094,PGC2557094,PGC_2557094,185.667831,57.101311,4.22,1.55,0.3672985781990521,2.72258064516129,0.12,SC,thick_like,,unmatched,,,
2MASXJ12225387+1838458,2MASXJ122253871838458,,185.724457,18.645931,5.97,2.0,0.3350083752093802,2.985,0.4,SA,thick_like,,unmatched,,,
PGC1108662,PGC1108662,PGC_1108662,185.792633,-1.838075,3.07,1.27,0.4136807817589576,2.417322834645669,0.13,SB,thick_like,,unmatched,,,
IC03247,IC03247,IC_3247,185.808304,28.893759,19.04,5.2,0.273109243697479,3.661538461538461,0.05,SD,thick_like,,unmatched,,,
PGC2486111,PGC2486111,PGC_2486111,185.811295,54.967865,5.73,1.37,0.2390924956369982,4.182481751824818,0.08,SD,thick_like,,unmatched,,,
PGC165120,PGC165120,PGC_165120,185.811935,10.51137,4.49,2.29,0.510022271714922,1.960698689956332,0.43,SA,thick_like,,unmatched,,,
NGC04330,NGC04330,NGC_4330,185.820068,11.367765,72.18,9.54,0.1321695760598503,7.566037735849058,0.06,SD,intermediate,,unmatched,,,
PGC2204150,PGC2204150,PGC_2204150,185.849335,42.692177,4.4,1.58,0.359090909090909,2.7848101265822787,0.17,SB,thick_like,,unmatched,,,
PGC2698612,PGC2698612,PGC_2698612,185.86998,67.345245,4.06,2.02,0.4975369458128079,2.00990099009901,0.19,SC,thick_like,,unmatched,,,
PGC91195,PGC91195,PGC_91195,185.874893,2.00807,9.35,1.99,0.2128342245989304,4.698492462311558,0.05,SD,thick_like,,unmatched,,,
2MASXJ12233188+2446078,2MASXJ122331882446078,,185.882843,24.768806,3.22,1.24,0.3850931677018633,2.5967741935483875,0.14,SB,thick_like,,unmatched,,,
NGC04342,NGC04342,NGC_4342,185.912506,7.054016,8.84,7.51,0.8495475113122172,1.1770972037283622,0.68,SA,thick_like,,unmatched,,,
PGC2276534,PGC2276534,PGC_2276534,185.914688,46.166824,5.38,3.09,0.5743494423791822,1.7411003236245954,0.48,SA,thick_like,,unmatched,,,
PGC1121886,PGC1121886,PGC_1121886,185.936371,-1.305606,4.48,1.34,0.2991071428571428,3.343283582089553,0.19,SB,thick_like,,unmatched,,,
NED,NED,,185.940201,26.504591,4.46,0.69,0.1547085201793722,6.463768115942029,0.04,SD,intermediate,,unmatched,,,
PGC91196,PGC91196,PGC_91196,185.981705,32.95607,9.44,1.95,0.2065677966101695,4.841025641025641,0.06,SD,thick_like,,unmatched,,,
NGC04350,NGC04350,NGC_4350,185.991058,16.693434,23.23,17.11,0.7365475678002582,1.3576855639976622,0.61,SA,thick_like,,unmatched,,,
SDSSJ122358.96+434959.8,SDSSJ122358964349598,,185.993896,43.832657,5.15,1.41,0.2737864077669902,3.6524822695035466,0.09,SD,thick_like,,unmatched,,,
PGC1877496,PGC1877496,PGC_1877496,185.996429,29.768976,4.67,1.02,0.2184154175588865,4.578431372549019,0.05,SD,thick_like,,unmatched,,,
NGC04359,NGC04359,NGC_4359,186.046555,31.521957,20.99,12.73,0.6064792758456409,1.6488609583660645,0.18,SC,thick_like,,unmatched,,,
NGC04356,NGC04356,NGC_4356,186.060669,8.536476,36.15,6.45,0.1784232365145228,5.604651162790697,0.04,IR,intermediate,,unmatched,,,
PGC40341,PGC40341,PGC_40341,186.062271,46.301777,7.81,3.7,0.4737516005121639,2.110810810810811,0.38,SA,thick_like,,unmatched,,,
PGC1624947,PGC1624947,PGC_1624947,186.101196,20.358643,4.9,1.59,0.3244897959183673,3.0817610062893084,0.14,SB,thick_like,,unmatched,,,
PGC1980870,PGC1980870,PGC_1980870,186.143738,32.113216,4.23,1.37,0.3238770685579196,3.0875912408759123,0.13,SC,thick_like,,unmatched,,,
PGC40406,PGC40406,PGC_40406,186.146072,1.892348,8.0,4.66,0.5825,1.7167381974248928,0.31,SB,thick_like,,unmatched,,,
2MASXJ12243888+5802372,2MASXJ122438885802372,,186.16214,58.043903,4.87,1.5,0.3080082135523614,3.2466666666666666,0.12,SB,thick_like,,unmatched,,,
NGC04370,NGC04370,NGC_4370,186.22879,7.444781,11.59,17.8,1.5358067299396032,0.6511235955056179,0.26,SC,thick_like,,unmatched,,,
PGC1651655,PGC1651655,PGC_1651655,186.240433,21.518412,6.44,2.13,0.3307453416149068,3.023474178403756,0.27,SA,thick_like,,unmatched,,,
PGC2017877,PGC2017877,PGC_2017877,186.248169,32.934101,8.87,5.59,0.6302142051860203,1.586762075134168,0.31,SA,thick_like,,unmatched,,,
PGC1258637,PGC1258637,PGC_1258637,186.278381,3.791492,4.03,2.09,0.5186104218362282,1.9282296650717703,0.15,SC,thick_like,,unmatched,,,
SDSSJ122507.47+485542.0,SDSSJ122507474855420,,186.281326,48.928303,4.25,1.25,0.2941176470588235,3.4,0.08,SC,thick_like,,unmatched,,,
SDSSJ122507.54+190747.2,SDSSJ122507541907472,,186.281433,19.129799,3.44,0.86,0.25,4.0,0.1,SB,thick_like,,unmatched,,,
PGC40467,PGC40467,PGC_40467,186.283615,4.473371,12.35,2.36,0.1910931174089069,5.233050847457627,0.12,SB,intermediate,,unmatched,,,
2MASXJ12251563+3105211,2MASXJ122515633105211,,186.315125,31.089167,6.19,1.72,0.2778675282714055,3.5988372093023258,0.07,SD,thick_like,,unmatched,,,
PGC2278097,PGC2278097,PGC_2278097,186.351913,46.258324,5.31,0.87,0.1638418079096045,6.1034482758620685,0.08,SD,intermediate,,unmatched,,,
PGC2322249,PGC2322249,PGC_2322249,186.353363,48.644638,5.22,3.28,0.6283524904214559,1.5914634146341464,0.22,SB,thick_like,,unmatched,,,
PGC1684059,PGC1684059,PGC_1684059,186.370926,23.249367,4.3,0.73,0.1697674418604651,5.890410958904109,0.07,SD,intermediate,,unmatched,,,
PGC91198,PGC91198,PGC_91198,186.392059,36.149517,5.24,2.13,0.4064885496183206,2.4600938967136154,0.17,SB,thick_like,,unmatched,,,
PGC40552,PGC40552,PGC_40552,186.394913,45.431683,7.76,2.39,0.3079896907216495,3.246861924686192,0.08,SD,thick_like,,unmatched,,,
IC3322A,IC3322A,,186.426773,7.218492,23.47,7.02,0.2991052407328504,3.343304843304844,0.06,SD,thick_like,,unmatched,,,
SDSSJ122544.57+600734.7,SDSSJ122544576007347,,186.435745,60.126316,5.18,1.54,0.2972972972972973,3.3636363636363638,0.07,SC,thick_like,,unmatched,,,
PGC2212941,PGC2212941,PGC_2212941,186.487946,43.097027,8.38,1.55,0.1849642004773269,5.4064516129032265,0.08,SD,intermediate,,unmatched,,,
UGC07522,UGC07522,UGC_7522,186.493179,3.430271,30.75,6.01,0.1954471544715447,5.116472545757071,0.05,SD,intermediate,,unmatched,,,
2MASXJ12261502+0959543,2MASXJ122615020959543,,186.562683,9.998566,4.2,1.64,0.3904761904761904,2.5609756097560976,0.42,SA,thick_like,,unmatched,,,
PGC1351547,PGC1351547,PGC_1351547,186.590805,8.676073,3.21,1.62,0.5046728971962617,1.9814814814814812,0.14,SC,thick_like,,unmatched,,,
SDSSJ122628.98+470723.0,SDSSJ122628984707230,,186.620743,47.123062,5.8,1.1,0.1896551724137931,5.2727272727272725,0.05,SD,intermediate,,unmatched,,,
PGC1918125,PGC1918125,PGC_1918125,186.632477,30.79022,4.04,1.49,0.3688118811881188,2.7114093959731544,0.14,SB,thick_like,,unmatched,,,
SDSSJ122633.48+111516.6,SDSSJ122633481115166,,186.639526,11.254613,4.71,1.11,0.2356687898089172,4.243243243243243,0.09,SB,thick_like,,unmatched,,,
PGC92944,PGC92944,PGC_92944,186.664459,10.827802,7.17,1.76,0.2454672245467224,4.073863636363637,0.06,SD,thick_like,,unmatched,,,
NED,NED,,186.672989,24.183809,5.24,0.88,0.1679389312977099,5.954545454545455,0.08,SB,intermediate,,unmatched,,,
SDSSJ122644.06+292525.0,SDSSJ122644062925250,,186.683594,29.423618,2.91,1.01,0.3470790378006873,2.881188118811881,0.06,SC,thick_like,,unmatched,,,
PGC1646351,PGC1646351,PGC_1646351,186.692352,21.262945,6.1,1.63,0.2672131147540983,3.7423312883435584,0.08,SC,thick_like,,unmatched,,,
NGC04417,NGC04417,NGC_4417,186.710724,9.584327,21.46,11.23,0.5232991612301957,1.9109528049866429,0.41,SB,thick_like,,unmatched,,,
PGC1300473,PGC1300473,PGC_1300473,186.777573,6.425928,5.54,1.63,0.2942238267148014,3.3987730061349697,0.19,SB,thick_like,,unmatched,,,
PGC1851254,PGC1851254,PGC_1851254,186.786484,28.956533,5.13,2.03,0.3957115009746588,2.527093596059113,0.16,SC,thick_like,,unmatched,,,
NGC04425,NGC04425,NGC_4425,186.805573,12.734777,20.41,13.47,0.6599706026457619,1.5152190051967334,0.38,SB,thick_like,,unmatched,,,
IC03371,IC03371,IC_3371,186.842087,10.866553,11.2,2.93,0.2616071428571428,3.822525597269624,0.06,SD,thick_like,,unmatched,,,
NGC04429,NGC04429,NGC_4429,186.860046,11.10795,45.36,20.74,0.4572310405643738,2.187078109932498,0.21,SA,thick_like,,unmatched,,,
SDSSJ122728.15+091923.2,SDSSJ122728150919232,,186.86731,9.323118,6.3,1.05,0.1666666666666666,6.0,0.04,SD,intermediate,,unmatched,,,
PGC1851571,PGC1851571,PGC_1851571,187.000732,28.967039,3.83,1.47,0.3838120104438642,2.6054421768707483,0.11,SC,thick_like,,unmatched,,,
PGC1983383,PGC1983383,PGC_1983383,187.021835,32.162647,5.19,1.63,0.3140655105973025,3.184049079754601,0.28,SB,thick_like,,unmatched,,,
2MASXJ12280588+1836559,2MASXJ122805881836559,,187.024429,18.615496,5.96,2.43,0.4077181208053692,2.452674897119341,0.16,SB,thick_like,,unmatched,,,
UGC07588,UGC07588,UGC_7588,187.056427,13.570682,8.32,2.56,0.3076923076923077,3.25,0.07,SD,thick_like,,unmatched,,,
PGC2169388,PGC2169388,PGC_2169388,187.065384,40.682339,4.35,1.17,0.2689655172413793,3.717948717948718,0.1,SB,thick_like,,unmatched,,,
NGC04445,NGC04445,NGC_4445,187.066376,9.436317,18.79,6.85,0.3645556146886641,2.743065693430657,0.1,SD,thick_like,,unmatched,,,
SDSSJ122819.20+304532.8,SDSSJ122819203045328,,187.080048,30.759094,5.33,1.14,0.2138836772983114,4.675438596491229,0.07,SC,thick_like,,unmatched,,,
2MASXJ12282473+1159048,2MASXJ122824731159048,,187.103271,11.984527,5.17,0.82,0.1586073500967117,6.3048780487804885,0.1,SB,intermediate,,unmatched,,,
PGC1283542,PGC1283542,PGC_1283542,187.107132,5.444647,5.6,2.32,0.4142857142857142,2.413793103448276,0.09,SC,thick_like,,unmatched,,,
UGC07604,UGC07604,UGC_7604,187.15097,31.48197,13.85,2.6,0.187725631768953,5.326923076923077,0.05,SD,intermediate,,unmatched,,,
SDSSJ122841.37+113226.4,SDSSJ122841371132264,,187.172394,11.540684,6.01,1.17,0.194675540765391,5.136752136752137,0.05,SD,intermediate,,unmatched,,,
PGC3098122,PGC3098122,PGC_3098122,187.180603,28.201351,5.63,1.28,0.2273534635879218,4.3984375,0.07,SD,thick_like,,unmatched,,,
UGC07607,UGC07607,UGC_7607,187.217896,4.293037,18.07,2.88,0.1593801881571665,6.274305555555556,0.05,SD,intermediate,,unmatched,,,
PGC2371424,PGC2371424,PGC_2371424,187.225464,50.38298,4.01,1.75,0.4364089775561097,2.291428571428572,0.38,SB,thick_like,,unmatched,,,
SDSSJ122857.81+281211.3,SDSSJ122857812812113,,187.240875,28.203152,3.47,1.12,0.3227665706051873,3.0982142857142856,0.07,SC,thick_like,,unmatched,,,
PGC1379155,PGC1379155,PGC_1379155,187.268921,10.412269,5.25,1.89,0.36,2.777777777777778,0.1,SC,thick_like,,unmatched,,,
UGC07617,UGC07617,UGC_7617,187.276016,44.655247,21.81,4.14,0.1898211829436038,5.268115942028985,0.13,SB,intermediate,,unmatched,,,
PGC41125,PGC41125,PGC_41125,187.279007,0.581081,7.82,3.57,0.4565217391304347,2.1904761904761907,0.09,SC,thick_like,,unmatched,,,
UGC07618,UGC07618,UGC_7618,187.284241,57.91478,13.32,3.06,0.2297297297297297,4.352941176470588,0.06,SD,thick_like,,unmatched,,,
SDSSJ122912.83+344949.4,SDSSJ122912833449494,,187.303467,34.830395,3.89,0.85,0.2185089974293059,4.576470588235295,0.07,SD,thick_like,,unmatched,,,
2MASXJ12291881+2701191,2MASXJ122918812701191,,187.328445,27.021942,3.39,3.37,0.9941002949852508,1.0059347181008902,0.25,SB,thick_like,,unmatched,,,
NGC04469,NGC04469,NGC_4469,187.366272,8.750252,28.05,13.82,0.4926916221033868,2.029667149059334,0.19,SB,thick_like,,unmatched,,,
PGC2298914,PGC2298914,PGC_2298914,187.377075,47.477322,4.98,1.63,0.3273092369477911,3.055214723926381,0.27,SB,thick_like,,unmatched,,,
NED,NED,,187.400909,43.57085,5.31,0.98,0.1845574387947269,5.418367346938775,0.05,SD,intermediate,,unmatched,,,
PGC1127279,PGC1127279,PGC_1127279,187.401337,-1.080214,3.87,1.35,0.3488372093023256,2.8666666666666667,0.09,SC,thick_like,,unmatched,,,
PGC1229474,PGC1229474,PGC_1229474,187.456802,2.519046,3.52,2.64,0.75,1.3333333333333333,0.17,SB,thick_like,,unmatched,,,
NGC04474,NGC04474,NGC_4474,187.47316,14.068579,19.36,21.53,1.1120867768595042,0.8992104040873199,0.53,SA,thick_like,,unmatched,,,
PGC2291005,PGC2291005,PGC_2291005,187.479034,47.020424,3.13,1.38,0.4408945686900958,2.268115942028986,0.26,SB,thick_like,,unmatched,,,
2MASXJ12300661+2630281,2MASXJ123006612630281,,187.52774,26.50783,2.73,1.01,0.36996336996337,2.702970297029703,0.12,SB,thick_like,,unmatched,,,
NED,NED,,187.578766,16.642021,5.05,1.0,0.198019801980198,5.05,0.04,SD,intermediate,,unmatched,,,
PGC1846477,PGC1846477,PGC_1846477,187.609177,28.80468,4.92,1.83,0.3719512195121951,2.6885245901639343,0.18,SB,thick_like,,unmatched,,,
PGC41348,PGC41348,PGC_41348,187.676529,52.939629,4.46,2.3,0.5156950672645739,1.9391304347826088,0.21,SB,thick_like,,unmatched,,,
2MASXJ12305195+2715379,2MASXJ123051952715379,,187.716553,27.260496,3.4,1.39,0.4088235294117647,2.446043165467626,0.28,SB,thick_like,,unmatched,,,
PGC2261138,PGC2261138,PGC_2261138,187.722397,45.21946,4.08,2.09,0.5122549019607843,1.952153110047847,0.22,SC,thick_like,,unmatched,,,
PGC3293270,PGC3293270,PGC_3293270,187.851837,1.490102,5.26,0.93,0.1768060836501901,5.655913978494623,0.06,SD,intermediate,,unmatched,,,
SDSSJ123129.28+594509.7,SDSSJ123129285945097,,187.871994,59.752735,6.08,1.0,0.1644736842105263,6.08,0.05,SD,intermediate,,unmatched,,,
PGC41453,PGC41453,PGC_41453,187.878754,31.07634,3.47,1.68,0.4841498559077809,2.0654761904761907,0.1,SC,thick_like,,unmatched,,,
AGC732155,AGC732155,,187.94841,25.988335,9.35,1.39,0.148663101604278,6.726618705035971,0.04,SD,intermediate,,unmatched,,,
NED,NED,,187.956482,16.702143,5.26,0.99,0.188212927756654,5.313131313131313,0.05,SD,intermediate,,unmatched,,,
PGC91205,PGC91205,PGC_91205,187.984299,52.579147,5.71,1.99,0.3485113835376532,2.869346733668342,0.21,SB,thick_like,,unmatched,,,
2MASXJ12321724+2717263,2MASXJ123217242717263,,188.071945,27.290667,3.91,1.67,0.4271099744245524,2.341317365269461,0.29,SB,thick_like,,unmatched,,,
PGC1147239,PGC1147239,PGC_1147239,188.089157,-0.283353,6.56,1.23,0.1875,5.333333333333333,0.12,SB,intermediate,,unmatched,,,
UGC07702,UGC07702,UGC_7702,188.184982,65.265549,11.54,2.41,0.2088388214904679,4.788381742738588,0.11,SB,thick_like,,unmatched,,,
NGC04437,NGC04437,NGC_4437,188.190063,0.11573,94.51,21.6,0.2285472436779176,4.375462962962963,0.06,IR,thick_like,,unmatched,,,
SDSSJ123257.34+110138.4,SDSSJ123257341101384,,188.238922,11.027351,5.7,0.93,0.1631578947368421,6.129032258064516,0.06,SD,intermediate,,unmatched,,,
PGC1274127,PGC1274127,PGC_1274127,188.248398,4.843835,4.17,1.77,0.4244604316546763,2.3559322033898304,0.13,SC,thick_like,,unmatched,,,
NED,NED,,188.269623,16.651379,4.6,0.63,0.1369565217391304,7.301587301587301,0.05,SD,intermediate,,unmatched,,,
2MASXJ12330837+0424526,2MASXJ123308370424526,,188.284973,4.414413,7.56,1.16,0.1534391534391534,6.517241379310345,0.08,SB,intermediate,,unmatched,,,
SDSSJ123316.39+025733.3,SDSSJ123316390257333,,188.318314,2.959261,5.19,1.14,0.2196531791907514,4.552631578947369,0.06,SC,thick_like,,unmatched,,,
PGC1183258,PGC1183258,PGC_1183258,188.339203,1.059224,4.38,2.64,0.6027397260273973,1.659090909090909,0.17,SC,thick_like,,unmatched,,,
PGC2159982,PGC2159982,PGC_2159982,188.391998,40.062325,6.97,1.31,0.187948350071736,5.3206106870229,0.09,SB,intermediate,,unmatched,,,
PGC1163643,PGC1163643,PGC_1163643,188.400208,0.348207,3.25,0.92,0.2830769230769231,3.532608695652174,0.06,SD,thick_like,,unmatched,,,
PGC1208051,PGC1208051,PGC_1208051,188.488525,1.853351,3.69,2.06,0.5582655826558266,1.79126213592233,0.1,SB,thick_like,,unmatched,,,
PGC1707227,PGC1707227,PGC_1707227,188.541565,24.434856,5.01,1.45,0.2894211576846307,3.4551724137931035,0.27,SB,thick_like,,unmatched,,,
IC03516,IC03516,IC_3516,188.571426,27.452311,11.74,2.15,0.1831345826235093,5.46046511627907,0.29,SB,intermediate,,unmatched,,,
SDSSJ123420.10+524404.6,SDSSJ123420105244046,,188.583694,52.734638,6.33,1.29,0.2037914691943128,4.906976744186046,0.05,SC,thick_like,,unmatched,,,
NGC04533,NGC04533,NGC_4533,188.591766,2.325347,15.97,7.12,0.445835942391985,2.242977528089888,0.16,SC,thick_like,,unmatched,,,
SDSSJ123429.19+112757.7,SDSSJ123429191127577,,188.621597,11.46604,5.23,0.77,0.147227533460803,6.792207792207793,0.08,SD,intermediate,,unmatched,,,
PGC1235181,PGC1235181,PGC_1235181,188.643967,2.70479,5.91,1.27,0.2148900169204737,4.653543307086614,0.1,SB,thick_like,,unmatched,,,
UGC07738,UGC07738,UGC_7738,188.647964,42.438049,12.66,2.5,0.1974723538704581,5.064,0.05,SD,intermediate,,unmatched,,,
PGC116816,PGC116816,PGC_116816,188.661667,-3.689624,4.02,1.65,0.4104477611940298,2.436363636363636,0.19,SC,thick_like,,unmatched,,,
PGC2575625,PGC2575625,PGC_2575625,188.664551,58.187717,4.84,1.32,0.2727272727272727,3.6666666666666665,0.1,SC,thick_like,,unmatched,,,
UGC07743,UGC07743,UGC_7743,188.715195,27.645758,4.13,1.83,0.4430992736077482,2.256830601092896,0.09,SB,thick_like,,unmatched,,,
PGC1209029,PGC1209029,PGC_1209029,188.716125,1.883209,4.22,2.38,0.5639810426540285,1.773109243697479,0.09,SC,thick_like,,unmatched,,,
SDSSJ123452.30+261029.8,SDSSJ123452302610298,,188.717926,26.174961,4.01,1.31,0.3266832917705736,3.061068702290076,0.09,SC,thick_like,,unmatched,,,
PGC91210,PGC91210,PGC_91210,188.747482,36.059883,10.17,1.67,0.1642084562438544,6.089820359281437,0.05,SD,intermediate,,unmatched,,,
PGC2202441,PGC2202441,PGC_2202441,188.773727,42.611813,6.49,1.14,0.1756548536209553,5.692982456140352,0.07,SD,intermediate,,unmatched,,,
AGC226416,AGC226416,,188.791626,8.677504,4.52,1.3,0.2876106194690266,3.476923076923077,0.06,SD,thick_like,,unmatched,,,
PGC41921,PGC41921,PGC_41921,188.824875,6.543333,6.1,3.28,0.5377049180327869,1.859756097560976,0.47,SA,thick_like,,unmatched,,,
UGC07752,UGC07752,UGC_7752,188.876587,-2.326996,8.46,5.91,0.6985815602836879,1.4314720812182742,0.32,SB,thick_like,,unmatched,,,
NGC04550,NGC04550,NGC_4550,188.877197,12.221072,17.47,12.74,0.7292501431024614,1.3712715855572997,0.47,SB,thick_like,,unmatched,,,
NGC04544,NGC04544,NGC_4544,188.90239,3.034527,15.48,9.99,0.6453488372093024,1.5495495495495497,0.25,SC,thick_like,,unmatched,,,
NGC4565C,NGC4565C,,188.922607,26.285831,10.13,2.06,0.2033563672260612,4.91747572815534,0.05,SD,thick_like,,unmatched,,,
SDSSJ123544.54+081951.4,SDSSJ123544540819514,,188.935593,8.330969,3.76,0.95,0.2526595744680851,3.957894736842105,0.08,SD,thick_like,,unmatched,,,
PGC1093609,PGC1093609,PGC_1093609,188.958374,-2.384711,5.29,1.7,0.3213610586011342,3.111764705882353,0.17,SA,thick_like,,unmatched,,,
PGC91211,PGC91211,PGC_91211,188.967621,44.702072,5.26,1.33,0.2528517110266159,3.954887218045113,0.13,SB,thick_like,,unmatched,,,
PGC1946988,PGC1946988,PGC_1946988,188.969757,31.434181,4.28,2.17,0.5070093457943925,1.9723502304147469,0.23,SC,thick_like,,unmatched,,,
PGC1207287,PGC1207287,PGC_1207287,188.99437,1.831392,3.84,1.54,0.4010416666666667,2.493506493506493,0.26,SB,thick_like,,unmatched,,,
2MASXJ12360084+5753230,2MASXJ123600845753230,,189.003403,57.889839,4.19,1.56,0.3723150357995226,2.685897435897436,0.38,SB,thick_like,,unmatched,,,
UGC07770,UGC07770,UGC_7770,189.070862,20.998732,10.94,2.79,0.2550274223034735,3.921146953405018,0.07,SD,thick_like,,unmatched,,,
UGC07774,UGC07774,UGC_7774,189.094238,40.005466,22.33,6.52,0.2919838781907747,3.4248466257668717,0.05,SD,thick_like,,unmatched,,,
2MASXJ12362645+2916408,2MASXJ123626452916408,,189.110199,29.278149,7.71,1.07,0.1387808041504539,7.205607476635514,0.04,SD,intermediate,,unmatched,,,
PGC169611,PGC169611,PGC_169611,189.138382,10.468192,4.43,1.65,0.3724604966139955,2.684848484848485,0.2,SB,thick_like,,unmatched,,,
SDSSJ123644.19+163555.3,SDSSJ123644191635553,,189.184158,16.598707,5.61,0.97,0.1729055258467023,5.783505154639176,0.05,SD,intermediate,,unmatched,,,
IC03587,IC03587,IC_3587,189.200806,27.548826,13.81,2.64,0.1911658218682114,5.231060606060606,0.05,SD,intermediate,,unmatched,,,
NGC04570,NGC04570,NGC_4570,189.222427,7.246595,29.04,12.86,0.4428374655647383,2.2581648522550544,0.52,SA,thick_like,,unmatched,,,
2MASXJ12365833+1224204,2MASXJ123658331224204,,189.242935,12.405641,3.86,0.79,0.2046632124352331,4.886075949367088,0.07,SB,thick_like,,unmatched,,,
2MASXJ12365939+3018455,2MASXJ123659393018455,,189.247528,30.312672,4.04,1.47,0.3638613861386138,2.748299319727891,0.11,SB,thick_like,,unmatched,,,
PGC2685774,PGC2685774,PGC_2685774,189.350189,66.306015,3.85,0.84,0.2181818181818181,4.583333333333334,0.05,SD,thick_like,,unmatched,,,
PGC1800824,PGC1800824,PGC_1800824,189.361908,27.202427,3.78,1.71,0.4523809523809524,2.210526315789473,0.12,SC,thick_like,,unmatched,,,
PGC1697497,PGC1697497,PGC_1697497,189.398163,23.98819,4.38,1.14,0.2602739726027397,3.842105263157895,0.09,SB,thick_like,,unmatched,,,
PGC169642,PGC169642,PGC_169642,189.404083,12.712899,4.41,1.17,0.2653061224489795,3.7692307692307696,0.08,SD,thick_like,,unmatched,,,
SDSSJ123738.94+101159.7,SDSSJ123738941011597,,189.412476,10.199853,4.16,0.94,0.2259615384615384,4.425531914893617,0.06,SD,thick_like,,unmatched,,,
PGC1110080,PGC1110080,PGC_1110080,189.432693,-1.786957,2.74,1.33,0.4854014598540145,2.0601503759398496,0.12,SC,thick_like,,unmatched,,,
SDSSJ123800.19+592219.3,SDSSJ123800195922193,,189.500824,59.372025,4.49,1.7,0.3786191536748329,2.641176470588236,0.1,SC,thick_like,,unmatched,,,
NED,NED,,189.515884,26.959627,6.57,1.7,0.258751902587519,3.8647058823529417,0.05,SC,thick_like,,unmatched,,,
PGC1144183,PGC1144183,PGC_1144183,189.526459,-0.403723,4.02,1.9,0.472636815920398,2.1157894736842104,0.07,SC,thick_like,,unmatched,,,
PGC1735520,PGC1735520,PGC_1735520,189.552414,25.4109,5.21,2.02,0.3877159309021113,2.5792079207920797,0.08,SC,thick_like,,unmatched,,,
PGC1185691,PGC1185691,PGC_1185691,189.563858,1.137568,4.38,2.25,0.5136986301369864,1.9466666666666663,0.16,SC,thick_like,,unmatched,,,
UGC07802,UGC07802,UGC_7802,189.586502,7.891316,15.5,4.78,0.3083870967741935,3.242677824267782,0.06,SD,thick_like,,unmatched,,,
PGC840410,PGC840410,PGC_840410,189.613266,-20.531578,4.56,1.13,0.2478070175438596,4.035398230088496,0.06,SD,thick_like,,unmatched,,,
SDSSJ123834.90+082139.9,SDSSJ123834900821399,,189.645462,8.361094,4.89,0.99,0.2024539877300613,4.9393939393939394,0.07,SD,thick_like,,unmatched,,,
PGC2292771,PGC2292771,PGC_2292771,189.650818,47.124905,4.88,2.35,0.4815573770491803,2.076595744680851,0.33,SB,thick_like,,unmatched,,,
PGC915317,PGC915317,PGC_915317,189.652832,-15.130144,5.11,2.42,0.4735812133072407,2.1115702479338845,0.06,SC,thick_like,,unmatched,,,
PGC1410755,PGC1410755,PGC_1410755,189.675858,12.504971,4.15,1.31,0.3156626506024096,3.16793893129771,0.12,SB,thick_like,,unmatched,,,
NED,NED,,189.681595,10.177422,4.47,0.72,0.1610738255033557,6.208333333333333,0.05,SD,intermediate,,unmatched,,,
PGC2182855,PGC2182855,PGC_2182855,189.681717,41.552158,9.12,3.0,0.3289473684210526,3.04,0.2,SC,thick_like,,unmatched,,,
PGC2203166,PGC2203166,PGC_2203166,189.705688,42.644768,4.86,2.5,0.51440329218107,1.944,0.28,SA,thick_like,,unmatched,,,
2MASXJ12390946+1913012,2MASXJ123909461913012,,189.789398,19.216955,5.83,1.93,0.3310463121783876,3.0207253886010363,0.26,SC,thick_like,,unmatched,,,
PGC42299,PGC42299,PGC_42299,189.792282,56.67131,5.45,2.49,0.4568807339449541,2.188755020080321,0.19,SC,thick_like,,unmatched,,,
2MASXJ12392300+1632016,2MASXJ123923001632016,,189.845764,16.533838,4.18,1.24,0.2966507177033493,3.3709677419354835,0.32,SB,thick_like,,unmatched,,,
PGC42354,PGC42354,PGC_42354,189.867386,4.267847,7.47,2.41,0.322623828647925,3.0995850622406635,0.16,SB,thick_like,,unmatched,,,
2MASXJ12400686+0935524,2MASXJ124006860935524,,190.028717,9.597789,6.13,2.3,0.3752039151712887,2.665217391304348,0.29,SB,thick_like,,unmatched,,,
2MASXJ12400868+1208489,2MASXJ124008681208489,,190.03598,12.146775,5.51,1.22,0.2214156079854809,4.516393442622951,0.06,SD,thick_like,,unmatched,,,
2MASXJ12401131+3306394,2MASXJ124011313306394,,190.047165,33.110893,4.97,2.21,0.4446680080482897,2.248868778280543,0.32,SB,thick_like,,unmatched,,,
PGC1822602,PGC1822602,PGC_1822602,190.066055,27.963556,4.56,1.17,0.2565789473684211,3.897435897435898,0.07,SD,thick_like,,unmatched,,,
NGC04599,NGC04599,NGC_4599,190.112885,1.196926,13.47,9.54,0.708240534521158,1.4119496855345914,0.48,SB,thick_like,,unmatched,,,
PGC1052319,PGC1052319,PGC_1052319,190.184586,-4.87417,4.79,1.21,0.2526096033402922,3.9586776859504136,0.08,SB,thick_like,,unmatched,,,
PGC2720006,PGC2720006,PGC_2720006,190.224167,68.547256,5.57,2.32,0.4165170556552962,2.4008620689655173,0.2,SC,thick_like,,unmatched,,,
NED,NED,,190.300766,11.886882,25.57,9.61,0.3758310520140789,2.660770031217482,0.08,IR,thick_like,,unmatched,,,
2MASXJ12411291+1836151,2MASXJ124112911836151,,190.303879,18.604095,4.92,1.75,0.3556910569105691,2.8114285714285714,0.22,SB,thick_like,,unmatched,,,
PGC1031504,PGC1031504,PGC_1031504,190.315048,-6.554791,2.9,1.46,0.503448275862069,1.9863013698630136,0.11,SC,thick_like,,unmatched,,,
PGC91218,PGC91218,PGC_91218,190.352234,-8.614639,7.55,1.54,0.2039735099337748,4.902597402597403,0.07,SD,thick_like,,unmatched,,,
PGC91219,PGC91219,PGC_91219,190.370499,-3.253723,6.91,1.53,0.2214182344428364,4.516339869281046,0.05,SD,thick_like,,unmatched,,,
PGC1869431,PGC1869431,PGC_1869431,190.377533,29.536089,4.48,1.6,0.3571428571428571,2.8000000000000003,0.12,SB,thick_like,,unmatched,,,
PGC2485396,PGC2485396,PGC_2485396,190.391006,54.944683,4.67,1.24,0.2655246252676659,3.766129032258065,0.26,SB,thick_like,,unmatched,,,
PGC157976,PGC157976,PGC_157976,190.417496,-12.635242,9.03,2.8,0.3100775193798449,3.225,0.32,SB,thick_like,,unmatched,,,
2MASXJ12414221+1852518,2MASXJ124142211852518,,190.425842,18.880896,4.49,1.4,0.3118040089086859,3.2071428571428573,0.33,SB,thick_like,,unmatched,,,
PGC116787,PGC116787,PGC_116787,190.427414,-2.759159,4.1,1.89,0.4609756097560976,2.1693121693121693,0.29,SB,thick_like,,unmatched,,,
PGC1045135,PGC1045135,PGC_1045135,190.428696,-5.405871,3.9,0.82,0.2102564102564102,4.7560975609756095,0.04,SD,thick_like,,unmatched,,,
2MASXJ12420645+3245390,2MASXJ124206453245390,,190.526947,32.760998,5.53,2.77,0.5009041591320073,1.996389891696751,0.18,SC,thick_like,,unmatched,,,
NGC04631,NGC04631,NGC_4631,190.531952,32.54147,100.42,32.31,0.3217486556462856,3.108016094088517,0.1,IR,thick_like,,unmatched,,,
IC00810,IC00810,IC_810,190.537842,12.596805,15.28,10.23,0.6695026178010471,1.493646138807429,0.26,SC,thick_like,,unmatched,,,
NGC04623,NGC04623,NGC_4623,190.544449,7.67687,13.07,6.6,0.5049732211170619,1.9803030303030305,0.18,SC,thick_like,,unmatched,,,
PGC2158666,PGC2158666,PGC_2158666,190.548386,39.976479,3.25,1.93,0.5938461538461538,1.6839378238341969,0.14,SC,thick_like,,unmatched,,,
PGC91221,PGC91221,PGC_91221,190.565674,39.564632,8.45,1.52,0.1798816568047337,5.559210526315789,0.03,SB,intermediate,,unmatched,,,
PGC2043902,PGC2043902,PGC_2043902,190.684708,34.104069,6.09,1.75,0.2873563218390804,3.48,0.1,SC,thick_like,,unmatched,,,
UGC07877,UGC07877,UGC_7877,190.696655,27.271931,6.03,3.29,0.5456053067993366,1.8328267477203648,0.24,SB,thick_like,,unmatched,,,
NGC04638,NGC04638,NGC_4638,190.697296,11.442403,9.94,7.67,0.7716297786720322,1.2959582790091264,0.47,SB,thick_like,,unmatched,,,
PGC91222,PGC91222,PGC_91222,190.725281,-0.498206,6.26,1.4,0.2236421725239616,4.471428571428572,0.09,SB,thick_like,,unmatched,,,
SDSSJ124255.73+312822.7,SDSSJ124255733128227,,190.732239,31.473,7.38,1.13,0.1531165311653116,6.5309734513274345,0.05,SD,intermediate,,unmatched,,,
SDSSJ124256.09-022832.9,SDSSJ124256090228329,,190.733704,-2.475822,3.67,0.93,0.2534059945504087,3.946236559139785,0.08,SC,thick_like,,unmatched,,,
PGC991257,PGC991257,PGC_991257,190.744919,-9.422275,5.25,1.98,0.3771428571428571,2.6515151515151514,0.27,SB,thick_like,,unmatched,,,
PGC91224,PGC91224,PGC_91224,190.782486,45.855396,10.34,1.73,0.167311411992263,5.976878612716763,0.05,SD,intermediate,,unmatched,,,
PGC2524003,PGC2524003,PGC_2524003,190.803101,56.057594,4.32,1.96,0.4537037037037036,2.204081632653061,0.25,SB,thick_like,,unmatched,,,
PGC1399187,PGC1399187,PGC_1399187,190.817978,11.817013,5.8,1.88,0.3241379310344827,3.0851063829787235,0.3,SB,thick_like,,unmatched,,,
PGC91223,PGC91223,PGC_91223,190.826324,-7.009878,9.98,1.13,0.1132264529058116,8.831858407079647,0.03,IR,intermediate,,unmatched,,,
2MASXJ12431995+3402568,2MASXJ124319953402568,,190.832443,34.049316,3.36,0.97,0.2886904761904762,3.463917525773196,0.12,SD,thick_like,,unmatched,,,
PGC1265757,PGC1265757,PGC_1265757,190.854691,4.261331,4.67,1.56,0.3340471092077088,2.993589743589744,0.11,SB,thick_like,,unmatched,,,
PGC1108435,PGC1108435,PGC_1108435,190.864166,-1.846858,4.06,1.32,0.3251231527093596,3.0757575757575752,0.16,SB,thick_like,,unmatched,,,
PGC887728,PGC887728,PGC_887728,190.969925,-17.169436,9.15,2.86,0.3125683060109289,3.1993006993007,0.26,SB,thick_like,,unmatched,,,
PGC1158721,PGC1158721,PGC_1158721,190.974594,0.166774,6.46,2.02,0.3126934984520124,3.198019801980198,0.19,SB,thick_like,,unmatched,,,
PGC1356199,PGC1356199,PGC_1356199,191.006332,8.91745,5.57,1.48,0.2657091561938958,3.7635135135135136,0.07,SD,thick_like,,unmatched,,,
PGC904143,PGC904143,PGC_904143,191.006973,-15.965793,6.39,1.97,0.3082942097026604,3.243654822335025,0.07,SD,thick_like,,unmatched,,,
PGC1962195,PGC1962195,PGC_1962195,191.024551,31.743263,3.4,0.93,0.2735294117647059,3.655913978494624,0.07,SB,thick_like,,unmatched,,,
PGC920550,PGC920550,PGC_920550,191.092316,-14.743044,6.39,0.97,0.1517996870109546,6.587628865979381,0.04,SD,intermediate,,unmatched,,,
SDSSJ124430.13+615114.3,SDSSJ124430136151143,,191.125656,61.854,4.37,1.07,0.2448512585812357,4.08411214953271,0.06,SD,thick_like,,unmatched,,,
PGC1177370,PGC1177370,PGC_1177370,191.131775,0.855904,4.82,0.95,0.1970954356846472,5.0736842105263165,0.08,SD,intermediate,,unmatched,,,
2MASXJ12444070+3404385,2MASXJ124440703404385,,191.169739,34.077354,4.76,1.77,0.3718487394957983,2.6892655367231635,0.39,SB,thick_like,,unmatched,,,
NED,NED,,191.170578,-22.419542,5.43,1.74,0.3204419889502762,3.1206896551724137,0.06,SD,thick_like,,unmatched,,,
PGC1044233,PGC1044233,PGC_1044233,191.212982,-5.477212,3.67,1.26,0.3433242506811989,2.912698412698413,0.1,SC,thick_like,,unmatched,,,
PGC1004459,PGC1004459,PGC_1004459,191.290039,-8.380593,5.77,1.71,0.2963604852686308,3.374269005847953,0.1,SC,thick_like,,unmatched,,,
PGC1121185,PGC1121185,PGC_1121185,191.303848,-1.333972,5.18,1.72,0.332046332046332,3.011627906976744,0.27,SB,thick_like,,unmatched,,,
SDSSJ124521.34+283527.1,SDSSJ124521342835271,,191.338928,28.590862,3.18,1.09,0.3427672955974843,2.9174311926605503,0.11,SC,thick_like,,unmatched,,,
PGC1279971,PGC1279971,PGC_1279971,191.342438,5.219755,4.99,1.03,0.2064128256513026,4.844660194174757,0.15,SB,thick_like,,unmatched,,,
PGC42992,PGC42992,PGC_42992,191.34967,9.086223,5.48,3.13,0.5711678832116788,1.7507987220447283,0.42,SA,thick_like,,unmatched,,,
PGC860973,PGC860973,PGC_860973,191.399857,-19.00865,5.58,1.62,0.2903225806451613,3.444444444444444,0.1,SC,thick_like,,unmatched,,,
SDSSJ124540.67+154351.0,SDSSJ124540671543510,,191.419464,15.730842,4.54,0.74,0.1629955947136563,6.135135135135135,0.07,SD,intermediate,,unmatched,,,
2MASXJ12455391+1810488,2MASXJ124553911810488,,191.474686,18.18038,3.91,1.02,0.2608695652173913,3.8333333333333335,0.09,SB,thick_like,,unmatched,,,
PGC2074629,PGC2074629,PGC_2074629,191.493896,36.079193,4.74,1.3,0.2742616033755274,3.646153846153846,0.21,SB,thick_like,,unmatched,,,
PGC1343300,PGC1343300,PGC_1343300,191.585434,8.271959,4.69,1.41,0.300639658848614,3.3262411347517733,0.1,SC,thick_like,,unmatched,,,
PGC1264395,PGC1264395,PGC_1264395,191.600479,4.162674,4.64,1.08,0.2327586206896552,4.296296296296296,0.07,SD,thick_like,,unmatched,,,
PGC92948,PGC92948,PGC_92948,191.603409,11.949563,5.24,1.23,0.2347328244274809,4.260162601626017,0.08,SD,thick_like,,unmatched,,,
PGC1168163,PGC1168163,PGC_1168163,191.610397,0.522571,3.52,2.31,0.65625,1.5238095238095235,0.22,SA,thick_like,,unmatched,,,
PGC965145,PGC965145,PGC_965145,191.633423,-11.489782,3.67,1.02,0.2779291553133515,3.598039215686274,0.1,SC,thick_like,,unmatched,,,
PGC1400548,PGC1400548,PGC_1400548,191.665848,11.899884,4.7,1.14,0.2425531914893616,4.1228070175438605,0.06,SD,thick_like,,unmatched,,,
PGC158089,PGC158089,PGC_158089,191.693115,-10.432073,4.21,1.28,0.3040380047505938,3.2890625,0.24,SB,thick_like,,unmatched,,,
PGC158094,PGC158094,PGC_158094,191.706818,-17.908653,7.17,1.96,0.2733612273361227,3.6581632653061225,0.31,SB,thick_like,,unmatched,,,
PGC1263973,PGC1263973,PGC_1263973,191.709061,4.13525,5.38,1.12,0.20817843866171,4.803571428571428,0.14,SB,thick_like,,unmatched,,,
PGC1893984,PGC1893984,PGC_1893984,191.728973,30.193691,5.62,1.48,0.2633451957295373,3.797297297297298,0.12,SD,thick_like,,unmatched,,,
PGC91228,PGC91228,PGC_91228,191.752701,32.6516,8.37,2.49,0.2974910394265233,3.3614457831325297,0.04,SD,thick_like,,unmatched,,,
PGC1263992,PGC1263992,PGC_1263992,191.784058,4.136069,4.79,1.02,0.2129436325678496,4.696078431372549,0.06,SD,thick_like,,unmatched,,,
PGC3094110,PGC3094110,PGC_3094110,191.816681,-18.55422,5.06,2.24,0.4426877470355732,2.258928571428571,0.44,SA,thick_like,,unmatched,,,
UGC07959,UGC07959,UGC_7959,191.92485,26.981617,11.0,5.36,0.4872727272727273,2.0522388059701493,0.57,SB,thick_like,,unmatched,,,
PGC43184,PGC43184,PGC_43184,191.932358,9.889223,6.08,2.61,0.4292763157894737,2.3295019157088124,0.34,SA,thick_like,,unmatched,,,
PGC1395931,PGC1395931,PGC_1395931,192.03241,11.595274,4.04,1.05,0.2599009900990099,3.8476190476190473,0.12,SB,thick_like,,unmatched,,,
PGC1793023,PGC1793023,PGC_1793023,192.038712,26.939184,5.22,2.28,0.4367816091954022,2.2894736842105265,0.34,SB,thick_like,,unmatched,,,
SDSSJ124819.04+351240.4,SDSSJ124819043512404,,192.079346,35.211235,4.05,1.31,0.3234567901234568,3.091603053435114,0.07,SC,thick_like,,unmatched,,,
PGC2232568,PGC2232568,PGC_2232568,192.110718,43.931553,3.47,1.33,0.3832853025936599,2.609022556390977,0.1,SB,thick_like,,unmatched,,,
PGC1318818,PGC1318818,PGC_1318818,192.144287,7.312377,7.13,1.54,0.2159887798036465,4.62987012987013,0.08,SB,thick_like,,unmatched,,,
PGC2146331,PGC2146331,PGC_2146331,192.144287,39.25198,7.1,0.81,0.1140845070422535,8.765432098765432,0.05,SD,intermediate,,unmatched,,,
PGC961540,PGC961540,PGC_961540,192.160782,-11.800481,5.03,1.93,0.3836978131212723,2.6062176165803117,0.12,SC,thick_like,,unmatched,,,
NED,NED,,192.202271,4.67735,7.28,1.08,0.1483516483516483,6.7407407407407405,0.04,SD,intermediate,,unmatched,,,
PGC91230,PGC91230,PGC_91230,192.213394,28.968039,6.38,1.28,0.2006269592476489,4.984375,0.09,SB,thick_like,,unmatched,,,
PGC1367048,PGC1367048,PGC_1367048,192.293427,9.576257,4.03,1.87,0.4640198511166253,2.1550802139037435,0.32,SB,thick_like,,unmatched,,,
PGC183301,PGC183301,PGC_183301,192.336426,-9.502322,11.27,3.41,0.3025732031943212,3.304985337243401,0.08,SD,thick_like,,unmatched,,,
PGC1788340,PGC1788340,PGC_1788340,192.3564,26.786482,4.73,1.08,0.2283298097251585,4.37962962962963,0.11,SC,thick_like,,unmatched,,,
PGC1262463,PGC1262463,PGC_1262463,192.370865,4.033263,7.52,1.18,0.1569148936170212,6.372881355932203,0.04,SD,intermediate,,unmatched,,,
NGC04710,NGC04710,NGC_4710,192.412186,15.165457,30.43,14.01,0.4604009201445941,2.172019985724482,0.32,IR,thick_like,,unmatched,,,
PGC183316,PGC183316,PGC_183316,192.412857,-3.856407,5.41,1.67,0.3086876155268022,3.2395209580838324,0.11,SD,thick_like,,unmatched,,,
UGC07982,UGC07982,UGC_7982,192.459229,2.851268,27.48,8.71,0.316957787481805,3.154994259471871,0.12,SD,thick_like,,unmatched,,,
PGC92368,PGC92368,PGC_92368,192.486465,-22.105949,7.34,1.76,0.2397820163487738,4.170454545454545,0.07,SC,thick_like,,unmatched,,,
2MASXJ12501723+3546390,2MASXJ125017233546390,,192.571793,35.777401,5.23,1.71,0.3269598470363288,3.058479532163743,0.33,SB,thick_like,,unmatched,,,
NGC04721,NGC04721,NGC_4721,192.582993,27.323992,6.53,3.5,0.5359877488514548,1.8657142857142857,0.49,SB,thick_like,,unmatched,,,
UGC07991,UGC07991,UGC_7991,192.662704,1.463278,18.74,4.73,0.2524012806830309,3.9619450317124727,0.04,SD,thick_like,,unmatched,,,
PGC1852109,PGC1852109,PGC_1852109,192.679855,28.983809,6.07,1.59,0.2619439868204283,3.8176100628930816,0.1,SD,thick_like,,unmatched,,,
PGC2163812,PGC2163812,PGC_2163812,192.700394,40.303577,4.52,1.27,0.2809734513274337,3.559055118110236,0.06,SD,thick_like,,unmatched,,,
PGC43529,PGC43529,PGC_43529,192.841614,27.443775,6.62,3.06,0.4622356495468278,2.1633986928104574,0.41,SB,thick_like,,unmatched,,,
PGC1269470,PGC1269470,PGC_1269470,193.023788,4.528016,3.39,1.51,0.4454277286135693,2.2450331125827816,0.4,SB,thick_like,,unmatched,,,
PGC1213521,PGC1213521,PGC_1213521,193.089569,2.024467,6.9,1.2,0.1739130434782608,5.750000000000001,0.09,SB,intermediate,,unmatched,,,
PGC1777778,PGC1777778,PGC_1777778,193.101349,26.477419,4.44,1.48,0.3333333333333333,3.0000000000000004,0.14,SC,thick_like,,unmatched,,,
SDSSJ125225.56+301954.5,SDSSJ125225563019545,,193.106491,30.331675,4.4,1.12,0.2545454545454546,3.928571428571429,0.07,SC,thick_like,,unmatched,,,
PGC1346558,PGC1346558,PGC_1346558,193.120956,8.425446,4.28,1.39,0.3247663551401868,3.0791366906474824,0.25,SB,thick_like,,unmatched,,,
[SDV2005]242,SDV2005242,,193.196777,11.583209,7.25,0.56,0.0772413793103448,12.94642857142857,0.04,SD,thin_like,,unmatched,,,
NGC04762,NGC04762,NGC_4762,193.233139,11.230852,65.09,8.86,0.1361192195421723,7.346501128668172,0.12,SC,intermediate,,unmatched,,,
PGC43741,PGC43741,PGC_43741,193.245987,26.720388,4.3,2.02,0.4697674418604651,2.128712871287129,0.18,SB,thick_like,,unmatched,,,
PGC91232,PGC91232,PGC_91232,193.341583,26.772509,7.08,1.37,0.193502824858757,5.167883211678832,0.15,SB,intermediate,,unmatched,,,
PGC1091209,PGC1091209,PGC_1091209,193.455261,-2.466791,3.68,1.02,0.2771739130434782,3.607843137254902,0.13,SB,thick_like,,unmatched,,,
2MASXJ12540386+4847033,2MASXJ125403864847033,,193.515778,48.784084,5.12,1.11,0.216796875,4.612612612612613,0.04,SC,thick_like,,unmatched,,,
PGC2633614,PGC2633614,PGC_2633614,193.555252,62.264809,3.31,1.99,0.6012084592145015,1.6633165829145728,0.36,SA,thick_like,,unmatched,,,
PGC1235918,PGC1235918,PGC_1235918,193.567062,2.733191,4.45,1.31,0.2943820224719101,3.3969465648854964,0.14,SC,thick_like,,unmatched,,,
PGC2589579,PGC2589579,PGC_2589579,193.60994,59.363819,5.5,2.17,0.3945454545454545,2.5345622119815667,0.18,SC,thick_like,,unmatched,,,
SDSSJ125434.36+360031.4,SDSSJ125434363600314,,193.643127,36.008617,4.31,1.04,0.2412993039443155,4.144230769230768,0.08,SD,thick_like,,unmatched,,,
UGC08032,UGC08032,UGC_8032,193.684128,13.237264,17.64,9.06,0.5136054421768708,1.9470198675496688,0.1,SC,thick_like,,unmatched,,,
PGC1310002,PGC1310002,PGC_1310002,193.720688,6.913378,4.08,2.0,0.4901960784313725,2.04,0.11,SC,thick_like,,unmatched,,,
PGC91237,PGC91237,PGC_91237,193.741058,30.708092,7.12,1.97,0.2766853932584269,3.6142131979695433,0.09,SC,thick_like,,unmatched,,,
SDSSJ125520.77+050627.5,SDSSJ125520770506275,,193.836563,5.10764,4.51,1.26,0.2793791574279379,3.579365079365079,0.09,SD,thick_like,,unmatched,,,
PGC1593985,PGC1593985,PGC_1593985,193.927994,19.483711,5.27,1.62,0.3074003795066414,3.2530864197530858,0.1,SB,thick_like,,unmatched,,,
PGC91239,PGC91239,PGC_91239,193.946396,59.364441,8.94,1.91,0.2136465324384787,4.680628272251309,0.22,SB,thick_like,,unmatched,,,
PGC1830651,PGC1830651,PGC_1830651,193.949265,28.2561,6.81,2.1,0.3083700440528634,3.2428571428571424,0.24,SB,thick_like,,unmatched,,,
PGC1334625,PGC1334625,PGC_1334625,193.981567,7.929194,5.85,1.49,0.2547008547008547,3.926174496644295,0.07,SD,thick_like,,unmatched,,,
PGC1233842,PGC1233842,PGC_1233842,193.994934,2.659622,4.71,1.51,0.3205944798301486,3.119205298013245,0.11,SC,thick_like,,unmatched,,,
PGC1284669,PGC1284669,PGC_1284669,194.025833,5.514712,7.44,1.21,0.1626344086021505,6.148760330578513,0.07,SD,intermediate,,unmatched,,,
PGC1958968,PGC1958968,PGC_1958968,194.033234,31.681301,6.1,0.81,0.1327868852459016,7.530864197530863,0.06,SD,intermediate,,unmatched,,,
PGC2494890,PGC2494890,PGC_2494890,194.064453,55.225723,5.76,1.02,0.1770833333333333,5.647058823529411,0.1,SB,intermediate,,unmatched,,,
PGC1128509,PGC1128509,PGC_1128509,194.076981,-1.032189,3.9,1.48,0.3794871794871794,2.635135135135135,0.18,SB,thick_like,,unmatched,,,
2MASXJ12561975+0338452,2MASXJ125619750338452,,194.082153,3.645799,4.36,1.51,0.3463302752293578,2.8874172185430464,0.09,SD,thick_like,,unmatched,,,
PGC1776938,PGC1776938,PGC_1776938,194.144348,26.455181,4.51,1.58,0.3503325942350332,2.854430379746835,0.17,SB,thick_like,,unmatched,,,
SDSSJ125637.84+354917.6,SDSSJ125637843549176,,194.157303,35.821518,5.71,1.19,0.2084063047285464,4.798319327731092,0.07,SB,thick_like,,unmatched,,,
UGC08064,UGC08064,UGC_8064,194.194107,11.091404,7.87,2.72,0.3456162642947903,2.893382352941176,0.26,SB,thick_like,,unmatched,,,
PGC2158373,PGC2158373,PGC_2158373,194.208527,39.958679,5.0,2.14,0.428,2.336448598130841,0.44,SA,thick_like,,unmatched,,,
PGC1076280,PGC1076280,PGC_1076280,194.229675,-3.11385,3.43,1.33,0.3877551020408163,2.5789473684210527,0.11,SC,thick_like,,unmatched,,,
PGC1408186,PGC1408186,PGC_1408186,194.237823,12.363518,7.24,2.56,0.3535911602209944,2.828125,0.34,SB,thick_like,,unmatched,,,
SDSSJ125707.72+040147.4,SDSSJ125707720401474,,194.282166,4.02987,4.84,1.04,0.2148760330578512,4.653846153846153,0.06,SD,thick_like,,unmatched,,,
PGC83695,PGC83695,PGC_83695,194.442337,27.757032,7.32,3.01,0.4112021857923497,2.4318936877076416,0.25,SB,thick_like,,unmatched,,,
PGC1353161,PGC1353161,PGC_1353161,194.478607,8.757495,5.39,2.43,0.450834879406308,2.218106995884773,0.44,SA,thick_like,,unmatched,,,
SDSSJ125758.85+201401.4,SDSSJ125758852014014,,194.495224,20.233734,2.39,0.77,0.3221757322175732,3.103896103896104,0.08,SC,thick_like,,unmatched,,,
PGC1211720,PGC1211720,PGC_1211720,194.514786,1.96787,6.19,0.87,0.1405492730210016,7.114942528735632,0.04,SD,intermediate,,unmatched,,,
PGC3094798,PGC3094798,PGC_3094798,194.523407,29.01737,6.05,2.45,0.4049586776859504,2.4693877551020407,0.11,SC,thick_like,,unmatched,,,
PGC44422,PGC44422,PGC_44422,194.555542,28.948109,6.92,2.44,0.3526011560693641,2.836065573770492,0.32,SA,thick_like,,unmatched,,,
PGC2007542,PGC2007542,PGC_2007542,194.561096,32.672958,4.03,1.47,0.3647642679900744,2.741496598639456,0.07,SC,thick_like,,unmatched,,,
PGC44462,PGC44462,PGC_44462,194.611374,59.125565,4.44,2.58,0.581081081081081,1.7209302325581397,0.36,SB,thick_like,,unmatched,,,
PGC1364510,PGC1364510,PGC_1364510,194.636398,9.397105,4.74,1.76,0.3713080168776371,2.6931818181818183,0.09,SC,thick_like,,unmatched,,,
SDSSJ125834.21+044613.4,SDSSJ125834210446134,,194.642548,4.770391,4.7,0.97,0.2063829787234042,4.845360824742269,0.07,SC,thick_like,,unmatched,,,
PGC1356283,PGC1356283,PGC_1356283,194.696121,8.922634,4.95,1.08,0.2181818181818182,4.583333333333333,0.1,SC,thick_like,,unmatched,,,
PGC44511,PGC44511,PGC_44511,194.711517,28.084017,5.21,2.16,0.4145873320537428,2.4120370370370368,0.51,SA,thick_like,,unmatched,,,
IC03949,IC03949,IC_3949,194.732925,27.833309,5.07,1.48,0.291913214990138,3.425675675675676,0.05,SD,thick_like,,unmatched,,,
PGC91240,PGC91240,PGC_91240,194.743362,39.390583,5.65,1.47,0.2601769911504424,3.843537414965987,0.08,SD,thick_like,,unmatched,,,
PGC1353083,PGC1353083,PGC_1353083,194.830154,8.754186,5.4,1.09,0.2018518518518518,4.954128440366972,0.05,SD,thick_like,,unmatched,,,
PGC1195105,PGC1195105,PGC_1195105,194.843597,1.443417,6.96,1.76,0.2528735632183908,3.954545454545455,0.25,SB,thick_like,,unmatched,,,
PGC2054494,PGC2054494,PGC_2054494,194.858261,34.783691,6.24,2.16,0.3461538461538461,2.888888888888889,0.25,SA,thick_like,,unmatched,,,
PGC1857921,PGC1857921,PGC_1857921,194.896561,29.171268,5.4,0.96,0.1777777777777777,5.625000000000001,0.06,SD,intermediate,,unmatched,,,
PGC44627,PGC44627,PGC_44627,194.899811,15.049267,6.37,2.77,0.434850863422292,2.299638989169675,0.22,SB,thick_like,,unmatched,,,
AGC228010,AGC228010,,194.908844,6.446292,6.59,0.92,0.1396054628224582,7.163043478260869,0.04,SD,intermediate,,unmatched,,,
NED,NED,,194.912979,28.895521,7.28,4.54,0.6236263736263736,1.60352422907489,0.39,SA,thick_like,,unmatched,,,
PGC44667,PGC44667,PGC_44667,194.946442,27.710308,7.85,4.26,0.5426751592356688,1.842723004694836,0.4,SA,thick_like,,unmatched,,,
NGC04892,NGC04892,NGC_4892,195.014694,26.898113,9.49,4.61,0.4857744994731296,2.058568329718004,0.22,SB,thick_like,,unmatched,,,
PGC1953655,PGC1953655,PGC_1953655,195.036804,31.571756,4.39,1.35,0.3075170842824601,3.2518518518518515,0.12,SC,thick_like,,unmatched,,,
SDSSJ130025.56+590218.6,SDSSJ130025565902186,,195.106506,59.038528,5.92,1.06,0.179054054054054,5.584905660377358,0.06,SD,intermediate,,unmatched,,,
SDSSJ130026.67+142947.4,SDSSJ130026671429474,,195.111145,14.496525,5.24,0.77,0.1469465648854961,6.805194805194805,0.06,SD,intermediate,,unmatched,,,
PGC91241,PGC91241,PGC_91241,195.127289,0.480127,8.38,1.53,0.1825775656324582,5.477124183006536,0.13,SB,intermediate,,unmatched,,,
PGC2381360,PGC2381360,PGC_2381360,195.131699,50.758251,5.9,1.21,0.2050847457627118,4.87603305785124,0.09,SB,thick_like,,unmatched,,,
PGC214053,PGC214053,PGC_214053,195.176147,39.785454,5.53,1.5,0.2712477396021699,3.686666666666667,0.09,SC,thick_like,,unmatched,,,
PGC2145846,PGC2145846,PGC_2145846,195.179932,39.228203,3.59,1.62,0.4512534818941505,2.216049382716049,0.19,SB,thick_like,,unmatched,,,
SDSSJ130045.20+274449.3,SDSSJ130045202744493,,195.18837,27.747038,4.36,1.52,0.3486238532110091,2.868421052631579,0.08,SC,thick_like,,unmatched,,,
PGC2584867,PGC2584867,PGC_2584867,195.25238,58.967926,4.9,2.12,0.4326530612244897,2.311320754716981,0.18,SC,thick_like,,unmatched,,,
2MASXJ13010542+1649469,2MASXJ130105421649469,,195.272659,16.829708,4.44,1.15,0.259009009009009,3.860869565217392,0.17,SB,thick_like,,unmatched,,,
PGC83754,PGC83754,PGC_83754,195.301193,27.604481,4.05,2.07,0.5111111111111111,1.9565217391304348,0.2,SB,thick_like,,unmatched,,,
PGC3297478,PGC3297478,PGC_3297478,195.323502,-0.463475,6.05,1.08,0.1785123966942149,5.601851851851851,0.07,SB,intermediate,,unmatched,,,
PGC2292109,PGC2292109,PGC_2292109,195.324997,47.0858,6.24,2.71,0.4342948717948717,2.302583025830258,0.26,SB,thick_like,,unmatched,,,
NED,NED,,195.352081,49.830116,3.9,0.95,0.2435897435897435,4.105263157894737,0.06,SD,thick_like,,unmatched,,,
PGC1308230,PGC1308230,PGC_1308230,195.375198,6.824368,5.23,1.33,0.254302103250478,3.932330827067669,0.14,SB,thick_like,,unmatched,,,
NED,NED,,195.381653,18.443888,6.82,1.22,0.1788856304985337,5.59016393442623,0.06,SD,intermediate,,unmatched,,,
PGC1300575,PGC1300575,PGC_1300575,195.415802,6.432921,4.15,1.49,0.3590361445783132,2.78523489932886,0.37,SB,thick_like,,unmatched,,,
PGC2426423,PGC2426423,PGC_2426423,195.431381,52.890816,4.16,1.55,0.3725961538461538,2.683870967741936,0.14,SC,thick_like,,unmatched,,,
PGC44928,PGC44928,PGC_44928,195.445908,28.094999,7.75,3.56,0.4593548387096774,2.176966292134832,0.51,SA,thick_like,,unmatched,,,
PGC2431356,PGC2431356,PGC_2431356,195.463852,53.080959,5.87,1.39,0.2367972742759795,4.223021582733813,0.07,SD,thick_like,,unmatched,,,
PGC2418259,PGC2418259,PGC_2418259,195.503845,52.56995,4.14,1.08,0.2608695652173913,3.8333333333333326,0.1,SB,thick_like,,unmatched,,,
PGC44973,PGC44973,PGC_44973,195.517487,29.253448,6.16,2.53,0.4107142857142857,2.4347826086956523,0.31,SB,thick_like,,unmatched,,,
NED,NED,,195.531006,58.6982,29.76,6.69,0.2247983870967742,4.448430493273543,0.11,SD,thick_like,,unmatched,,,
2MASXJ13021348+1846247,2MASXJ130213481846247,,195.556229,18.773605,4.44,2.42,0.545045045045045,1.834710743801653,0.26,SB,thick_like,,unmatched,,,
PGC1377135,PGC1377135,PGC_1377135,195.56337,10.273303,3.57,1.31,0.3669467787114846,2.7251908396946565,0.22,SB,thick_like,,unmatched,,,
PGC1095844,PGC1095844,PGC_1095844,195.676468,-2.303801,5.01,1.68,0.3353293413173652,2.982142857142857,0.19,SB,thick_like,,unmatched,,,
UGC08149,UGC08149,UGC_8149,195.699356,6.785845,9.39,1.89,0.2012779552715654,4.968253968253969,0.06,SD,thick_like,,unmatched,,,
PGC45061,PGC45061,PGC_45061,195.735214,53.981968,5.43,2.33,0.429097605893186,2.330472103004292,0.3,SB,thick_like,,unmatched,,,
NGC04931,NGC04931,NGC_4931,195.753464,28.032358,9.63,8.1,0.8411214953271027,1.188888888888889,0.51,SB,thick_like,,unmatched,,,
PGC2350129,PGC2350129,PGC_2350129,195.761597,49.678608,6.25,2.01,0.3215999999999999,3.109452736318408,0.22,SC,thick_like,,unmatched,,,
NGC04934,NGC04934,NGC_4934,195.817688,28.030416,6.0,3.1,0.5166666666666667,1.9354838709677415,0.15,SC,thick_like,,unmatched,,,
PGC1097938,PGC1097938,PGC_1097938,195.878113,-2.233433,4.88,1.77,0.3627049180327868,2.7570621468926557,0.16,SC,thick_like,,unmatched,,,
PGC1777269,PGC1777269,PGC_1777269,195.880402,26.463793,4.32,1.05,0.2430555555555555,4.114285714285715,0.06,SD,thick_like,,unmatched,,,
2MASXJ13033221+3922477,2MASXJ130332213922477,,195.884186,39.379951,4.99,0.83,0.1663326653306613,6.0120481927710845,0.09,SD,intermediate,,unmatched,,,
PGC2118389,PGC2118389,PGC_2118389,195.89151,38.120953,5.71,1.37,0.2399299474605954,4.167883211678832,0.1,SD,thick_like,,unmatched,,,
PGC1709453,PGC1709453,PGC_1709453,195.903168,24.525703,7.04,3.29,0.4673295454545454,2.139817629179331,0.1,SC,thick_like,,unmatched,,,
PGC2182031,PGC2182031,PGC_2182031,195.947769,41.498447,3.61,1.9,0.5263157894736842,1.9,0.11,SC,thick_like,,unmatched,,,
NGC04944,NGC04944,NGC_4944,195.957855,28.185652,10.39,6.19,0.5957651588065448,1.678513731825525,0.32,SB,thick_like,,unmatched,,,
IC04144,IC04144,IC_4144,195.958603,36.943394,10.07,3.01,0.2989076464746772,3.345514950166113,0.16,SB,thick_like,,unmatched,,,
NED,NED,,195.958954,23.633545,5.52,1.37,0.2481884057971015,4.02919708029197,0.05,SD,thick_like,,unmatched,,,
PGC1408576,PGC1408576,PGC_1408576,195.963516,12.384428,3.54,1.99,0.5621468926553672,1.778894472361809,0.31,SA,thick_like,,unmatched,,,
NED,NED,,195.984604,13.691766,5.07,0.83,0.1637080867850098,6.10843373493976,0.05,SD,intermediate,,unmatched,,,
PGC2063407,PGC2063407,PGC_2063407,195.992325,35.366402,7.02,1.46,0.2079772079772079,4.808219178082192,0.07,SD,thick_like,,unmatched,,,
PGC2054332,PGC2054332,PGC_2054332,196.015167,34.774693,7.84,1.12,0.1428571428571428,6.999999999999999,0.05,SD,intermediate,,unmatched,,,
PGC1285282,PGC1285282,PGC_1285282,196.038528,5.553233,6.22,1.27,0.2041800643086816,4.89763779527559,0.14,SB,thick_like,,unmatched,,,
PGC2045157,PGC2045157,PGC_2045157,196.05542,34.181683,4.02,0.98,0.2437810945273632,4.1020408163265305,0.08,SB,thick_like,,unmatched,,,
2MASXJ13043681+0453260,2MASXJ130436810453260,,196.153412,4.89058,3.86,1.32,0.3419689119170985,2.924242424242424,0.16,SB,thick_like,,unmatched,,,
PGC1296339,PGC1296339,PGC_1296339,196.160767,6.199975,4.84,1.44,0.2975206611570248,3.361111111111111,0.09,SB,thick_like,,unmatched,,,
PGC45205,PGC45205,PGC_45205,196.16658,3.724722,4.64,2.15,0.4633620689655172,2.1581395348837207,0.45,SA,thick_like,,unmatched,,,
PGC1324294,PGC1324294,PGC_1324294,196.180405,7.535909,3.87,1.28,0.330749354005168,3.0234375,0.12,SC,thick_like,,unmatched,,,
PGC2571292,PGC2571292,PGC_2571292,196.185684,57.809181,5.16,1.18,0.2286821705426356,4.372881355932204,0.11,SC,thick_like,,unmatched,,,
PGC2028996,PGC2028996,PGC_2028996,196.215164,33.305645,3.76,1.43,0.3803191489361702,2.629370629370629,0.1,SC,thick_like,,unmatched,,,
PGC2086782,PGC2086782,PGC_2086782,196.219101,36.77578,5.9,0.93,0.1576271186440677,6.344086021505376,0.07,SD,intermediate,,unmatched,,,
2MASXJ13045432+1758266,2MASXJ130454321758266,,196.226288,17.974045,6.52,1.86,0.2852760736196319,3.505376344086021,0.21,SB,thick_like,,unmatched,,,
PGC91250,PGC91250,PGC_91250,196.279633,11.914667,7.17,1.32,0.1841004184100418,5.431818181818182,0.07,SD,intermediate,,unmatched,,,
PGC1087883,PGC1087883,PGC_1087883,196.292618,-2.587971,3.4,1.67,0.4911764705882352,2.035928143712575,0.07,SC,thick_like,,unmatched,,,
PGC91251,PGC91251,PGC_91251,196.361969,25.191168,8.49,1.58,0.1861012956419316,5.373417721518988,0.05,SD,intermediate,,unmatched,,,
NED,NED,,196.365051,13.941029,3.8,0.76,0.2,5.0,0.05,SD,intermediate,,unmatched,,,
SDSSJ130533.01+380520.9,SDSSJ130533013805209,,196.387543,38.089157,4.06,1.03,0.2536945812807882,3.9417475728155336,0.08,SC,thick_like,,unmatched,,,
PGC2061593,PGC2061593,PGC_2061593,196.416794,35.245789,3.15,1.67,0.5301587301587302,1.88622754491018,0.11,SC,thick_like,,unmatched,,,
PGC2360806,PGC2360806,PGC_2360806,196.435455,50.030769,6.32,1.04,0.1645569620253164,6.076923076923077,0.06,SD,intermediate,,unmatched,,,
PGC91252,PGC91252,PGC_91252,196.43573,25.384916,6.75,1.45,0.2148148148148148,4.655172413793103,0.09,SD,thick_like,,unmatched,,,
UGC08189,UGC08189,UGC_8189,196.444061,46.461777,13.36,2.89,0.2163173652694611,4.622837370242214,0.14,SD,thick_like,,unmatched,,,
UGC08186,UGC08186,UGC_8186,196.494324,3.956439,13.55,4.34,0.3202952029520295,3.122119815668203,0.11,SC,thick_like,,unmatched,,,
PGC91254,PGC91254,PGC_91254,196.532791,26.322453,6.09,1.3,0.2134646962233169,4.684615384615384,0.06,SD,thick_like,,unmatched,,,
PGC91253,PGC91253,PGC_91253,196.55896,1.508547,6.09,1.13,0.1855500821018062,5.389380530973452,0.05,SD,intermediate,,unmatched,,,
PGC91255,PGC91255,PGC_91255,196.564209,53.517895,5.74,1.81,0.3153310104529617,3.1712707182320443,0.07,SD,thick_like,,unmatched,,,
PGC2447040,PGC2447040,PGC_2447040,196.573959,53.65197,4.13,2.1,0.5084745762711865,1.9666666666666663,0.37,SA,thick_like,,unmatched,,,
UGC08195,UGC08195,UGC_8195,196.591415,29.657623,14.11,2.95,0.2090715804394047,4.783050847457627,0.1,SD,thick_like,,unmatched,,,
NED,NED,,196.609863,19.433983,6.96,1.25,0.1795977011494252,5.568,0.11,SD,intermediate,,unmatched,,,
PGC2294154,PGC2294154,PGC_2294154,196.632645,47.202942,4.49,1.81,0.4031180400890868,2.4806629834254146,0.19,SB,thick_like,,unmatched,,,
PGC1446978,PGC1446978,PGC_1446978,196.651505,14.018883,4.24,1.08,0.2547169811320754,3.925925925925926,0.06,SD,thick_like,,unmatched,,,
PGC1541280,PGC1541280,PGC_1541280,196.719315,17.773829,7.33,2.6,0.354706684856753,2.819230769230769,0.11,SC,thick_like,,unmatched,,,
PGC2278852,PGC2278852,PGC_2278852,196.735977,46.302719,4.77,2.2,0.4612159329140462,2.168181818181818,0.21,SC,thick_like,,unmatched,,,
2MASXJ13070503+4242056,2MASXJ130705034242056,,196.770981,42.701439,4.99,1.63,0.3266533066132264,3.0613496932515343,0.14,SB,thick_like,,unmatched,,,
NED,NED,,196.803925,24.932308,4.04,0.65,0.1608910891089109,6.215384615384616,0.07,SB,intermediate,,unmatched,,,
PGC2222839,PGC2222839,PGC_2222839,196.822678,43.526154,4.3,1.78,0.413953488372093,2.415730337078652,0.08,SC,thick_like,,unmatched,,,
UGC08203,UGC08203,UGC_8203,196.851746,32.862717,15.92,2.72,0.1708542713567839,5.852941176470588,0.05,SD,intermediate,,unmatched,,,
PGC91257,PGC91257,PGC_91257,196.866165,4.762896,10.81,2.33,0.215541165587419,4.639484978540772,0.23,SB,thick_like,,unmatched,,,
SDSSJ130732.88+140823.2,SDSSJ130732881408232,,196.886963,14.139791,6.65,1.03,0.1548872180451127,6.456310679611651,0.04,SD,intermediate,,unmatched,,,
PGC1949541,PGC1949541,PGC_1949541,196.910187,31.486971,3.78,1.62,0.4285714285714286,2.333333333333333,0.36,SB,thick_like,,unmatched,,,
NED,NED,,196.940903,17.339193,5.95,0.46,0.0773109243697479,12.934782608695652,0.06,SB,thin_like,,unmatched,,,
SDSSJ130750.17+111700.9,SDSSJ130750171117009,,196.959076,11.283589,5.95,0.57,0.095798319327731,10.438596491228072,0.04,SD,thin_like,,unmatched,,,
SDSSJ130753.92+542245.2,SDSSJ130753925422452,,196.974686,54.379242,3.48,0.92,0.264367816091954,3.782608695652174,0.08,SC,thick_like,,unmatched,,,
PGC2080583,PGC2080583,PGC_2080583,196.984924,36.434677,6.56,1.08,0.1646341463414634,6.0740740740740735,0.09,SB,intermediate,,unmatched,,,
PGC45503,PGC45503,PGC_45503,197.019882,50.196796,6.16,2.87,0.4659090909090909,2.1463414634146343,0.18,SC,thick_like,,unmatched,,,
PGC91260,PGC91260,PGC_91260,197.0298,60.385063,4.87,1.69,0.3470225872689938,2.881656804733728,0.1,SB,thick_like,,unmatched,,,
PGC1436906,PGC1436906,PGC_1436906,197.04187,13.6587,3.71,1.44,0.3881401617250674,2.576388888888889,0.12,SC,thick_like,,unmatched,,,
PGC91259,PGC91259,PGC_91259,197.060104,43.924583,9.29,1.96,0.2109795479009688,4.739795918367347,0.15,SB,thick_like,,unmatched,,,
2MASXJ13081671+0859564,2MASXJ130816710859564,,197.06958,8.999085,4.98,1.11,0.2228915662650602,4.486486486486487,0.09,SC,thick_like,,unmatched,,,
PGC2618359,PGC2618359,PGC_2618359,197.105835,61.459736,3.93,1.49,0.3791348600508906,2.63758389261745,0.16,SB,thick_like,,unmatched,,,
PGC1876976,PGC1876976,PGC_1876976,197.109924,29.754444,3.88,0.94,0.2422680412371134,4.127659574468085,0.08,SB,thick_like,,unmatched,,,
PGC1146843,PGC1146843,PGC_1146843,197.146454,-0.297798,3.75,1.86,0.496,2.0161290322580645,0.27,SA,thick_like,,unmatched,,,
SDSSJ130840.19+240437.0,SDSSJ130840192404370,,197.167465,24.076971,7.96,1.0,0.1256281407035175,7.96,0.05,SD,intermediate,,unmatched,,,
SDSSJ130844.41+134702.1,SDSSJ130844411347021,,197.185074,13.783913,3.62,0.99,0.2734806629834254,3.656565656565657,0.05,SC,thick_like,,unmatched,,,
SDSSJ130852.33+055949.0,SDSSJ130852330559490,,197.218063,5.996971,7.0,1.05,0.15,6.666666666666666,0.03,SD,intermediate,,unmatched,,,
SDSSJ130909.23+542326.7,SDSSJ130909235423267,,197.288345,54.390762,5.15,1.24,0.2407766990291261,4.153225806451613,0.07,SD,thick_like,,unmatched,,,
PGC214076,PGC214076,PGC_214076,197.296921,46.316223,4.84,2.02,0.4173553719008264,2.396039603960396,0.39,SB,thick_like,,unmatched,,,
PGC92384,PGC92384,PGC_92384,197.338531,-22.231422,6.2,1.69,0.2725806451612903,3.668639053254438,0.17,SB,thick_like,,unmatched,,,
PGC2050708,PGC2050708,PGC_2050708,197.397644,34.537262,5.21,2.16,0.4145873320537428,2.4120370370370368,0.09,SC,thick_like,,unmatched,,,
PGC2574640,PGC2574640,PGC_2574640,197.477768,58.108284,4.54,1.28,0.2819383259911894,3.546875,0.12,SB,thick_like,,unmatched,,,
PGC91262,PGC91262,PGC_91262,197.497635,23.237894,10.11,1.87,0.1849653808110781,5.406417112299464,0.05,SD,intermediate,,unmatched,,,
SDSSJ131000.12+511747.5,SDSSJ131000125117475,,197.500504,51.296539,4.87,1.81,0.3716632443531827,2.6906077348066297,0.08,SC,thick_like,,unmatched,,,
PGC2233087,PGC2233087,PGC_2233087,197.556549,43.952988,6.19,0.96,0.1550888529886914,6.447916666666667,0.05,SB,intermediate,,unmatched,,,
SDSSJ131032.02+051929.6,SDSSJ131032020519296,,197.633438,5.32491,2.21,0.9,0.4072398190045249,2.4555555555555557,0.14,SB,thick_like,,unmatched,,,
PGC1440298,PGC1440298,PGC_1440298,197.645844,13.780256,3.25,0.85,0.2615384615384615,3.823529411764706,0.11,SB,thick_like,,unmatched,,,
PGC1274685,PGC1274685,PGC_1274685,197.653412,4.880578,6.12,0.8,0.130718954248366,7.649999999999999,0.11,SB,intermediate,,unmatched,,,
PGC2273358,PGC2273358,PGC_2273358,197.664536,45.975536,3.67,1.35,0.3678474114441417,2.7185185185185183,0.07,SC,thick_like,,unmatched,,,
IC00856,IC00856,IC_856,197.673141,20.536652,6.24,2.93,0.469551282051282,2.1296928327645053,0.1,IR,thick_like,,unmatched,,,
SDSSJ131048.45+030618.6,SDSSJ131048450306186,,197.701843,3.10518,4.51,0.87,0.1929046563192904,5.183908045977011,0.08,SB,intermediate,,unmatched,,,
UGC08257,UGC08257,UGC_8257,197.710144,49.892548,12.47,2.62,0.2101042502004811,4.759541984732825,0.06,SD,thick_like,,unmatched,,,
2MASXJ13110349+0949057,2MASXJ131103490949057,,197.764587,9.818446,4.03,1.68,0.4168734491315136,2.398809523809524,0.49,SA,thick_like,,unmatched,,,
PGC1521576,PGC1521576,PGC_1521576,197.790253,16.976179,6.48,0.94,0.1450617283950617,6.893617021276596,0.14,SB,intermediate,,unmatched,,,
PGC2342314,PGC2342314,PGC_2342314,197.803238,49.415276,6.18,1.81,0.2928802588996764,3.414364640883978,0.12,SB,thick_like,,unmatched,,,
PGC1393096,PGC1393096,PGC_1393096,197.810638,11.404737,5.34,1.37,0.2565543071161049,3.8978102189781016,0.19,SB,thick_like,,unmatched,,,
PGC2338462,PGC2338462,PGC_2338462,197.816956,49.279606,3.13,1.59,0.5079872204472844,1.9685534591194969,0.36,SA,thick_like,,unmatched,,,
PGC1878405,PGC1878405,PGC_1878405,197.825455,29.79431,4.18,2.69,0.6435406698564594,1.553903345724907,0.13,SC,thick_like,,unmatched,,,
PGC45774,PGC45774,PGC_45774,197.827057,10.081496,6.22,2.4,0.3858520900321543,2.591666666666667,0.34,SB,thick_like,,unmatched,,,
PGC2216929,PGC2216929,PGC_2216929,197.847031,43.274467,4.19,1.16,0.2768496420047732,3.612068965517242,0.07,SD,thick_like,,unmatched,,,
PGC1389595,PGC1389595,PGC_1389595,197.903992,11.15633,3.09,1.91,0.6181229773462783,1.617801047120419,0.16,SC,thick_like,,unmatched,,,
PGC214087,PGC214087,PGC_214087,197.904984,22.993275,3.42,1.44,0.4210526315789473,2.375,0.2,SB,thick_like,,unmatched,,,
NED,NED,,197.970428,31.21619,5.09,0.99,0.1944990176817289,5.141414141414141,0.06,SD,intermediate,,unmatched,,,
PGC91264,PGC91264,PGC_91264,197.983444,11.096909,8.64,1.6,0.1851851851851851,5.4,0.09,SB,intermediate,,unmatched,,,
2MASXJ13120039+2458541,2MASXJ131200392458541,,198.00148,24.981644,7.57,1.22,0.1611624834874504,6.204918032786885,0.05,SD,intermediate,,unmatched,,,
SDSSJ131211.19+354024.4,SDSSJ131211193540244,,198.046631,35.673458,21.93,7.07,0.3223894208846329,3.101838755304102,0.08,SD,thick_like,,unmatched,,,
PGC91266,PGC91266,PGC_91266,198.050522,14.653806,9.64,1.87,0.1939834024896265,5.155080213903744,0.06,SD,intermediate,,unmatched,,,
PGC92386,PGC92386,PGC_92386,198.09848,-20.807409,9.12,1.88,0.2061403508771929,4.8510638297872335,0.13,SB,thick_like,,unmatched,,,
PGC1467149,PGC1467149,PGC_1467149,198.106003,14.786629,3.71,1.69,0.4555256064690027,2.195266272189349,0.26,SB,thick_like,,unmatched,,,
PGC1730793,PGC1730793,PGC_1730793,198.120087,25.267216,3.6,1.52,0.4222222222222222,2.3684210526315788,0.13,SB,thick_like,,unmatched,,,
PGC1770355,PGC1770355,PGC_1770355,198.161804,26.284842,4.9,1.55,0.3163265306122448,3.161290322580645,0.12,SC,thick_like,,unmatched,,,
SDSSJ131246.71+374036.5,SDSSJ131246713740365,,198.194641,37.676807,6.38,0.93,0.1457680250783699,6.86021505376344,0.05,SD,intermediate,,unmatched,,,
PGC2217377,PGC2217377,PGC_2217377,198.236008,43.293747,4.64,1.87,0.4030172413793104,2.4812834224598928,0.11,SC,thick_like,,unmatched,,,
PGC2594762,PGC2594762,PGC_2594762,198.263672,59.832787,6.04,1.17,0.1937086092715231,5.162393162393163,0.06,SD,intermediate,,unmatched,,,
PGC2275350,PGC2275350,PGC_2275350,198.279648,46.098438,8.07,1.24,0.1536555142503098,6.508064516129033,0.05,SD,intermediate,,unmatched,,,
UGC08296,UGC08296,UGC_8296,198.291931,9.690585,7.53,5.15,0.6839309428950864,1.462135922330097,0.41,SA,thick_like,,unmatched,,,
PGC91268,PGC91268,PGC_91268,198.354919,47.433075,5.14,1.8,0.3501945525291829,2.855555555555555,0.08,SD,thick_like,,unmatched,,,
PGC2212655,PGC2212655,PGC_2212655,198.441727,43.085674,4.12,1.67,0.4053398058252427,2.4670658682634734,0.08,SC,thick_like,,unmatched,,,
SDSSJ131346.70+491220.0,SDSSJ131346704912200,,198.444641,49.205563,5.08,1.07,0.2106299212598425,4.747663551401869,0.07,SD,thick_like,,unmatched,,,
PGC1831782,PGC1831782,PGC_1831782,198.47847,28.295788,4.37,2.0,0.4576659038901601,2.185,0.1,SC,thick_like,,unmatched,,,
PGC1531063,PGC1531063,PGC_1531063,198.539398,17.367308,5.0,2.06,0.412,2.4271844660194173,0.4,SB,thick_like,,unmatched,,,
PGC1102431,PGC1102431,PGC_1102431,198.56691,-2.074946,5.54,1.26,0.2274368231046931,4.396825396825397,0.12,SB,thick_like,,unmatched,,,
PGC1413975,PGC1413975,PGC_1413975,198.596497,12.67207,5.04,1.68,0.3333333333333333,3.0,0.1,SC,thick_like,,unmatched,,,
PGC2640529,PGC2640529,PGC_2640529,198.649826,62.642338,7.23,1.0,0.1383125864453665,7.23,0.06,SB,intermediate,,unmatched,,,
PGC2090724,PGC2090724,PGC_2090724,198.66153,36.987011,11.5,3.54,0.3078260869565217,3.248587570621469,0.29,SB,thick_like,,unmatched,,,
UGC08325,UGC08325,UGC_8325,198.722641,27.008121,8.95,4.21,0.470391061452514,2.1258907363420425,0.36,SB,thick_like,,unmatched,,,
PGC1959484,PGC1959484,PGC_1959484,198.754807,31.691395,4.57,1.88,0.411378555798687,2.4308510638297878,0.15,SB,thick_like,,unmatched,,,
UGC08324,UGC08324,UGC_8324,198.775009,3.045155,12.61,2.99,0.2371134020618557,4.217391304347825,0.07,SD,thick_like,,unmatched,,,
PGC1373034,PGC1373034,PGC_1373034,198.799042,9.990466,4.6,1.32,0.2869565217391304,3.4848484848484844,0.19,SB,thick_like,,unmatched,,,
UGC08332,UGC08332,UGC_8332,198.850586,52.066616,6.77,2.77,0.4091580502215657,2.444043321299638,0.21,SC,thick_like,,unmatched,,,
PGC46119,PGC46119,PGC_46119,198.857483,33.458458,3.01,1.3,0.4318936877076412,2.315384615384615,0.12,SC,thick_like,,unmatched,,,
SDSSJ131526.31+124035.7,SDSSJ131526311240357,,198.859634,12.676566,3.39,1.14,0.3362831858407079,2.9736842105263164,0.09,SC,thick_like,,unmatched,,,
PGC46111,PGC46111,PGC_46111,198.860397,-2.675691,8.29,2.15,0.2593486127864897,3.855813953488372,0.19,SC,thick_like,,unmatched,,,
PGC1371330,PGC1371330,PGC_1371330,198.866211,9.878823,5.21,1.65,0.3166986564299424,3.1575757575757577,0.18,SB,thick_like,,unmatched,,,
NGC05050,NGC05050,NGC_5050,198.923874,2.878991,12.38,10.53,0.8505654281098545,1.1756885090218423,0.59,SB,thick_like,,unmatched,,,
PGC2291142,PGC2291142,PGC_2291142,198.946182,47.027992,6.4,1.05,0.1640625,6.095238095238095,0.13,SB,intermediate,,unmatched,,,
PGC91270,PGC91270,PGC_91270,198.964783,8.336121,11.92,1.84,0.1543624161073825,6.478260869565217,0.16,SB,intermediate,,unmatched,,,
PGC2400679,PGC2400679,PGC_2400679,199.071198,51.817318,5.95,1.39,0.2336134453781512,4.280575539568345,0.12,SB,thick_like,,unmatched,,,
NED,NED,,199.098328,53.218273,5.27,1.17,0.222011385199241,4.504273504273504,0.05,SC,thick_like,,unmatched,,,
PGC1493573,PGC1493573,PGC_1493573,199.114227,15.798176,6.62,1.22,0.1842900302114803,5.426229508196721,0.06,SD,intermediate,,unmatched,,,
PGC1897239,PGC1897239,PGC_1897239,199.125809,30.272493,5.91,1.91,0.3231810490693739,3.094240837696335,0.12,SC,thick_like,,unmatched,,,
PGC91271,PGC91271,PGC_91271,199.174805,26.131809,10.91,1.4,0.1283226397800183,7.792857142857144,0.04,IR,intermediate,,unmatched,,,
PGC2396104,PGC2396104,PGC_2396104,199.255066,51.561539,4.85,1.4,0.288659793814433,3.4642857142857144,0.18,SC,thick_like,,unmatched,,,
2MASXJ13170141+5316264,2MASXJ131701415316264,,199.255692,53.27393,5.22,1.64,0.3141762452107279,3.182926829268293,0.33,SB,thick_like,,unmatched,,,
PGC2007105,PGC2007105,PGC_2007105,199.417023,32.662239,3.71,1.91,0.5148247978436657,1.942408376963351,0.09,SC,thick_like,,unmatched,,,
PGC2296606,PGC2296606,PGC_2296606,199.449448,47.347164,3.56,1.39,0.3904494382022471,2.5611510791366907,0.15,SC,thick_like,,unmatched,,,
SDSSJ131753.01+302315.9,SDSSJ131753013023159,,199.470901,30.387754,4.94,0.89,0.180161943319838,5.55056179775281,0.05,SD,intermediate,,unmatched,,,
PGC2128118,PGC2128118,PGC_2128118,199.478699,38.47625,2.18,1.17,0.5366972477064219,1.8632478632478635,0.12,SC,thick_like,,unmatched,,,
PGC46328,PGC46328,PGC_46328,199.517151,33.855049,2.56,1.62,0.6328125,1.5802469135802468,0.15,SC,thick_like,,unmatched,,,
PGC1398226,PGC1398226,PGC_1398226,199.535492,11.750477,4.25,1.45,0.3411764705882353,2.931034482758621,0.17,SB,thick_like,,unmatched,,,
PGC2231514,PGC2231514,PGC_2231514,199.595291,43.886555,7.16,1.61,0.2248603351955307,4.447204968944099,0.06,SD,thick_like,,unmatched,,,
PGC2262292,PGC2262292,PGC_2262292,199.623932,45.283699,4.96,1.52,0.3064516129032258,3.263157894736842,0.06,SD,thick_like,,unmatched,,,
UGC08364,UGC08364,UGC_8364,199.643387,47.132191,8.03,2.03,0.2528019925280199,3.955665024630542,0.1,SD,thick_like,,unmatched,,,
PGC2154171,PGC2154171,PGC_2154171,199.669968,39.69508,7.62,1.31,0.1719160104986876,5.816793893129771,0.06,SD,intermediate,,unmatched,,,
NED,NED,,199.687408,19.305899,5.62,0.83,0.1476868327402135,6.771084337349398,0.05,SD,intermediate,,unmatched,,,
PGC1193311,PGC1193311,PGC_1193311,199.68956,1.386262,4.75,1.86,0.3915789473684211,2.553763440860215,0.5,SA,thick_like,,unmatched,,,
PGC2645868,PGC2645868,PGC_2645868,199.693741,62.909016,4.32,1.05,0.2430555555555555,4.114285714285715,0.06,SD,thick_like,,unmatched,,,
PGC158694,PGC158694,PGC_158694,199.832901,-1.074936,5.01,1.39,0.2774451097804391,3.60431654676259,0.26,SB,thick_like,,unmatched,,,
PGC91274,PGC91274,PGC_91274,199.852173,43.824997,7.8,1.96,0.2512820512820513,3.979591836734694,0.16,SD,thick_like,,unmatched,,,
PGC91275,PGC91275,PGC_91275,199.908813,33.254967,8.22,1.49,0.181265206812652,5.516778523489934,0.06,SD,intermediate,,unmatched,,,
PGC1484209,PGC1484209,PGC_1484209,199.918137,15.422409,3.41,1.4,0.4105571847507331,2.435714285714286,0.1,SC,thick_like,,unmatched,,,
PGC1492522,PGC1492522,PGC_1492522,199.924255,15.752955,7.51,1.63,0.2170439414114514,4.6073619631901845,0.09,SD,thick_like,,unmatched,,,
PGC1387111,PGC1387111,PGC_1387111,199.943405,10.972965,3.12,1.37,0.4391025641025641,2.2773722627737225,0.11,SC,thick_like,,unmatched,,,
PGC1324679,PGC1324679,PGC_1324679,199.94722,7.549283,4.33,1.63,0.3764434180138568,2.6564417177914117,0.24,SB,thick_like,,unmatched,,,
PGC2201632,PGC2201632,PGC_2201632,199.952652,42.572166,5.92,1.62,0.2736486486486487,3.654320987654321,0.12,SB,thick_like,,unmatched,,,
PGC2030215,PGC2030215,PGC_2030215,199.986557,33.355717,2.85,1.67,0.5859649122807017,1.7065868263473054,0.37,SB,thick_like,,unmatched,,,
PGC1173885,PGC1173885,PGC_1173885,200.037064,0.727613,6.05,1.44,0.2380165289256198,4.201388888888889,0.21,SB,thick_like,,unmatched,,,
NGC05103,NGC05103,NGC_5103,200.125015,43.084003,9.57,6.35,0.6635318704284221,1.5070866141732284,0.44,SA,thick_like,,unmatched,,,
PGC1638595,PGC1638595,PGC_1638595,200.175018,20.910089,5.44,2.48,0.4558823529411764,2.1935483870967745,0.07,SC,thick_like,,unmatched,,,
PGC91277,PGC91277,PGC_91277,200.193832,2.270024,5.69,2.66,0.4674868189806678,2.1390977443609023,0.07,SC,thick_like,,unmatched,,,
SDSSJ132055.07+101547.6,SDSSJ132055071015476,,200.229492,10.263217,3.27,0.79,0.2415902140672783,4.139240506329114,0.09,SC,thick_like,,unmatched,,,
PGC91278,PGC91278,PGC_91278,200.258179,33.064232,4.19,1.42,0.3389021479713603,2.950704225352113,0.07,SD,thick_like,,unmatched,,,
PGC1070338,PGC1070338,PGC_1070338,200.2771,-3.50647,4.78,1.94,0.405857740585774,2.463917525773196,0.18,SB,thick_like,,unmatched,,,
SDSSJ132126.03+071618.9,SDSSJ132126030716189,,200.35849,7.271919,4.75,1.21,0.2547368421052631,3.925619834710744,0.06,SD,thick_like,,unmatched,,,
PGC91281,PGC91281,PGC_91281,200.488815,35.637699,12.32,1.74,0.1412337662337662,7.080459770114943,0.05,IR,intermediate,,unmatched,,,
2MASXJ13215739+2217159,2MASXJ132157392217159,,200.489334,22.28783,3.85,1.8,0.4675324675324675,2.138888888888889,0.23,SC,thick_like,,unmatched,,,
PGC91282,PGC91282,PGC_91282,200.533417,35.393105,10.42,1.56,0.1497120921305182,6.679487179487179,0.05,SD,intermediate,,unmatched,,,
PGC2178064,PGC2178064,PGC_2178064,200.614426,41.250858,7.6,1.54,0.2026315789473684,4.935064935064935,0.05,SD,thick_like,,unmatched,,,
UGC08406,UGC08406,UGC_8406,200.687454,17.66189,10.54,3.85,0.3652751423149905,2.737662337662337,0.13,SC,thick_like,,unmatched,,,
PGC1546041,PGC1546041,PGC_1546041,200.700714,17.947468,4.26,1.22,0.2863849765258216,3.4918032786885247,0.21,SB,thick_like,,unmatched,,,
SDSSJ132248.51+103436.9,SDSSJ132248511034369,,200.702133,10.576929,4.49,0.78,0.1737193763919821,5.756410256410256,0.04,SD,intermediate,,unmatched,,,
UGC08407,UGC08407,UGC_8407,200.709183,19.690819,11.4,2.09,0.1833333333333333,5.454545454545455,0.07,SB,intermediate,,unmatched,,,
PGC91283,PGC91283,PGC_91283,200.810516,44.432796,10.07,1.36,0.1350546176762661,7.404411764705882,0.04,SD,intermediate,,unmatched,,,
PGC1924506,PGC1924506,PGC_1924506,200.835022,30.937548,3.65,1.0,0.273972602739726,3.65,0.13,SB,thick_like,,unmatched,,,
PGC1989337,PGC1989337,PGC_1989337,200.913681,32.275513,4.52,1.75,0.3871681415929204,2.5828571428571427,0.18,SC,thick_like,,unmatched,,,
PGC1522815,PGC1522815,PGC_1522815,200.934341,17.027475,3.91,0.95,0.2429667519181585,4.11578947368421,0.06,SB,thick_like,,unmatched,,,
NGC05131,NGC05131,NGC_5131,200.987244,30.988052,18.02,5.22,0.2896781354051054,3.452107279693487,0.39,SA,thick_like,,unmatched,,,
PGC2027870,PGC2027870,PGC_2027870,201.042511,33.261497,5.03,2.29,0.4552683896620278,2.1965065502183405,0.27,SB,thick_like,,unmatched,,,
PGC46835,PGC46835,PGC_46835,201.056519,15.568657,6.13,4.03,0.6574225122349103,1.521091811414392,0.28,SB,thick_like,,unmatched,,,
UGC08429,UGC08429,UGC_8429,201.104584,17.092911,8.57,2.26,0.263710618436406,3.792035398230089,0.04,SD,thick_like,,unmatched,,,
PGC2162705,PGC2162705,PGC_2162705,201.110367,40.231457,3.57,1.31,0.3669467787114846,2.7251908396946565,0.07,SC,thick_like,,unmatched,,,
PGC91285,PGC91285,PGC_91285,201.110916,43.956184,8.68,1.79,0.206221198156682,4.849162011173184,0.08,SD,thick_like,,unmatched,,,
PGC1935750,PGC1935750,PGC_1935750,201.112915,31.190351,3.98,1.31,0.3291457286432161,3.0381679389312977,0.07,SD,thick_like,,unmatched,,,
PGC91284,PGC91284,PGC_91284,201.127243,33.034241,7.61,1.26,0.1655716162943495,6.03968253968254,0.06,SD,intermediate,,unmatched,,,
SDSSJ132447.61+582919.8,SDSSJ132447615829198,,201.198364,58.488914,7.28,2.55,0.3502747252747252,2.8549019607843142,0.07,SC,thick_like,,unmatched,,,
PGC2277963,PGC2277963,PGC_2277963,201.200851,46.249474,3.99,1.23,0.3082706766917293,3.2439024390243905,0.31,SA,thick_like,,unmatched,,,
PGC1298598,PGC1298598,PGC_1298598,201.243073,6.326587,5.68,1.52,0.2676056338028169,3.7368421052631575,0.07,SD,thick_like,,unmatched,,,
PGC2279042,PGC2279042,PGC_2279042,201.305527,46.314388,5.34,1.31,0.2453183520599251,4.076335877862595,0.07,SC,thick_like,,unmatched,,,
SDSSJ132513.98+204304.9,SDSSJ132513982043049,,201.308258,20.71804,7.94,1.86,0.234256926952141,4.268817204301075,0.05,SD,thick_like,,unmatched,,,
UGC08437,UGC08437,UGC_8437,201.334244,18.452717,10.35,4.6,0.4444444444444444,2.25,0.49,SA,thick_like,,unmatched,,,
PGC1758675,PGC1758675,PGC_1758675,201.388702,26.001616,5.04,1.59,0.3154761904761904,3.1698113207547167,0.25,SB,thick_like,,unmatched,,,
PGC1784074,PGC1784074,PGC_1784074,201.432419,26.655973,5.19,1.25,0.2408477842003853,4.152,0.11,SB,thick_like,,unmatched,,,
PGC1788929,PGC1788929,PGC_1788929,201.437332,26.806641,5.85,1.26,0.2153846153846154,4.642857142857142,0.1,SB,thick_like,,unmatched,,,
PGC2049291,PGC2049291,PGC_2049291,201.503418,34.442669,6.61,3.26,0.4931921331316187,2.0276073619631902,0.19,SB,thick_like,,unmatched,,,
SDSSJ132605.40+605540.6,SDSSJ132605406055406,,201.522522,60.92794,3.75,1.2,0.32,3.125,0.09,SB,thick_like,,unmatched,,,
2MASXJ13260782+0859165,2MASXJ132607820859165,,201.532745,8.98818,5.39,1.7,0.3153988868274582,3.170588235294117,0.09,SB,thick_like,,unmatched,,,
PGC1765178,PGC1765178,PGC_1765178,201.541733,26.16103,5.14,0.76,0.1478599221789883,6.763157894736842,0.08,SD,intermediate,,unmatched,,,
PGC2083761,PGC2083761,PGC_2083761,201.639038,36.614388,4.72,1.35,0.2860169491525424,3.496296296296296,0.3,SB,thick_like,,unmatched,,,
PGC91289,PGC91289,PGC_91289,201.661865,27.039839,8.27,2.07,0.2503022974607013,3.995169082125604,0.1,SD,thick_like,,unmatched,,,
PGC1417372,PGC1417372,PGC_1417372,201.671783,12.8477,3.74,1.85,0.4946524064171123,2.021621621621622,0.11,SC,thick_like,,unmatched,,,
PGC1895699,PGC1895699,PGC_1895699,201.815201,30.236141,5.19,2.12,0.4084778420038535,2.44811320754717,0.41,SB,thick_like,,unmatched,,,
UGC08456,UGC08456,UGC_8456,201.895477,15.189297,8.99,1.67,0.185761957730812,5.383233532934132,0.06,SD,intermediate,,unmatched,,,
SDSSJ132743.28+553640.8,SDSSJ132743285536408,,201.930359,55.611336,3.28,1.61,0.4908536585365854,2.037267080745341,0.08,SC,thick_like,,unmatched,,,
PGC2160243,PGC2160243,PGC_2160243,201.959244,40.079876,6.57,3.74,0.5692541856925418,1.7566844919786095,0.4,SB,thick_like,,unmatched,,,
PGC1673143,PGC1673143,PGC_1673143,201.959595,22.615339,3.97,1.18,0.2972292191435768,3.3644067796610173,0.12,SB,thick_like,,unmatched,,,
PGC47206,PGC47206,PGC_47206,202.012024,31.958799,7.13,3.5,0.4908835904628331,2.037142857142857,0.18,SC,thick_like,,unmatched,,,
PGC1897184,PGC1897184,PGC_1897184,202.027893,30.271564,5.06,1.84,0.3636363636363637,2.75,0.17,SB,thick_like,,unmatched,,,
PGC1117422,PGC1117422,PGC_1117422,202.074127,-1.491163,4.08,1.4,0.3431372549019607,2.9142857142857146,0.08,SC,thick_like,,unmatched,,,
UGC08464,UGC08464,UGC_8464,202.079468,30.01932,9.96,2.39,0.2399598393574297,4.167364016736402,0.05,IR,thick_like,,unmatched,,,
SDSSJ132820.23+124543.8,SDSSJ132820231245438,,202.084335,12.76219,4.93,1.16,0.2352941176470588,4.25,0.06,SD,thick_like,,unmatched,,,
PGC91291,PGC91291,PGC_91291,202.128448,47.714066,8.71,2.07,0.2376578645235361,4.207729468599035,0.11,SB,thick_like,,unmatched,,,
PGC2579855,PGC2579855,PGC_2579855,202.179565,58.534054,4.26,1.45,0.3403755868544601,2.9379310344827587,0.13,SC,thick_like,,unmatched,,,
PGC1999316,PGC1999316,PGC_1999316,202.222733,32.488728,4.37,1.16,0.2654462242562929,3.767241379310345,0.08,SD,thick_like,,unmatched,,,
PGC3299966,PGC3299966,PGC_3299966,202.244553,-1.803476,4.31,0.95,0.2204176334106728,4.536842105263157,0.08,SB,thick_like,,unmatched,,,
PGC2523680,PGC2523680,PGC_2523680,202.24968,56.048805,3.45,2.21,0.6405797101449275,1.5610859728506787,0.1,SC,thick_like,,unmatched,,,
PGC2619995,PGC2619995,PGC_2619995,202.253693,61.549038,3.83,1.17,0.3054830287206266,3.273504273504274,0.13,SB,thick_like,,unmatched,,,
PGC1368288,PGC1368288,PGC_1368288,202.274292,9.6648,5.1,2.02,0.396078431372549,2.5247524752475248,0.1,SC,thick_like,,unmatched,,,
2MASXJ13290622+5735408,2MASXJ132906225735408,,202.275848,57.594666,5.05,2.21,0.4376237623762376,2.2850678733031677,0.48,SA,thick_like,,unmatched,,,
PGC1839897,PGC1839897,PGC_1839897,202.301437,28.578754,3.74,2.06,0.5508021390374331,1.8155339805825244,0.48,SA,thick_like,,unmatched,,,
PGC1297089,PGC1297089,PGC_1297089,202.323776,6.245171,3.96,1.32,0.3333333333333333,3.0,0.13,SC,thick_like,,unmatched,,,
SDSSJ132922.97+113404.4,SDSSJ132922971134044,,202.345734,11.567915,3.16,1.92,0.6075949367088607,1.6458333333333337,0.34,SB,thick_like,,unmatched,,,
SDSSJ132924.20+095656.0,SDSSJ132924200956560,,202.350021,9.94909,4.36,1.18,0.2706422018348624,3.694915254237289,0.08,SD,thick_like,,unmatched,,,
PGC47385,PGC47385,PGC_47385,202.461227,12.346017,8.12,3.78,0.4655172413793104,2.148148148148148,0.45,SA,thick_like,,unmatched,,,
PGC1676531,PGC1676531,PGC_1676531,202.473068,22.813871,5.08,1.63,0.3208661417322834,3.1165644171779143,0.09,SB,thick_like,,unmatched,,,
SDSSJ133012.40+442818.8,SDSSJ133012404428188,,202.550995,44.471909,3.74,1.0,0.267379679144385,3.74,0.08,SC,thick_like,,unmatched,,,
PGC1581090,PGC1581090,PGC_1581090,202.570206,19.117567,3.86,1.34,0.3471502590673575,2.880597014925373,0.18,SB,thick_like,,unmatched,,,
UGC08506,UGC08506,UGC_8506,202.661423,49.136589,10.28,2.15,0.2091439688715953,4.78139534883721,0.07,SD,thick_like,,unmatched,,,
PGC2039711,PGC2039711,PGC_2039711,202.681396,33.838432,4.0,1.19,0.2975,3.361344537815126,0.16,SB,thick_like,,unmatched,,,
PGC159121,PGC159121,PGC_159121,202.724854,1.406518,3.12,1.74,0.5576923076923077,1.793103448275862,0.31,SB,thick_like,,unmatched,,,
NED,NED,,202.74025,36.989239,6.34,0.78,0.1230283911671924,8.128205128205128,0.05,SB,intermediate,,unmatched,,,
PGC2186982,PGC2186982,PGC_2186982,202.802383,41.796192,4.57,1.6,0.350109409190372,2.85625,0.08,IR,thick_like,,unmatched,,,
PGC1473561,PGC1473561,PGC_1473561,202.902725,15.037192,5.33,1.33,0.24953095684803,4.007518796992481,0.22,SB,thick_like,,unmatched,,,
IC00893,IC00893,IC_893,202.947433,-2.611617,9.08,4.1,0.4515418502202643,2.214634146341464,0.18,SB,thick_like,,unmatched,,,
UGC08515,UGC08515,UGC_8515,202.962555,11.25089,9.55,2.7,0.2827225130890052,3.537037037037037,0.27,SB,thick_like,,unmatched,,,
NED,NED,,202.994492,6.028995,4.93,0.76,0.1541582150101419,6.4868421052631575,0.09,SB,intermediate,,unmatched,,,
PGC1376530,PGC1376530,PGC_1376530,203.001175,10.231138,4.75,1.35,0.2842105263157894,3.518518518518518,0.06,SD,thick_like,,unmatched,,,
PGC92959,PGC92959,PGC_92959,203.002014,2.181885,6.65,1.48,0.2225563909774436,4.493243243243244,0.06,SD,thick_like,,unmatched,,,
PGC2422090,PGC2422090,PGC_2422090,203.033691,52.72493,3.75,1.47,0.392,2.5510204081632653,0.16,SB,thick_like,,unmatched,,,
2MASXJ13321543+2637470,2MASXJ133215432637470,,203.064056,26.62958,5.85,1.16,0.1982905982905982,5.043103448275862,0.07,SD,intermediate,,unmatched,,,
2MASXJ13321828+0756269,2MASXJ133218280756269,,203.076248,7.94061,5.07,1.59,0.3136094674556213,3.188679245283019,0.09,SC,thick_like,,unmatched,,,
SDSSJ133224.78+295937.0,SDSSJ133224782959370,,203.103271,29.993633,5.31,0.81,0.1525423728813559,6.5555555555555545,0.04,SD,intermediate,,unmatched,,,
NGC05208,NGC05208,NGC_5208,203.116409,7.316439,13.08,11.66,0.8914373088685016,1.1217838765008576,0.47,SB,thick_like,,unmatched,,,
PGC2229998,PGC2229998,PGC_2229998,203.160461,43.823635,4.83,1.74,0.3602484472049689,2.7758620689655173,0.18,SB,thick_like,,unmatched,,,
PGC1958727,PGC1958727,PGC_1958727,203.199448,31.676641,7.96,1.38,0.1733668341708542,5.768115942028986,0.08,SD,intermediate,,unmatched,,,
PGC47680,PGC47680,PGC_47680,203.209,-3.082803,10.14,4.45,0.4388560157790926,2.2786516853932586,0.12,SC,thick_like,,unmatched,,,
PGC1995173,PGC1995173,PGC_1995173,203.20961,32.400642,5.31,1.82,0.3427495291902072,2.917582417582417,0.27,SB,thick_like,,unmatched,,,
PGC1418616,PGC1418616,PGC_1418616,203.232697,12.90917,4.54,1.85,0.4074889867841409,2.454054054054054,0.25,SB,thick_like,,unmatched,,,
PGC214116,PGC214116,PGC_214116,203.262619,34.550625,4.34,2.02,0.4654377880184332,2.1485148514851486,0.19,SC,thick_like,,unmatched,,,
SDSSJ133310.99+370919.8,SDSSJ133310993709198,,203.295822,37.155502,4.36,0.94,0.2155963302752293,4.638297872340426,0.07,SD,thick_like,,unmatched,,,
PGC2191483,PGC2191483,PGC_2191483,203.306839,42.049831,5.5,0.98,0.1781818181818182,5.612244897959184,0.09,SC,intermediate,,unmatched,,,
PGC2038946,PGC2038946,PGC_2038946,203.337738,33.794815,2.91,1.79,0.6151202749140894,1.6256983240223464,0.12,SC,thick_like,,unmatched,,,
PGC1256389,PGC1256389,PGC_1256389,203.35141,3.660943,3.83,1.0,0.2610966057441253,3.83,0.07,SC,thick_like,,unmatched,,,
SDSSJ133324.73+382118.7,SDSSJ133324733821187,,203.353043,38.355217,6.95,1.04,0.1496402877697841,6.682692307692308,0.06,SB,intermediate,,unmatched,,,
SDSSJ133325.09+483639.2,SDSSJ133325094836392,,203.354538,48.610916,5.01,0.92,0.1836327345309381,5.445652173913043,0.07,SD,intermediate,,unmatched,,,
PGC2269607,PGC2269607,PGC_2269607,203.451096,45.731491,5.22,1.76,0.3371647509578544,2.965909090909091,0.14,SC,thick_like,,unmatched,,,
IC00897,IC00897,IC_897,203.483749,17.712725,9.63,2.74,0.284527518172378,3.5145985401459856,0.18,SD,thick_like,,unmatched,,,
NED,NED,,203.49379,14.249351,4.62,0.82,0.1774891774891774,5.634146341463415,0.06,SD,intermediate,,unmatched,,,
UGC08551,UGC08551,UGC_8551,203.518921,52.702286,15.2,3.46,0.2276315789473684,4.393063583815029,0.15,SB,thick_like,,unmatched,,,
PGC91297,PGC91297,PGC_91297,203.537155,39.850368,5.71,1.08,0.1891418563922942,5.287037037037036,0.08,SD,intermediate,,unmatched,,,
2MASXJ13341710+3455455,2MASXJ133417103455455,,203.571182,34.929325,7.65,7.28,0.9516339869281044,1.050824175824176,0.52,SB,thick_like,,unmatched,,,
UGC08549,UGC08549,UGC_8549,203.572861,32.199818,9.11,2.39,0.2623490669593853,3.811715481171548,0.18,SB,thick_like,,unmatched,,,
NED,NED,,203.583221,17.113453,4.46,1.03,0.2309417040358744,4.330097087378641,0.06,SD,thick_like,,unmatched,,,
PGC165620,PGC165620,PGC_165620,203.588333,33.938808,5.48,4.26,0.7773722627737225,1.2863849765258215,0.22,SC,thick_like,,unmatched,,,
PGC2126289,PGC2126289,PGC_2126289,203.682953,38.411297,3.95,0.96,0.2430379746835443,4.114583333333334,0.09,SD,thick_like,,unmatched,,,
PGC47862,PGC47862,PGC_47862,203.686035,1.705095,5.06,2.04,0.4031620553359684,2.4803921568627447,0.48,SB,thick_like,,unmatched,,,
NED,NED,,203.695389,38.506039,4.4,0.79,0.1795454545454545,5.569620253164557,0.05,SD,intermediate,,unmatched,,,
PGC1676838,PGC1676838,PGC_1676838,203.696899,22.830366,5.03,1.46,0.2902584493041749,3.445205479452055,0.41,SB,thick_like,,unmatched,,,
PGC2592186,PGC2592186,PGC_2592186,203.728668,59.592457,7.84,1.58,0.2015306122448979,4.962025316455696,0.27,SB,thick_like,,unmatched,,,
PGC1827217,PGC1827217,PGC_1827217,203.801559,28.132662,4.93,1.79,0.3630831643002029,2.754189944134078,0.12,SC,thick_like,,unmatched,,,
SDSSJ133515.72+490940.1,SDSSJ133515724909401,,203.815521,49.161156,3.8,1.12,0.2947368421052632,3.3928571428571423,0.08,SC,thick_like,,unmatched,,,
PGC1197021,PGC1197021,PGC_1197021,203.918167,1.508115,3.69,0.93,0.2520325203252033,3.967741935483871,0.07,SC,thick_like,,unmatched,,,
NED,NED,,203.960175,29.029911,4.67,0.76,0.1627408993576017,6.144736842105263,0.05,SD,intermediate,,unmatched,,,
PGC47970,PGC47970,PGC_47970,203.965042,27.866837,4.23,1.69,0.3995271867612293,2.502958579881657,0.42,SB,thick_like,,unmatched,,,
SDSSJ133604.36+181853.5,SDSSJ133604361818535,,204.018173,18.314871,4.84,1.37,0.2830578512396695,3.532846715328467,0.05,SD,thick_like,,unmatched,,,
UGC08590,UGC08590,UGC_8590,204.027695,37.088062,9.38,2.45,0.2611940298507462,3.8285714285714287,0.05,SD,thick_like,,unmatched,,,
PGC1469882,PGC1469882,PGC_1469882,204.055344,14.895672,5.97,1.92,0.321608040201005,3.109375,0.24,SB,thick_like,,unmatched,,,
PGC2584953,PGC2584953,PGC_2584953,204.059052,58.97554,2.95,1.09,0.3694915254237288,2.706422018348624,0.08,SD,thick_like,,unmatched,,,
PGC1711843,PGC1711843,PGC_1711843,204.08992,24.615946,6.89,1.36,0.1973875181422351,5.066176470588235,0.21,SB,intermediate,,unmatched,,,
PGC2070442,PGC2070442,PGC_2070442,204.105148,35.818325,3.71,1.78,0.4797843665768194,2.0842696629213484,0.13,SC,thick_like,,unmatched,,,
PGC1701393,PGC1701393,PGC_1701393,204.148346,24.175545,4.15,0.9,0.216867469879518,4.611111111111112,0.08,SC,thick_like,,unmatched,,,
PGC1783858,PGC1783858,PGC_1783858,204.175125,26.650154,6.44,1.83,0.2841614906832298,3.519125683060109,0.08,SD,thick_like,,unmatched,,,
PGC1401653,PGC1401653,PGC_1401653,204.19426,11.969736,4.99,2.23,0.4468937875751503,2.2376681614349776,0.36,SB,thick_like,,unmatched,,,
UGC08608,UGC08608,UGC_8608,204.254272,31.766466,15.32,3.0,0.195822454308094,5.1066666666666665,0.04,SD,intermediate,,unmatched,,,
NED,NED,,204.279556,19.907591,5.52,1.0,0.1811594202898551,5.52,0.05,SB,intermediate,,unmatched,,,
SDSSJ133721.17+444303.1,SDSSJ133721174443031,,204.33786,44.717499,2.99,1.34,0.4481605351170568,2.2313432835820897,0.11,SB,thick_like,,unmatched,,,
PGC2081725,PGC2081725,PGC_2081725,204.344025,36.501373,3.77,1.27,0.3368700265251989,2.968503937007874,0.16,SB,thick_like,,unmatched,,,
SDSSJ133728.21+495111.4,SDSSJ133728214951114,,204.367554,49.853168,3.97,1.17,0.2947103274559193,3.393162393162393,0.07,SC,thick_like,,unmatched,,,
PGC1318682,PGC1318682,PGC_1318682,204.374054,7.307046,12.05,2.33,0.1933609958506224,5.171673819742489,0.07,SC,intermediate,,unmatched,,,
PGC184034,PGC184034,PGC_184034,204.529785,-1.893398,4.23,3.19,0.7541371158392434,1.3260188087774296,0.13,SC,thick_like,,unmatched,,,
PGC92961,PGC92961,PGC_92961,204.624176,13.989483,5.78,1.38,0.2387543252595155,4.18840579710145,0.07,SD,thick_like,,unmatched,,,
PGC1309268,PGC1309268,PGC_1309268,204.664047,6.878185,5.37,1.14,0.212290502793296,4.710526315789474,0.06,SD,thick_like,,unmatched,,,
PGC1580531,PGC1580531,PGC_1580531,204.675537,19.100317,4.54,1.67,0.3678414096916299,2.7185628742514973,0.29,SB,thick_like,,unmatched,,,
2MASXJ13385427+5512443,2MASXJ133854275512443,,204.725845,55.212341,5.89,5.21,0.8845500848896435,1.130518234165067,0.19,SC,thick_like,,unmatched,,,
2MASXJ13390124+4906406,2MASXJ133901244906406,,204.755112,49.111317,5.64,1.71,0.3031914893617021,3.298245614035088,0.14,SB,thick_like,,unmatched,,,
UGC08634,UGC08634,UGC_8634,204.769119,2.163758,10.21,3.37,0.3300685602350636,3.0296735905044514,0.24,SA,thick_like,,unmatched,,,
PGC2236843,PGC2236843,PGC_2236843,204.897461,44.111286,4.49,1.33,0.2962138084632517,3.37593984962406,0.09,SC,thick_like,,unmatched,,,
PGC1095912,PGC1095912,PGC_1095912,204.948425,-2.301192,4.82,1.51,0.3132780082987552,3.19205298013245,0.21,SB,thick_like,,unmatched,,,
UGC08647,UGC08647,UGC_8647,204.94928,31.290661,17.08,6.26,0.3665105386416862,2.728434504792332,0.04,IR,thick_like,,unmatched,,,
PGC1792506,PGC1792506,PGC_1792506,205.088333,26.92363,4.32,0.93,0.2152777777777777,4.645161290322581,0.15,SC,thick_like,,unmatched,,,
SDSSJ134027.14+060655.6,SDSSJ134027140606556,,205.112961,6.115264,4.24,0.9,0.2122641509433962,4.711111111111111,0.06,SC,thick_like,,unmatched,,,
PGC2628869,PGC2628869,PGC_2628869,205.190445,62.016327,7.28,1.44,0.1978021978021978,5.055555555555556,0.31,SB,intermediate,,unmatched,,,
NED,NED,,205.230972,49.318275,3.13,1.53,0.4888178913738019,2.045751633986928,0.08,SD,thick_like,,unmatched,,,
PGC91305,PGC91305,PGC_91305,205.292084,26.136456,5.65,0.94,0.1663716814159291,6.010638297872341,0.05,SD,intermediate,,unmatched,,,
SDSSJ134120.27+090318.0,SDSSJ134120270903180,,205.334473,9.055014,3.96,0.75,0.1893939393939394,5.28,0.07,SD,intermediate,,unmatched,,,
PGC48445,PGC48445,PGC_48445,205.344025,5.040116,6.4,2.84,0.44375,2.2535211267605635,0.35,SB,thick_like,,unmatched,,,
PGC1984962,PGC1984962,PGC_1984962,205.369904,32.192574,5.37,2.33,0.4338919925512104,2.3047210300429186,0.09,SC,thick_like,,unmatched,,,
PGC1547687,PGC1547687,PGC_1547687,205.429596,18.009304,6.36,2.44,0.3836477987421383,2.6065573770491803,0.14,SC,thick_like,,unmatched,,,
PGC1874374,PGC1874374,PGC_1874374,205.477325,29.682924,3.14,1.61,0.5127388535031847,1.950310559006211,0.16,SB,thick_like,,unmatched,,,
PGC2374484,PGC2374484,PGC_2374484,205.493027,50.487766,4.88,2.14,0.4385245901639344,2.2803738317757007,0.39,SB,thick_like,,unmatched,,,
PGC2273061,PGC2273061,PGC_2273061,205.534775,45.95665,5.18,2.26,0.4362934362934362,2.2920353982300887,0.35,SB,thick_like,,unmatched,,,
PGC48559,PGC48559,PGC_48559,205.629471,30.25004,8.89,3.42,0.3847019122609673,2.5994152046783627,0.38,SA,thick_like,,unmatched,,,
PGC2295003,PGC2295003,PGC_2295003,205.709015,47.253864,4.15,1.63,0.3927710843373493,2.5460122699386507,0.33,SB,thick_like,,unmatched,,,
PGC48579,PGC48579,PGC_48579,205.723297,29.857254,6.96,2.92,0.4195402298850574,2.3835616438356166,0.12,SC,thick_like,,unmatched,,,
PGC2508355,PGC2508355,PGC_2508355,205.817078,55.615788,4.28,1.18,0.2757009345794392,3.627118644067797,0.24,SB,thick_like,,unmatched,,,
PGC48604,PGC48604,PGC_48604,205.822281,26.320833,4.74,1.24,0.2616033755274261,3.8225806451612905,0.09,SC,thick_like,,unmatched,,,
PGC91308,PGC91308,PGC_91308,205.921509,54.952236,19.6,1.55,0.0790816326530612,12.645161290322582,0.03,SD,thin_like,,unmatched,,,
2MASXJ13434864+1623407,2MASXJ134348641623407,,205.952667,16.394777,7.57,1.18,0.1558784676354029,6.415254237288136,0.07,SB,intermediate,,unmatched,,,
PGC1444821,PGC1444821,PGC_1444821,205.999619,13.943553,4.28,1.35,0.3154205607476635,3.1703703703703705,0.15,SC,thick_like,,unmatched,,,
PGC1272477,PGC1272477,PGC_1272477,206.002289,4.734505,4.53,0.92,0.2030905077262693,4.923913043478261,0.08,SD,thick_like,,unmatched,,,
PGC2212390,PGC2212390,PGC_2212390,206.017044,43.073978,4.83,3.32,0.6873706004140786,1.4548192771084338,0.45,SB,thick_like,,unmatched,,,
PGC48678,PGC48678,PGC_48678,206.089905,55.855938,5.78,1.82,0.314878892733564,3.175824175824176,0.41,SB,thick_like,,unmatched,,,
PGC2150695,PGC2150695,PGC_2150695,206.092606,39.491032,6.89,0.83,0.1204644412191582,8.301204819277109,0.06,SD,intermediate,,unmatched,,,
PGC214144,PGC214144,PGC_214144,206.093384,55.951298,5.07,1.51,0.2978303747534516,3.357615894039735,0.21,SB,thick_like,,unmatched,,,
PGC1864978,PGC1864978,PGC_1864978,206.139709,29.397026,5.65,1.03,0.1823008849557522,5.485436893203883,0.05,SD,intermediate,,unmatched,,,
PGC91309,PGC91309,PGC_91309,206.21344,23.021507,8.88,2.04,0.2297297297297297,4.352941176470589,0.15,SD,thick_like,,unmatched,,,
PGC48752,PGC48752,PGC_48752,206.246735,51.023842,7.91,2.27,0.2869785082174462,3.484581497797357,0.09,SC,thick_like,,unmatched,,,
PGC91310,PGC91310,PGC_91310,206.283066,-2.796383,11.78,2.41,0.2045840407470288,4.887966804979253,0.14,SB,thick_like,,unmatched,,,
PGC3301692,PGC3301692,PGC_3301692,206.288788,-1.715697,2.82,0.78,0.2765957446808511,3.615384615384615,0.07,SD,thick_like,,unmatched,,,
PGC1141131,PGC1141131,PGC_1141131,206.31427,-0.527907,5.72,1.42,0.2482517482517482,4.028169014084507,0.06,SD,thick_like,,unmatched,,,
PGC214146,PGC214146,PGC_214146,206.403671,22.054255,4.69,2.09,0.4456289978678037,2.244019138755981,0.11,SC,thick_like,,unmatched,,,
UGC08704,UGC08704,UGC_8704,206.412247,56.616508,9.7,5.37,0.5536082474226804,1.80633147113594,0.47,SB,thick_like,,unmatched,,,
2MASXJ13454958+5908419,2MASXJ134549585908419,,206.456467,59.145115,4.14,1.16,0.2801932367149758,3.5689655172413794,0.12,SB,thick_like,,unmatched,,,
2MASXJ13455138+4524127,2MASXJ134551384524127,,206.464355,45.403316,3.75,0.91,0.2426666666666666,4.12087912087912,0.12,SB,thick_like,,unmatched,,,
PGC1907781,PGC1907781,PGC_1907781,206.490295,30.538179,4.26,1.06,0.2488262910798122,4.018867924528301,0.06,SC,thick_like,,unmatched,,,
PGC2065796,PGC2065796,PGC_2065796,206.516373,35.520359,7.19,2.34,0.3254520166898469,3.072649572649573,0.22,SC,thick_like,,unmatched,,,
PGC1216578,PGC1216578,PGC_1216578,206.696594,2.12006,4.45,1.81,0.4067415730337078,2.458563535911602,0.41,SB,thick_like,,unmatched,,,
PGC1409530,PGC1409530,PGC_1409530,206.729248,12.436919,5.53,1.12,0.2025316455696202,4.9375,0.07,SB,thick_like,,unmatched,,,
NGC05308,NGC05308,NGC_5308,206.751785,60.973167,23.83,8.23,0.3453629878304658,2.8955042527339,0.47,SA,thick_like,,unmatched,,,
PGC1523652,PGC1523652,PGC_1523652,206.784958,17.059917,3.72,1.65,0.4435483870967741,2.254545454545455,0.09,SC,thick_like,,unmatched,,,
PGC48870,PGC48870,PGC_48870,206.794693,34.088745,7.9,4.2,0.5316455696202531,1.880952380952381,0.38,SB,thick_like,,unmatched,,,
PGC1253345,PGC1253345,PGC_1253345,206.858322,3.494267,5.79,1.85,0.3195164075993091,3.1297297297297297,0.16,SA,thick_like,,unmatched,,,
2MASXJ13473418+0943435,2MASXJ134734180943435,,206.892456,9.728805,3.07,0.89,0.2899022801302932,3.4494382022471908,0.1,SB,thick_like,,unmatched,,,
PGC2588474,PGC2588474,PGC_2588474,206.924133,59.269176,4.16,1.4,0.3365384615384615,2.9714285714285715,0.16,SB,thick_like,,unmatched,,,
SDSSJ134807.42+144711.9,SDSSJ134807421447119,,207.030945,14.786647,4.24,0.86,0.2028301886792452,4.930232558139536,0.06,SD,thick_like,,unmatched,,,
PGC1562845,PGC1562845,PGC_1562845,207.047485,18.551022,5.99,1.18,0.1969949916527545,5.076271186440678,0.24,SB,intermediate,,unmatched,,,
PGC91313,PGC91313,PGC_91313,207.063065,25.913782,5.91,1.81,0.3062605752961083,3.2651933701657456,0.11,SB,thick_like,,unmatched,,,
PGC1667418,PGC1667418,PGC_1667418,207.065826,22.303123,5.44,1.84,0.338235294117647,2.956521739130435,0.08,SC,thick_like,,unmatched,,,
SDSSJ134817.02+185435.4,SDSSJ134817021854354,,207.070908,18.909849,4.06,0.69,0.1699507389162561,5.884057971014492,0.08,SB,intermediate,,unmatched,,,
PGC1684468,PGC1684468,PGC_1684468,207.129944,23.271793,4.13,1.24,0.3002421307506053,3.3306451612903225,0.08,SC,thick_like,,unmatched,,,
PGC1719316,PGC1719316,PGC_1719316,207.142456,24.891464,5.15,1.83,0.3553398058252427,2.8142076502732243,0.12,SC,thick_like,,unmatched,,,
PGC1745429,PGC1745429,PGC_1745429,207.21904,25.677999,4.32,2.13,0.4930555555555555,2.0281690140845074,0.18,SC,thick_like,,unmatched,,,
PGC1264572,PGC1264572,PGC_1264572,207.317368,4.175276,4.49,1.91,0.4253897550111358,2.350785340314137,0.08,SC,thick_like,,unmatched,,,
PGC2173133,PGC2173133,PGC_2173133,207.335236,40.933598,5.8,1.62,0.2793103448275862,3.5802469135802464,0.1,SB,thick_like,,unmatched,,,
PGC105285,PGC105285,PGC_105285,207.341309,-2.621666,3.44,1.72,0.5,2.0,0.1,SC,thick_like,,unmatched,,,
PGC94641,PGC94641,PGC_94641,207.371704,26.336166,4.34,2.52,0.5806451612903226,1.722222222222222,0.39,SA,thick_like,,unmatched,,,
PGC49064,PGC49064,PGC_49064,207.404617,11.096528,6.92,6.19,0.8945086705202313,1.1179321486268174,0.41,SB,thick_like,,unmatched,,,
PGC91316,PGC91316,PGC_91316,207.416992,54.764858,9.02,1.3,0.1441241685144124,6.938461538461538,0.05,SD,intermediate,,unmatched,,,
PGC2599263,PGC2599263,PGC_2599263,207.535599,60.207176,7.28,1.46,0.2005494505494505,4.986301369863014,0.27,SB,thick_like,,unmatched,,,
PGC1805709,PGC1805709,PGC_1805709,207.726059,27.360069,7.17,1.89,0.2635983263598326,3.793650793650794,0.26,SB,thick_like,,unmatched,,,
SDSSJ135103.53+084333.0,SDSSJ135103530843330,,207.76474,8.725843,5.36,1.02,0.1902985074626865,5.254901960784314,0.05,SD,intermediate,,unmatched,,,
PGC1308893,PGC1308893,PGC_1308893,207.772415,6.859123,4.65,1.59,0.3419354838709677,2.9245283018867925,0.12,SB,thick_like,,unmatched,,,
PGC1512574,PGC1512574,PGC_1512574,207.778046,16.599592,5.6,2.2,0.3928571428571429,2.545454545454545,0.48,SA,thick_like,,unmatched,,,
PGC1663212,PGC1663212,PGC_1663212,207.783707,22.084909,4.89,2.11,0.4314928425357873,2.3175355450236967,0.2,SC,thick_like,,unmatched,,,
UGC08767,UGC08767,UGC_8767,207.799088,43.555569,7.46,4.18,0.5603217158176943,1.784688995215311,0.1,SC,thick_like,,unmatched,,,
SDSSJ135115.72+444134.5,SDSSJ135115724441345,,207.815536,44.692917,6.27,0.82,0.1307814992025518,7.646341463414634,0.09,SB,intermediate,,unmatched,,,
PGC2527139,PGC2527139,PGC_2527139,207.915802,56.146603,5.95,1.38,0.2319327731092436,4.311594202898551,0.27,SB,thick_like,,unmatched,,,
PGC1532886,PGC1532886,PGC_1532886,207.923309,17.441984,3.88,1.32,0.3402061855670103,2.939393939393939,0.11,SB,thick_like,,unmatched,,,
PGC2053720,PGC2053720,PGC_2053720,208.020569,34.734901,4.92,1.33,0.2703252032520325,3.699248120300752,0.09,SB,thick_like,,unmatched,,,
PGC1284444,PGC1284444,PGC_1284444,208.04512,5.503188,7.76,3.32,0.4278350515463917,2.3373493975903616,0.05,SC,thick_like,,unmatched,,,
PGC2085681,PGC2085681,PGC_2085681,208.048233,36.718838,5.11,1.62,0.3170254403131115,3.154320987654321,0.15,SC,thick_like,,unmatched,,,
PGC1725335,PGC1725335,PGC_1725335,208.058563,25.096451,6.31,1.24,0.196513470681458,5.088709677419355,0.2,SB,intermediate,,unmatched,,,
PGC1480342,PGC1480342,PGC_1480342,208.069305,15.28018,4.96,1.85,0.3729838709677419,2.681081081081081,0.1,SC,thick_like,,unmatched,,,
PGC1643462,PGC1643462,PGC_1643462,208.072037,21.131824,4.4,2.28,0.5181818181818181,1.929824561403509,0.27,SB,thick_like,,unmatched,,,
SDSSJ135220.24+071809.8,SDSSJ135220240718098,,208.084351,7.302726,4.9,0.67,0.136734693877551,7.313432835820896,0.05,SD,intermediate,,unmatched,,,
PGC2063903,PGC2063903,PGC_2063903,208.105728,35.397568,4.81,1.82,0.3783783783783784,2.6428571428571423,0.13,SC,thick_like,,unmatched,,,
PGC1373058,PGC1373058,PGC_1373058,208.136749,9.992638,3.48,1.52,0.4367816091954023,2.289473684210526,0.3,SB,thick_like,,unmatched,,,
PGC3303911,PGC3303911,PGC_3303911,208.1996,1.963481,19.45,2.88,0.1480719794344473,6.753472222222222,0.02,SD,intermediate,,unmatched,,,
UGC08786,UGC08786,UGC_8786,208.219131,-1.895424,9.75,4.15,0.4256410256410257,2.3493975903614457,0.15,SB,thick_like,,unmatched,,,
PGC49313,PGC49313,PGC_49313,208.24498,37.363342,5.69,3.35,0.5887521968365553,1.6985074626865673,0.5,SA,thick_like,,unmatched,,,
PGC2660910,PGC2660910,PGC_2660910,208.27803,63.778469,5.05,1.36,0.2693069306930693,3.713235294117647,0.09,SC,thick_like,,unmatched,,,
UGC08796,UGC08796,UGC_8796,208.290207,4.960931,12.16,1.74,0.1430921052631578,6.988505747126437,0.04,SD,intermediate,,unmatched,,,
PGC1597153,PGC1597153,PGC_1597153,208.370056,19.564857,4.09,1.39,0.3398533007334963,2.9424460431654675,0.25,SB,thick_like,,unmatched,,,
PGC49361,PGC49361,PGC_49361,208.388306,24.875233,9.0,5.57,0.6188888888888889,1.615798922800718,0.49,SA,thick_like,,unmatched,,,
SDSSJ135334.09+130121.3,SDSSJ135334091301213,,208.391937,13.02247,5.16,1.11,0.2151162790697674,4.648648648648648,0.16,SB,thick_like,,unmatched,,,
PGC1924853,PGC1924853,PGC_1924853,208.450027,30.945526,3.54,1.64,0.463276836158192,2.158536585365854,0.12,SC,thick_like,,unmatched,,,
NGC05358,NGC05358,NGC_5358,208.501724,40.277321,8.31,6.21,0.7472924187725631,1.3381642512077296,0.42,SA,thick_like,,unmatched,,,
SDSSJ135404.74+461802.0,SDSSJ135404744618020,,208.519791,46.300556,4.37,2.18,0.4988558352402746,2.0045871559633026,0.08,SC,thick_like,,unmatched,,,
NGC05348,NGC05348,NGC_5348,208.546997,5.227,28.73,7.2,0.2506091193873999,3.9902777777777776,0.06,SD,thick_like,,unmatched,,,
PGC2196672,PGC2196672,PGC_2196672,208.575409,42.324509,3.66,1.63,0.4453551912568305,2.2453987730061358,0.1,SC,thick_like,,unmatched,,,
PGC1918727,PGC1918727,PGC_1918727,208.598999,30.803768,5.07,1.9,0.3747534516765285,2.668421052631579,0.08,SC,thick_like,,unmatched,,,
PGC1789008,PGC1789008,PGC_1789008,208.619095,26.809603,3.24,1.22,0.3765432098765431,2.655737704918033,0.12,SB,thick_like,,unmatched,,,
SDSSJ135430.12+535852.0,SDSSJ135430125358520,,208.625473,53.981133,3.6,0.93,0.2583333333333333,3.870967741935484,0.09,SC,thick_like,,unmatched,,,
SDSSJ135433.72+400627.0,SDSSJ135433724006270,,208.640381,40.10751,4.07,1.18,0.2899262899262899,3.449152542372882,0.1,SC,thick_like,,unmatched,,,
PGC118989,PGC118989,PGC_118989,208.650253,-5.730217,8.06,1.87,0.2320099255583126,4.310160427807487,0.38,SB,thick_like,,unmatched,,,
SDSSJ135446.92+462005.1,SDSSJ135446924620051,,208.695511,46.334774,4.68,1.48,0.3162393162393163,3.162162162162162,0.05,SC,thick_like,,unmatched,,,
PGC992898,PGC992898,PGC_992898,208.750031,-9.289982,3.88,1.46,0.3762886597938144,2.6575342465753424,0.09,SC,thick_like,,unmatched,,,
2MASXJ13550938-0648212,2MASXJ135509380648212,,208.789139,-6.805851,7.67,2.05,0.2672750977835723,3.7414634146341466,0.18,SB,thick_like,,unmatched,,,
PGC92965,PGC92965,PGC_92965,208.814911,25.138622,7.61,2.36,0.3101182654402102,3.224576271186441,0.18,SB,thick_like,,unmatched,,,
PGC1731550,PGC1731550,PGC_1731550,208.851013,25.291521,6.68,1.95,0.2919161676646706,3.425641025641025,0.18,SB,thick_like,,unmatched,,,
PGC2280144,PGC2280144,PGC_2280144,208.855759,46.377029,2.7,1.45,0.537037037037037,1.862068965517241,0.09,SC,thick_like,,unmatched,,,
PGC1748720,PGC1748720,PGC_1748720,208.868713,25.759651,3.27,1.2,0.3669724770642201,2.725,0.17,SB,thick_like,,unmatched,,,
PGC1508021,PGC1508021,PGC_1508021,208.953674,16.405626,5.11,1.59,0.3111545988258317,3.2138364779874213,0.09,SD,thick_like,,unmatched,,,
SDSSJ135557.15+104531.0,SDSSJ135557151045310,,208.988113,10.758624,3.72,1.14,0.3064516129032257,3.2631578947368425,0.1,SC,thick_like,,unmatched,,,
PGC1839315,PGC1839315,PGC_1839315,209.049667,28.558481,4.58,1.26,0.2751091703056768,3.634920634920635,0.09,SC,thick_like,,unmatched,,,
PGC1461469,PGC1461469,PGC_1461469,209.091797,14.569995,3.45,1.24,0.3594202898550724,2.782258064516129,0.11,SC,thick_like,,unmatched,,,
PGC2254470,PGC2254470,PGC_2254470,209.093567,44.896286,4.99,1.86,0.3727454909819639,2.682795698924731,0.15,SC,thick_like,,unmatched,,,
UGC08857,UGC08857,UGC_8857,209.110901,4.396668,9.91,3.96,0.3995963673057517,2.5025252525252526,0.26,SB,thick_like,,unmatched,,,
PGC1048703,PGC1048703,PGC_1048703,209.157303,-5.146809,9.09,1.44,0.1584158415841584,6.3125,0.05,SC,intermediate,,unmatched,,,
UGC08862,UGC08862,UGC_8862,209.169342,20.171452,11.21,1.61,0.143621766280107,6.962732919254658,0.08,SD,intermediate,,unmatched,,,
SDSSJ135653.92+111915.9,SDSSJ135653921119159,,209.224701,11.321087,4.04,1.47,0.3638613861386138,2.748299319727891,0.08,SC,thick_like,,unmatched,,,
PGC93756,PGC93756,PGC_93756,209.23053,28.010294,3.93,1.28,0.3256997455470737,3.0703125,0.19,SA,thick_like,,unmatched,,,
PGC1016207,PGC1016207,PGC_1016207,209.276917,-7.601406,7.86,1.81,0.2302798982188295,4.342541436464089,0.07,SD,thick_like,,unmatched,,,
UGC08880,UGC08880,UGC_8880,209.297836,50.43573,5.81,4.42,0.7607573149741825,1.3144796380090498,0.29,SB,thick_like,,unmatched,,,
PGC1682569,PGC1682569,PGC_1682569,209.299332,23.163782,4.48,2.01,0.4486607142857142,2.228855721393036,0.42,SA,thick_like,,unmatched,,,
PGC1266441,PGC1266441,PGC_1266441,209.308502,4.307313,6.82,2.78,0.407624633431085,2.4532374100719427,0.07,SC,thick_like,,unmatched,,,
UGC08879,UGC08879,UGC_8879,209.415375,25.7747,14.83,3.94,0.2656776803776129,3.763959390862944,0.06,SD,thick_like,,unmatched,,,
PGC91324,PGC91324,PGC_91324,209.436813,25.600725,8.39,0.94,0.1120381406436233,8.925531914893618,0.05,SB,intermediate,,unmatched,,,
PGC1681265,PGC1681265,PGC_1681265,209.469055,23.089909,5.81,3.36,0.5783132530120482,1.7291666666666663,0.36,SB,thick_like,,unmatched,,,
SDSSJ135755.71+040615.8,SDSSJ135755710406158,,209.482132,4.104412,5.51,0.89,0.161524500907441,6.191011235955056,0.06,SC,intermediate,,unmatched,,,
PGC1658794,PGC1658794,PGC_1658794,209.511597,21.862425,3.11,0.9,0.2893890675241157,3.4555555555555557,0.07,SD,thick_like,,unmatched,,,
PGC1008294,PGC1008294,PGC_1008294,209.520035,-8.10144,4.15,1.51,0.3638554216867469,2.748344370860927,0.1,SC,thick_like,,unmatched,,,
SDSSJ135807.57+102905.3,SDSSJ135807571029053,,209.531586,10.484806,3.99,1.08,0.2706766917293233,3.694444444444444,0.09,SC,thick_like,,unmatched,,,
PGC91326,PGC91326,PGC_91326,209.534164,28.857222,5.19,3.26,0.628131021194605,1.5920245398773007,0.24,SA,thick_like,,unmatched,,,
NED,NED,,209.546799,9.519754,4.85,1.06,0.2185567010309278,4.575471698113207,0.04,SD,thick_like,,unmatched,,,
PGC1465364,PGC1465364,PGC_1465364,209.553787,14.71781,5.0,1.42,0.284,3.5211267605633805,0.06,SD,thick_like,,unmatched,,,
PGC1121702,PGC1121702,PGC_1121702,209.559708,-1.313642,5.81,2.23,0.3838209982788296,2.6053811659192823,0.1,SC,thick_like,,unmatched,,,
SDSSJ135819.79+295821.0,SDSSJ135819792958210,,209.582458,29.972504,3.63,1.11,0.3057851239669422,3.2702702702702697,0.08,SC,thick_like,,unmatched,,,
PGC1988126,PGC1988126,PGC_1988126,209.628342,32.252499,5.03,2.15,0.4274353876739562,2.3395348837209307,0.07,SC,thick_like,,unmatched,,,
PGC87673,PGC87673,PGC_87673,209.646301,28.847834,5.69,2.06,0.3620386643233743,2.7621359223300974,0.31,SB,thick_like,,unmatched,,,
PGC1498361,PGC1498361,PGC_1498361,209.665115,16.001812,4.64,3.91,0.8426724137931035,1.1867007672634269,0.34,SC,thick_like,,unmatched,,,
PGC2009196,PGC2009196,PGC_2009196,209.673523,32.710533,4.73,1.86,0.3932346723044397,2.543010752688172,0.12,SC,thick_like,,unmatched,,,
UGC08895,UGC08895,UGC_8895,209.686203,2.456769,9.75,2.48,0.2543589743589743,3.931451612903226,0.07,SD,thick_like,,unmatched,,,
SDSSJ135915.71+414335.6,SDSSJ135915714143356,,209.815475,41.726582,4.92,1.1,0.2235772357723577,4.472727272727273,0.06,SD,thick_like,,unmatched,,,
PGC1678338,PGC1678338,PGC_1678338,209.82489,22.920238,4.85,0.98,0.2020618556701031,4.948979591836735,0.08,SC,thick_like,,unmatched,,,
PGC2491652,PGC2491652,PGC_2491652,209.829239,55.132488,3.67,1.65,0.4495912806539509,2.224242424242424,0.22,SC,thick_like,,unmatched,,,
PGC105429,PGC105429,PGC_105429,209.840485,-3.053371,5.88,2.14,0.3639455782312925,2.747663551401869,0.11,SC,thick_like,,unmatched,,,
NED,NED,,209.893585,19.329641,5.0,1.03,0.206,4.854368932038835,0.06,SD,thick_like,,unmatched,,,
PGC91328,PGC91328,PGC_91328,209.950912,32.056019,6.13,1.17,0.1908646003262642,5.239316239316239,0.07,SD,intermediate,,unmatched,,,
SDSSJ140012.40+575549.6,SDSSJ140012405755496,,210.050934,57.930229,2.8,0.91,0.325,3.0769230769230766,0.11,SC,thick_like,,unmatched,,,
PGC1009369,PGC1009369,PGC_1009369,210.096939,-8.030606,3.93,1.0,0.2544529262086514,3.93,0.07,SD,thick_like,,unmatched,,,
NGC05422,NGC05422,NGC_5422,210.17511,55.164417,29.86,9.8,0.3281982585398527,3.046938775510204,0.46,SA,thick_like,,unmatched,,,
SDSSJ140042.77+090958.3,SDSSJ140042770909583,,210.178207,9.16621,4.14,0.76,0.1835748792270531,5.447368421052631,0.05,SD,intermediate,,unmatched,,,
PGC93048,PGC93048,PGC_93048,210.20462,43.563545,7.16,2.58,0.3603351955307262,2.7751937984496124,0.19,SC,thick_like,,unmatched,,,
PGC49891,PGC49891,PGC_49891,210.208405,2.094234,3.51,1.83,0.5213675213675214,1.9180327868852456,0.3,SB,thick_like,,unmatched,,,
PGC1321420,PGC1321420,PGC_1321420,210.225876,7.422179,5.14,1.32,0.2568093385214008,3.8939393939393936,0.06,SD,thick_like,,unmatched,,,
PGC1498503,PGC1498503,PGC_1498503,210.245392,16.007914,4.16,1.6,0.3846153846153846,2.6,0.08,SC,thick_like,,unmatched,,,
PGC1215040,PGC1215040,PGC_1215040,210.246109,2.069656,3.54,1.5,0.423728813559322,2.36,0.09,SC,thick_like,,unmatched,,,
PGC2664374,PGC2664374,PGC_2664374,210.383423,64.096962,6.48,2.0,0.3086419753086419,3.24,0.07,SC,thick_like,,unmatched,,,
PGC1632342,PGC1632342,PGC_1632342,210.405365,20.631321,5.82,1.68,0.2886597938144329,3.4642857142857144,0.19,SB,thick_like,,unmatched,,,
SDSSJ140150.99+114453.0,SDSSJ140150991144530,,210.46196,11.74811,4.57,1.12,0.2450765864332604,4.080357142857142,0.09,SC,thick_like,,unmatched,,,
PGC2588613,PGC2588613,PGC_2588613,210.523727,59.28017,7.68,2.07,0.26953125,3.710144927536232,0.06,SD,thick_like,,unmatched,,,
SDSSJ140209.66+093251.2,SDSSJ140209660932512,,210.540268,9.547558,2.96,1.13,0.3817567567567567,2.6194690265486726,0.06,SC,thick_like,,unmatched,,,
PGC50000,PGC50000,PGC_50000,210.585663,32.44817,7.13,3.25,0.455820476858345,2.193846153846154,0.32,SA,thick_like,,unmatched,,,
PGC91332,PGC91332,PGC_91332,210.627686,11.854463,8.65,1.96,0.2265895953757225,4.413265306122449,0.11,SB,thick_like,,unmatched,,,
NED,NED,,210.645966,29.618145,6.38,1.3,0.2037617554858934,4.907692307692307,0.06,SD,thick_like,,unmatched,,,
PGC50009,PGC50009,PGC_50009,210.647934,9.119865,7.99,2.64,0.3304130162703379,3.0265151515151514,0.35,SB,thick_like,,unmatched,,,
UGC08953,UGC08953,UGC_8953,210.659683,18.523113,10.45,2.92,0.2794258373205742,3.578767123287671,0.34,SB,thick_like,,unmatched,,,
SDSSJ140242.20+090950.9,SDSSJ140242200909509,,210.67569,9.164088,13.78,2.32,0.1683599419448476,5.939655172413794,0.11,SD,intermediate,,unmatched,,,
SDSSJ140246.49+161513.9,SDSSJ140246491615139,,210.693695,16.253883,4.5,1.03,0.2288888888888889,4.368932038834951,0.12,SB,thick_like,,unmatched,,,
PGC1363145,PGC1363145,PGC_1363145,210.694595,9.305797,3.67,0.94,0.2561307901907357,3.904255319148936,0.1,SC,thick_like,,unmatched,,,
PGC1401140,PGC1401140,PGC_1401140,210.695404,11.93811,6.08,1.49,0.2450657894736842,4.080536912751678,0.08,SD,thick_like,,unmatched,,,
SDSSJ140251.70+051234.0,SDSSJ140251700512340,,210.715439,5.209455,6.5,1.03,0.1584615384615384,6.310679611650485,0.08,SB,intermediate,,unmatched,,,
PGC1008295,PGC1008295,PGC_1008295,210.745438,-8.101349,5.98,1.36,0.2274247491638795,4.397058823529412,0.07,SB,thick_like,,unmatched,,,
PGC1519856,PGC1519856,PGC_1519856,210.750381,16.904564,7.57,2.13,0.2813738441215323,3.553990610328639,0.09,SC,thick_like,,unmatched,,,
2MASXJ14030099+0516024,2MASXJ140300990516024,,210.754013,5.267517,7.01,1.24,0.1768901569186876,5.653225806451613,0.06,SD,intermediate,,unmatched,,,
PGC2582201,PGC2582201,PGC_2582201,210.758209,58.738338,4.8,1.7,0.3541666666666667,2.823529411764706,0.26,SC,thick_like,,unmatched,,,
PGC1161600,PGC1161600,PGC_1161600,210.776749,0.272661,4.58,1.25,0.2729257641921397,3.664,0.09,SC,thick_like,,unmatched,,,
UGC08988,UGC08988,UGC_8988,210.834076,60.99041,13.75,4.01,0.2916363636363636,3.4289276807980054,0.14,SC,thick_like,,unmatched,,,
PGC50076,PGC50076,PGC_50076,210.846161,17.980484,3.65,1.6,0.4383561643835617,2.28125,0.38,SB,thick_like,,unmatched,,,
SDSSJ140325.62+634649.2,SDSSJ140325626346492,,210.856049,63.780159,3.64,1.11,0.3049450549450549,3.279279279279279,0.06,SD,thick_like,,unmatched,,,
NGC05445,NGC05445,NGC_5445,210.881256,35.025311,12.28,7.36,0.5993485342019544,1.668478260869565,0.5,SA,thick_like,,unmatched,,,
PGC91333,PGC91333,PGC_91333,210.908997,11.573483,6.76,1.75,0.2588757396449704,3.862857142857143,0.07,SD,thick_like,,unmatched,,,
PGC2044359,PGC2044359,PGC_2044359,210.910202,34.131153,4.39,1.42,0.3234624145785877,3.091549295774648,0.12,SC,thick_like,,unmatched,,,
PGC2546909,PGC2546909,PGC_2546909,210.924652,56.759705,2.96,1.62,0.5472972972972974,1.8271604938271604,0.18,SC,thick_like,,unmatched,,,
PGC1714279,PGC1714279,PGC_1714279,210.928665,24.709038,4.34,1.77,0.4078341013824885,2.451977401129944,0.11,SC,thick_like,,unmatched,,,
PGC2679659,PGC2679659,PGC_2679659,210.935303,65.678909,4.77,1.68,0.3522012578616352,2.839285714285714,0.33,SA,thick_like,,unmatched,,,
UGC08984,UGC08984,UGC_8984,210.946518,35.741676,10.07,5.24,0.5203574975173784,1.92175572519084,0.41,SA,thick_like,,unmatched,,,
SDSSJ140403.61+094749.6,SDSSJ140403610947496,,211.015076,9.797125,4.01,0.85,0.2119700748129676,4.7176470588235295,0.05,SD,thick_like,,unmatched,,,
IC04370,IC04370,IC_4370,211.041809,33.337505,12.33,4.91,0.3982157339821573,2.511201629327902,0.56,SA,thick_like,,unmatched,,,
NED,NED,,211.100281,28.060202,4.41,0.76,0.1723356009070294,5.802631578947368,0.06,SD,intermediate,,unmatched,,,
PGC91334,PGC91334,PGC_91334,211.105743,-0.456761,9.45,1.48,0.1566137566137566,6.385135135135135,0.04,SD,intermediate,,unmatched,,,
PGC159661,PGC159661,PGC_159661,211.179153,-9.273774,8.75,2.78,0.3177142857142856,3.1474820143884896,0.18,SB,thick_like,,unmatched,,,
NED,NED,,211.189224,2.895956,9.57,0.86,0.089864158829676,11.127906976744187,0.04,SD,thin_like,,unmatched,,,
PGC922599,PGC922599,PGC_922599,211.193817,-14.595416,5.29,1.06,0.2003780718336484,4.9905660377358485,0.06,SD,thick_like,,unmatched,,,
PGC1497407,PGC1497407,PGC_1497407,211.232513,15.961317,6.77,1.31,0.1935007385524372,5.1679389312977095,0.16,SB,intermediate,,unmatched,,,
PGC1821062,PGC1821062,PGC_1821062,211.252701,27.903471,4.71,1.83,0.3885350318471338,2.5737704918032787,0.28,SB,thick_like,,unmatched,,,
PGC2582250,PGC2582250,PGC_2582250,211.264755,58.74321,4.7,1.58,0.3361702127659574,2.9746835443037973,0.08,SC,thick_like,,unmatched,,,
PGC1398506,PGC1398506,PGC_1398506,211.29332,11.771366,5.04,2.18,0.4325396825396825,2.311926605504587,0.32,SB,thick_like,,unmatched,,,
PGC2599243,PGC2599243,PGC_2599243,211.293732,60.205372,3.55,1.73,0.4873239436619718,2.052023121387283,0.12,SC,thick_like,,unmatched,,,
PGC1258049,PGC1258049,PGC_1258049,211.330154,3.759423,4.47,1.62,0.3624161073825503,2.759259259259259,0.33,SA,thick_like,,unmatched,,,
PGC1497167,PGC1497167,PGC_1497167,211.349197,15.950579,5.44,1.1,0.2022058823529411,4.945454545454545,0.06,SD,thick_like,,unmatched,,,
PGC1996047,PGC1996047,PGC_1996047,211.360016,32.420185,4.36,1.23,0.2821100917431192,3.544715447154472,0.07,SC,thick_like,,unmatched,,,
UGC09014,UGC09014,UGC_9014,211.369843,34.921986,10.74,3.11,0.2895716945996275,3.453376205787781,0.19,SD,thick_like,,unmatched,,,
2MASXJ14053231-0954252,2MASXJ140532310954252,,211.384644,-9.907147,7.47,2.44,0.3266398929049531,3.0614754098360657,0.33,SB,thick_like,,unmatched,,,
PGC1514352,PGC1514352,PGC_1514352,211.401794,16.677324,6.07,1.75,0.2883031301482702,3.468571428571429,0.27,SB,thick_like,,unmatched,,,
PGC2097099,PGC2097099,PGC_2097099,211.407791,37.285522,4.43,1.41,0.3182844243792325,3.141843971631205,0.1,SC,thick_like,,unmatched,,,
PGC2177909,PGC2177909,PGC_2177909,211.423019,41.241203,4.46,1.43,0.3206278026905829,3.118881118881119,0.1,SC,thick_like,,unmatched,,,
PGC2633721,PGC2633721,PGC_2633721,211.502289,62.271084,3.71,1.07,0.2884097035040431,3.467289719626168,0.09,SC,thick_like,,unmatched,,,
PGC50302,PGC50302,PGC_50302,211.551697,14.711163,6.43,2.05,0.3188180404354587,3.1365853658536587,0.55,SA,thick_like,,unmatched,,,
NGC05470,NGC05470,NGC_5470,211.63208,6.028053,24.52,6.8,0.2773246329526916,3.605882352941177,0.08,IR,thick_like,,unmatched,,,
PGC1364369,PGC1364369,PGC_1364369,211.673416,9.387191,5.23,1.09,0.2084130019120459,4.798165137614679,0.07,SD,thick_like,,unmatched,,,
PGC2573549,PGC2573549,PGC_2573549,211.711899,58.014091,8.36,2.38,0.284688995215311,3.5126050420168067,0.47,SA,thick_like,,unmatched,,,
SDSSJ140700.01+062827.2,SDSSJ140700010628272,,211.750061,6.474236,5.29,0.73,0.1379962192816635,7.2465753424657535,0.05,SD,intermediate,,unmatched,,,
PGC1469516,PGC1469516,PGC_1469516,211.752716,14.881229,8.74,2.25,0.2574370709382151,3.8844444444444446,0.25,SB,thick_like,,unmatched,,,
PGC1640099,PGC1640099,PGC_1640099,211.774612,20.980408,4.54,1.46,0.3215859030837004,3.1095890410958904,0.09,SC,thick_like,,unmatched,,,
PGC91336,PGC91336,PGC_91336,211.795685,26.975105,7.19,1.66,0.2308762169680111,4.33132530120482,0.06,SD,thick_like,,unmatched,,,
PGC1940473,PGC1940473,PGC_1940473,211.826126,31.293926,4.3,1.92,0.4465116279069767,2.239583333333333,0.12,SC,thick_like,,unmatched,,,
PGC1677492,PGC1677492,PGC_1677492,211.829575,22.868383,4.43,1.21,0.27313769751693,3.661157024793389,0.18,SB,thick_like,,unmatched,,,
PGC2504009,PGC2504009,PGC_2504009,211.839294,55.491402,4.65,1.38,0.2967741935483871,3.3695652173913047,0.07,SC,thick_like,,unmatched,,,
PGC1580170,PGC1580170,PGC_1580170,211.841568,19.089119,3.02,1.46,0.4834437086092715,2.068493150684932,0.1,SC,thick_like,,unmatched,,,
NED,NED,,211.896149,18.046177,5.14,0.69,0.1342412451361867,7.449275362318841,0.05,SB,intermediate,,unmatched,,,
UGC09030,UGC09030,UGC_9030,211.909378,9.675363,9.63,2.74,0.284527518172378,3.5145985401459856,0.09,SD,thick_like,,unmatched,,,
PGC1279946,PGC1279946,PGC_1279946,211.990646,5.219064,4.78,1.83,0.3828451882845188,2.612021857923497,0.16,SC,thick_like,,unmatched,,,
PGC1157440,PGC1157440,PGC_1157440,211.992188,0.113886,4.86,0.93,0.191358024691358,5.225806451612903,0.06,SD,intermediate,,unmatched,,,
2MASXJ14075843+1132471,2MASXJ140758431132471,,211.993469,11.546497,4.69,1.61,0.3432835820895522,2.9130434782608696,0.3,SB,thick_like,,unmatched,,,
SDSSJ140803.79+130058.0,SDSSJ140803791300580,,212.015823,13.016112,3.07,0.57,0.1856677524429967,5.385964912280702,0.05,SD,intermediate,,unmatched,,,
PGC2283961,PGC2283961,PGC_2283961,212.017242,46.600483,5.14,1.71,0.3326848249027238,3.005847953216374,0.15,SC,thick_like,,unmatched,,,
PGC1306361,PGC1306361,PGC_1306361,212.037994,6.727457,4.89,1.35,0.2760736196319018,3.622222222222222,0.08,SD,thick_like,,unmatched,,,
PGC1827277,PGC1827277,PGC_1827277,212.050018,28.134926,4.2,1.27,0.3023809523809523,3.307086614173228,0.12,SC,thick_like,,unmatched,,,
PGC1853137,PGC1853137,PGC_1853137,212.077988,29.017101,4.17,1.33,0.3189448441247002,3.1353383458646613,0.09,SD,thick_like,,unmatched,,,
PGC2081988,PGC2081988,PGC_2081988,212.08075,36.514088,5.65,1.1,0.1946902654867256,5.136363636363637,0.09,SD,intermediate,,unmatched,,,
PGC2516657,PGC2516657,PGC_2516657,212.082245,55.852665,6.42,1.13,0.17601246105919,5.68141592920354,0.06,SD,intermediate,,unmatched,,,
SDSSJ140838.22+485259.9,SDSSJ140838224852599,,212.159286,48.883324,4.87,0.99,0.2032854209445585,4.91919191919192,0.08,SC,thick_like,,unmatched,,,
PGC1691433,PGC1691433,PGC_1691433,212.164795,23.66678,4.51,2.09,0.4634146341463414,2.1578947368421053,0.32,SA,thick_like,,unmatched,,,
PGC1282730,PGC1282730,PGC_1282730,212.183121,5.392905,4.38,1.4,0.319634703196347,3.128571428571429,0.22,SB,thick_like,,unmatched,,,
PGC1768951,PGC1768951,PGC_1768951,212.190552,26.250086,4.27,1.23,0.288056206088993,3.471544715447154,0.11,SB,thick_like,,unmatched,,,
NED,NED,,212.234482,13.126071,5.15,0.91,0.1766990291262135,5.65934065934066,0.04,SD,intermediate,,unmatched,,,
PGC1387049,PGC1387049,PGC_1387049,212.254669,10.969069,3.6,1.48,0.4111111111111111,2.4324324324324325,0.14,SB,thick_like,,unmatched,,,
NED,NED,,212.26767,22.394299,5.66,1.65,0.2915194346289752,3.43030303030303,0.2,SD,thick_like,,unmatched,,,
PGC2483087,PGC2483087,PGC_2483087,212.268021,54.872204,3.39,1.9,0.5604719764011798,1.7842105263157897,0.4,SA,thick_like,,unmatched,,,
PGC1635797,PGC1635797,PGC_1635797,212.361755,20.782475,4.92,1.64,0.3333333333333333,3.0,0.11,SC,thick_like,,unmatched,,,
PGC963195,PGC963195,PGC_963195,212.416992,-11.661584,5.54,1.99,0.3592057761732852,2.7839195979899496,0.08,SC,thick_like,,unmatched,,,
SDSSJ140954.58+560526.1,SDSSJ140954585605261,,212.477417,56.09071,4.34,1.57,0.3617511520737327,2.764331210191082,0.09,SC,thick_like,,unmatched,,,
PGC84122,PGC84122,PGC_84122,212.509491,38.70647,6.64,2.39,0.3599397590361446,2.7782426778242675,0.1,SC,thick_like,,unmatched,,,
PGC1802459,PGC1802459,PGC_1802459,212.529053,27.255512,4.49,1.91,0.4253897550111358,2.350785340314137,0.11,SC,thick_like,,unmatched,,,
PGC2215033,PGC2215033,PGC_2215033,212.549927,43.191257,3.92,1.3,0.3316326530612245,3.0153846153846158,0.23,SB,thick_like,,unmatched,,,
SDSSJ141016.01+532626.0,SDSSJ141016015326260,,212.566696,53.440582,6.46,1.55,0.239938080495356,4.167741935483871,0.06,SD,thick_like,,unmatched,,,
PGC2490375,PGC2490375,PGC_2490375,212.568802,55.095379,6.72,1.53,0.2276785714285714,4.3921568627450975,0.15,SB,thick_like,,unmatched,,,
SDSSJ141023.79+114952.8,SDSSJ141023791149528,,212.599152,11.831346,3.87,1.68,0.4341085271317829,2.303571428571429,0.1,SC,thick_like,,unmatched,,,
SDSSJ141024.19+325902.7,SDSSJ141024193259027,,212.600739,32.984081,4.32,0.88,0.2037037037037037,4.909090909090909,0.08,SC,thick_like,,unmatched,,,
NGC05492,NGC05492,NGC_5492,212.64682,19.612232,13.03,6.42,0.4927091327705296,2.029595015576324,0.44,SB,thick_like,,unmatched,,,
UGC09080,UGC09080,UGC_9080,212.649597,59.357998,13.19,2.79,0.2115238817285822,4.727598566308243,0.08,SD,thick_like,,unmatched,,,
PGC1382736,PGC1382736,PGC_1382736,212.689926,10.664754,3.77,0.8,0.2122015915119363,4.7125,0.1,SD,thick_like,,unmatched,,,
PGC1787535,PGC1787535,PGC_1787535,212.709183,26.760986,4.22,1.99,0.471563981042654,2.120603015075377,0.2,SC,thick_like,,unmatched,,,
PGC119441,PGC119441,PGC_119441,212.727036,-12.661681,4.2,1.88,0.4476190476190476,2.2340425531914896,0.2,SB,thick_like,,unmatched,,,
PGC2474234,PGC2474234,PGC_2474234,212.784729,54.593391,4.85,1.28,0.2639175257731959,3.7890625,0.09,SC,thick_like,,unmatched,,,
PGC50642,PGC50642,PGC_50642,212.792038,1.474714,6.13,2.55,0.4159869494290375,2.4039215686274518,0.46,SA,thick_like,,unmatched,,,
PGC50651,PGC50651,PGC_50651,212.82402,55.512188,7.94,4.78,0.6020151133501259,1.661087866108787,0.12,SC,thick_like,,unmatched,,,
PGC1365873,PGC1365873,PGC_1365873,212.829987,9.490675,8.28,2.05,0.2475845410628019,4.039024390243903,0.2,SB,thick_like,,unmatched,,,
SDSSJ141123.08+395942.2,SDSSJ141123083959422,,212.846176,39.995079,4.87,1.02,0.2094455852156057,4.7745098039215685,0.07,SD,thick_like,,unmatched,,,
2MASXJ14112822+3550436,2MASXJ141128223550436,,212.867661,35.845524,3.27,1.14,0.3486238532110091,2.868421052631579,0.1,SC,thick_like,,unmatched,,,
PGC1998777,PGC1998777,PGC_1998777,212.881973,32.476643,5.39,1.2,0.222634508348794,4.491666666666666,0.07,SD,thick_like,,unmatched,,,
PGC1898707,PGC1898707,PGC_1898707,212.888367,30.310888,3.37,1.56,0.4629080118694362,2.16025641025641,0.17,SC,thick_like,,unmatched,,,
PGC1131761,PGC1131761,PGC_1131761,212.939514,-0.904287,5.85,1.68,0.2871794871794872,3.482142857142857,0.27,SB,thick_like,,unmatched,,,
2MASXJ14115567+4132107,2MASXJ141155674132107,,212.981903,41.536186,4.24,0.99,0.2334905660377358,4.282828282828283,0.07,SD,thick_like,,unmatched,,,
PGC91341,PGC91341,PGC_91341,213.042023,6.527228,7.32,1.45,0.198087431693989,5.048275862068966,0.07,SD,intermediate,,unmatched,,,
PGC897240,PGC897240,PGC_897240,213.050034,-16.507574,5.2,1.13,0.2173076923076922,4.601769911504426,0.09,SC,thick_like,,unmatched,,,
UGC09091,UGC09091,UGC_9091,213.06781,29.90744,9.5,2.05,0.2157894736842105,4.634146341463415,0.09,SB,thick_like,,unmatched,,,
PGC1726169,PGC1726169,PGC_1726169,213.080658,25.123993,6.15,1.12,0.1821138211382114,5.491071428571428,0.08,SD,intermediate,,unmatched,,,
SDSSJ141222.29+012154.9,SDSSJ141222290121549,,213.092896,1.365239,4.8,1.68,0.35,2.857142857142857,0.07,SC,thick_like,,unmatched,,,
SDSSJ141236.33+512139.1,SDSSJ141236335121391,,213.150803,51.360966,3.81,1.0,0.2624671916010498,3.81,0.09,SD,thick_like,,unmatched,,,
PGC2200239,PGC2200239,PGC_2200239,213.152481,42.506008,6.31,1.37,0.2171156893819334,4.6058394160583935,0.07,SD,thick_like,,unmatched,,,
PGC91342,PGC91342,PGC_91342,213.157654,1.615652,12.07,1.61,0.1333885666942833,7.496894409937888,0.06,SD,intermediate,,unmatched,,,
PGC1740755,PGC1740755,PGC_1740755,213.206284,25.55319,6.91,2.29,0.3314037626628075,3.017467248908297,0.42,SA,thick_like,,unmatched,,,
SDSSJ141250.06+533743.0,SDSSJ141250065337430,,213.207916,53.62891,3.3,1.21,0.3666666666666667,2.727272727272727,0.18,SB,thick_like,,unmatched,,,
PGC50761,PGC50761,PGC_50761,213.268951,20.400751,5.59,2.39,0.4275491949910555,2.3389121338912133,0.41,SB,thick_like,,unmatched,,,
PGC2471326,PGC2471326,PGC_2471326,213.296936,54.495628,4.28,1.88,0.439252336448598,2.276595744680851,0.14,SC,thick_like,,unmatched,,,
SDSSJ141313.40+371031.7,SDSSJ141313403710317,,213.305847,37.175507,5.65,1.08,0.1911504424778761,5.231481481481482,0.1,SC,intermediate,,unmatched,,,
NGC05506,NGC05506,NGC_5506,213.311981,-3.20759,18.05,11.18,0.6193905817174515,1.614490161001789,0.14,SC,thick_like,,unmatched,,,
2MASXJ14131840-1858135,2MASXJ141318401858135,,213.326706,-18.970688,7.73,0.85,0.1099611901681759,9.094117647058823,0.07,SD,intermediate,,unmatched,,,
PGC1201967,PGC1201967,PGC_1201967,213.328903,1.6644,5.43,1.65,0.3038674033149171,3.290909090909091,0.11,SC,thick_like,,unmatched,,,
PGC2411840,PGC2411840,PGC_2411840,213.330505,52.311317,4.0,1.36,0.34,2.941176470588235,0.14,SB,thick_like,,unmatched,,,
PGC3120024,PGC3120024,PGC_3120024,213.335052,1.912502,6.12,1.55,0.2532679738562091,3.9483870967741934,0.06,SD,thick_like,,unmatched,,,
PGC1315925,PGC1315925,PGC_1315925,213.389038,7.192012,3.87,0.93,0.2403100775193798,4.161290322580645,0.11,SB,thick_like,,unmatched,,,
PGC1159260,PGC1159260,PGC_1159260,213.389252,0.185825,5.27,1.12,0.2125237191650854,4.705357142857142,0.13,SB,thick_like,,unmatched,,,
PGC91346,PGC91346,PGC_91346,213.455902,26.482141,14.45,2.37,0.1640138408304498,6.097046413502109,0.02,SB,intermediate,,unmatched,,,
NGC05526,NGC05526,NGC_5526,213.471848,57.771858,12.1,3.84,0.3173553719008264,3.1510416666666665,0.05,SD,thick_like,,unmatched,,,
PGC50831,PGC50831,PGC_50831,213.473007,15.509946,9.5,2.92,0.3073684210526315,3.2534246575342465,0.27,SB,thick_like,,unmatched,,,
PGC91348,PGC91348,PGC_91348,213.474136,47.895271,7.07,1.16,0.164073550212164,6.094827586206897,0.07,SD,intermediate,,unmatched,,,
PGC1606992,PGC1606992,PGC_1606992,213.492569,19.829393,5.09,1.3,0.2554027504911591,3.9153846153846152,0.18,SB,thick_like,,unmatched,,,
PGC1387632,PGC1387632,PGC_1387632,213.502045,11.011132,7.62,1.45,0.1902887139107611,5.255172413793104,0.22,SB,intermediate,,unmatched,,,
SDSSJ141414.03+395424.7,SDSSJ141414033954247,,213.558472,39.906876,6.02,0.8,0.132890365448505,7.524999999999999,0.08,SB,intermediate,,unmatched,,,
2MASXJ14142453+5925216,2MASXJ141424535925216,,213.602219,59.422535,6.4,0.76,0.11875,8.421052631578947,0.07,SB,intermediate,,unmatched,,,
SDSSJ141430.72+083615.6,SDSSJ141430720836156,,213.628006,8.604358,3.45,0.85,0.2463768115942028,4.058823529411765,0.08,SC,thick_like,,unmatched,,,
PGC1610436,PGC1610436,PGC_1610436,213.693954,19.928823,3.66,1.07,0.2923497267759563,3.420560747663551,0.19,SB,thick_like,,unmatched,,,
2MASXJ14144695+0257312,2MASXJ141446950257312,,213.695587,2.95869,5.05,0.88,0.1742574257425742,5.738636363636363,0.08,SB,intermediate,,unmatched,,,
PGC3124918,PGC3124918,PGC_3124918,213.706604,3.756818,6.51,2.3,0.3533026113671275,2.830434782608696,0.22,SB,thick_like,,unmatched,,,
PGC1357457,PGC1357457,PGC_1357457,213.712906,8.984808,4.67,1.07,0.2291220556745182,4.364485981308411,0.19,SB,thick_like,,unmatched,,,
PGC2552235,PGC2552235,PGC_2552235,213.717529,56.931553,4.05,1.87,0.4617283950617284,2.1657754010695185,0.12,SC,thick_like,,unmatched,,,
PGC2575904,PGC2575904,PGC_2575904,213.728287,58.210911,5.43,1.25,0.2302025782688766,4.343999999999999,0.06,SD,thick_like,,unmatched,,,
PGC184580,PGC184580,PGC_184580,213.757156,-0.86013,8.52,2.32,0.272300469483568,3.672413793103448,0.21,UN,thick_like,,unmatched,,,
PGC2346044,PGC2346044,PGC_2346044,213.823837,49.542416,4.66,1.13,0.242489270386266,4.123893805309735,0.07,SD,thick_like,,unmatched,,,
UGC09131,UGC09131,UGC_9131,213.828796,63.653255,6.73,5.06,0.7518573551263,1.3300395256916997,0.22,SB,thick_like,,unmatched,,,
PGC1870740,PGC1870740,PGC_1870740,213.839828,29.576197,4.9,0.94,0.1918367346938775,5.212765957446809,0.05,SD,intermediate,,unmatched,,,
NGC05529,NGC05529,NGC_5529,213.891953,36.226582,48.39,7.79,0.1609836743128745,6.21181001283697,0.17,SB,intermediate,,unmatched,,,
PGC1517946,PGC1517946,PGC_1517946,213.908783,16.82667,4.79,1.72,0.3590814196242171,2.7848837209302326,0.11,SC,thick_like,,unmatched,,,
NGC05525,NGC05525,NGC_5525,213.913132,14.282811,8.17,9.23,1.1297429620563035,0.885157096424702,0.3,SB,thick_like,,unmatched,,,
SDSSJ141544.43+183645.9,SDSSJ141544431836459,,213.93515,18.612762,5.86,1.69,0.28839590443686,3.4674556213017755,0.06,SC,thick_like,,unmatched,,,
SDSSJ141553.83+170207.5,SDSSJ141553831702075,,213.974289,17.035416,3.72,0.86,0.2311827956989247,4.325581395348838,0.08,SB,thick_like,,unmatched,,,
PGC1273350,PGC1273350,PGC_1273350,214.007629,4.790988,7.39,1.27,0.1718538565629228,5.818897637795275,0.08,SB,intermediate,,unmatched,,,
PGC1782809,PGC1782809,PGC_1782809,214.056412,26.62093,5.07,1.42,0.2800788954635108,3.570422535211268,0.16,SC,thick_like,,unmatched,,,
PGC870033,PGC870033,PGC_870033,214.107864,-18.290281,5.03,2.47,0.4910536779324055,2.0364372469635628,0.48,SA,thick_like,,unmatched,,,
PGC2562289,PGC2562289,PGC_2562289,214.131653,57.296154,2.44,1.36,0.5573770491803279,1.7941176470588234,0.12,SC,thick_like,,unmatched,,,
PGC2681548,PGC2681548,PGC_2681548,214.134827,65.88118,5.9,1.59,0.2694915254237288,3.710691823899371,0.07,SD,thick_like,,unmatched,,,
PGC2085539,PGC2085539,PGC_2085539,214.154922,36.710743,4.1,0.97,0.2365853658536585,4.22680412371134,0.07,SD,thick_like,,unmatched,,,
PGC84138,PGC84138,PGC_84138,214.157532,40.21632,7.94,2.34,0.2947103274559193,3.393162393162393,0.21,SB,thick_like,,unmatched,,,
PGC1384516,PGC1384516,PGC_1384516,214.158066,10.791702,4.0,2.07,0.5175,1.9323671497584545,0.11,SC,thick_like,,unmatched,,,
PGC2597952,PGC2597952,PGC_2597952,214.171066,60.094986,3.66,1.65,0.4508196721311475,2.2181818181818183,0.11,SC,thick_like,,unmatched,,,
UGC09138,UGC09138,UGC_9138,214.196716,23.002468,12.29,3.15,0.2563059397884459,3.9015873015873015,0.08,SD,thick_like,,unmatched,,,
PGC1283147,PGC1283147,PGC_1283147,214.227631,5.418987,3.85,1.08,0.2805194805194805,3.564814814814815,0.11,SC,thick_like,,unmatched,,,
PGC1167771,PGC1167771,PGC_1167771,214.268524,0.507992,2.98,1.81,0.6073825503355705,1.6464088397790055,0.26,SC,thick_like,,unmatched,,,
PGC1154068,PGC1154068,PGC_1154068,214.282135,-0.015239,3.77,1.46,0.3872679045092838,2.5821917808219177,0.38,SB,thick_like,,unmatched,,,
IC00996,IC00996,IC_996,214.341949,57.629856,11.02,3.26,0.2958257713248639,3.380368098159509,0.09,SD,thick_like,,unmatched,,,
SDSSJ141730.86+084516.3,SDSSJ141730860845163,,214.378616,8.754555,5.7,0.95,0.1666666666666666,6.000000000000001,0.06,SD,intermediate,,unmatched,,,
PGC1210762,PGC1210762,PGC_1210762,214.391617,1.936913,3.25,1.56,0.48,2.083333333333333,0.31,SA,thick_like,,unmatched,,,
PGC1343868,PGC1343868,PGC_1343868,214.397446,8.297918,5.22,1.15,0.2203065134099616,4.539130434782609,0.07,SD,thick_like,,unmatched,,,
NGC05538,NGC05538,NGC_5538,214.427048,7.476662,6.44,2.85,0.4425465838509316,2.259649122807017,0.34,SB,thick_like,,unmatched,,,
PGC1784303,PGC1784303,PGC_1784303,214.573135,26.662285,3.22,1.24,0.3850931677018633,2.5967741935483875,0.13,SC,thick_like,,unmatched,,,
NGC05553,NGC05553,NGC_5553,214.623886,26.287846,8.8,4.41,0.5011363636363636,1.99546485260771,0.39,SA,thick_like,,unmatched,,,
PGC91354,PGC91354,PGC_91354,214.638168,7.286782,8.13,2.25,0.2767527675276752,3.6133333333333337,0.16,SB,thick_like,,unmatched,,,
PGC159752,PGC159752,PGC_159752,214.692078,-0.063712,4.77,2.08,0.4360587002096436,2.2932692307692304,0.13,SC,thick_like,,unmatched,,,
PGC1287121,PGC1287121,PGC_1287121,214.698257,5.666223,7.37,2.28,0.3093622795115332,3.2324561403508776,0.07,SD,thick_like,,unmatched,,,
PGC92972,PGC92972,PGC_92972,214.782211,5.383833,5.8,1.74,0.3,3.333333333333333,0.05,SD,thick_like,,unmatched,,,
PGC92971,PGC92971,PGC_92971,214.78241,4.443265,6.1,1.65,0.2704918032786885,3.696969696969697,0.08,SD,thick_like,,unmatched,,,
PGC1545964,PGC1545964,PGC_1545964,214.838882,17.944645,4.36,2.56,0.5871559633027522,1.703125,0.14,SC,thick_like,,unmatched,,,
PGC880596,PGC880596,PGC_880596,214.866699,-17.601002,6.08,1.47,0.2417763157894736,4.136054421768708,0.07,SD,thick_like,,unmatched,,,
PGC91355,PGC91355,PGC_91355,214.867844,11.244937,6.63,1.77,0.2669683257918552,3.745762711864407,0.07,SD,thick_like,,unmatched,,,
SDSSJ141931.82+154632.0,SDSSJ141931821546320,,214.882584,15.775581,5.45,1.31,0.2403669724770642,4.1603053435114505,0.09,SC,thick_like,,unmatched,,,
SDSSJ141954.67+064845.1,SDSSJ141954670648451,,214.977814,6.812547,6.93,2.29,0.3304473304473305,3.0262008733624453,0.06,IR,thick_like,,unmatched,,,
SDSSJ142011.87+112809.7,SDSSJ142011871128097,,215.0495,11.46937,6.1,0.88,0.1442622950819672,6.931818181818182,0.05,SD,intermediate,,unmatched,,,
PGC1330974,PGC1330974,PGC_1330974,215.114304,7.790633,3.9,0.87,0.2230769230769231,4.482758620689655,0.08,SC,thick_like,,unmatched,,,
PGC51254,PGC51254,PGC_51254,215.204346,25.958811,6.29,4.77,0.7583465818759936,1.318658280922432,0.16,SC,thick_like,,unmatched,,,
PGC1405184,PGC1405184,PGC_1405184,215.22348,12.184718,4.81,1.26,0.2619542619542619,3.817460317460317,0.09,SC,thick_like,,unmatched,,,
PGC1901763,PGC1901763,PGC_1901763,215.268692,30.387671,4.26,1.6,0.3755868544600939,2.6625,0.34,SA,thick_like,,unmatched,,,
PGC1537436,PGC1537436,PGC_1537436,215.310638,17.628654,4.51,1.07,0.237250554323725,4.214953271028037,0.08,SB,thick_like,,unmatched,,,
UGC09198,UGC09198,UGC_9198,215.339584,36.427929,11.97,3.01,0.2514619883040935,3.976744186046512,0.15,SC,thick_like,,unmatched,,,
PGC2338021,PGC2338021,PGC_2338021,215.36972,49.264977,6.81,1.8,0.2643171806167401,3.783333333333333,0.38,SB,thick_like,,unmatched,,,
PGC1149040,PGC1149040,PGC_1149040,215.379272,-0.213123,6.29,1.67,0.2655007949125596,3.766467065868264,0.19,SB,thick_like,,unmatched,,,
PGC1960464,PGC1960464,PGC_1960464,215.4328,31.71158,4.77,0.85,0.1781970649895178,5.6117647058823525,0.05,SD,intermediate,,unmatched,,,
PGC1848345,PGC1848345,PGC_1848345,215.502502,28.863979,5.19,1.04,0.2003853564547206,4.990384615384616,0.06,SD,thick_like,,unmatched,,,
PGC3304645,PGC3304645,PGC_3304645,215.525879,-2.276608,9.24,0.79,0.0854978354978355,11.69620253164557,0.03,SD,thin_like,,unmatched,,,
2MASXJ14221000+2505490,2MASXJ142210002505490,,215.541763,25.096893,7.22,2.26,0.3130193905817174,3.194690265486726,0.4,SB,thick_like,,unmatched,,,
2MASXJ14221499+5400380,2MASXJ142214995400380,,215.5625,54.010674,5.1,2.23,0.4372549019607843,2.286995515695067,0.25,SB,thick_like,,unmatched,,,
PGC2275531,PGC2275531,PGC_2275531,215.575699,46.108612,4.72,0.96,0.2033898305084746,4.916666666666667,0.08,SC,thick_like,,unmatched,,,
PGC2285808,PGC2285808,PGC_2285808,215.579987,46.707855,7.04,2.11,0.299715909090909,3.336492890995261,0.26,SD,thick_like,,unmatched,,,
PGC2183287,PGC2183287,PGC_2183287,215.609055,41.576611,3.34,1.08,0.3233532934131737,3.092592592592592,0.09,SC,thick_like,,unmatched,,,
PGC51357,PGC51357,PGC_51357,215.631302,56.25182,5.77,3.31,0.5736568457538995,1.7432024169184288,0.11,SC,thick_like,,unmatched,,,
NED,NED,,215.649078,17.644722,4.56,1.07,0.2346491228070175,4.261682242990654,0.06,SD,thick_like,,unmatched,,,
PGC1193903,PGC1193903,PGC_1193903,215.667236,1.405321,3.46,1.53,0.4421965317919075,2.261437908496732,0.1,SC,thick_like,,unmatched,,,
PGC2348725,PGC2348725,PGC_2348725,215.809662,49.630791,4.48,1.29,0.2879464285714285,3.472868217054264,0.21,SB,thick_like,,unmatched,,,
PGC2207908,PGC2207908,PGC_2207908,215.81604,42.871819,5.0,1.56,0.312,3.205128205128205,0.09,SC,thick_like,,unmatched,,,
PGC1532297,PGC1532297,PGC_1532297,215.861679,17.418585,5.36,0.74,0.1380597014925373,7.243243243243244,0.08,SD,intermediate,,unmatched,,,
PGC1528304,PGC1528304,PGC_1528304,215.936813,17.251566,4.49,2.12,0.4721603563474387,2.1179245283018866,0.22,SB,thick_like,,unmatched,,,
PGC1137726,PGC1137726,PGC_1137726,215.944565,-0.664099,6.07,2.45,0.4036243822075783,2.477551020408163,0.21,SB,thick_like,,unmatched,,,
PGC2209261,PGC2209261,PGC_2209261,215.959167,42.933376,4.22,0.98,0.2322274881516587,4.306122448979592,0.13,SB,thick_like,,unmatched,,,
NGC05611,NGC05611,NGC_5611,216.019943,33.047436,9.58,9.46,0.9874739039665972,1.0126849894291754,0.59,SB,thick_like,,unmatched,,,
SDSSJ142413.94+020309.6,SDSSJ142413940203096,,216.058121,2.052699,4.01,0.83,0.2069825436408977,4.831325301204819,0.09,SB,thick_like,,unmatched,,,
PGC1765299,PGC1765299,PGC_1765299,216.061356,26.163717,6.57,1.79,0.2724505327245053,3.670391061452514,0.08,SD,thick_like,,unmatched,,,
PGC1869565,PGC1869565,PGC_1869565,216.065964,29.540218,5.93,2.56,0.4317032040472175,2.31640625,0.14,SC,thick_like,,unmatched,,,
PGC1242155,PGC1242155,PGC_1242155,216.088242,2.970588,3.51,1.67,0.4757834757834758,2.1017964071856285,0.13,SC,thick_like,,unmatched,,,
2MASXJ14242660+4320294,2MASXJ142426604320294,,216.110733,43.341404,2.82,1.25,0.4432624113475177,2.256,0.24,SC,thick_like,,unmatched,,,
PGC1701356,PGC1701356,PGC_1701356,216.278381,24.17392,3.54,1.21,0.3418079096045197,2.925619834710744,0.17,SB,thick_like,,unmatched,,,
UGC09239,UGC09239,UGC_9239,216.304688,13.7441,10.61,3.44,0.3242224316682375,3.0843023255813957,0.07,SD,thick_like,,unmatched,,,
UGC09242,UGC09242,UGC_9242,216.337601,39.539577,55.01,5.39,0.0979821850572623,10.205936920222635,0.04,SD,thin_like,,unmatched,,,
SDSSJ142527.78+273913.0,SDSSJ142527782739130,,216.365753,27.65362,4.53,0.81,0.1788079470198675,5.592592592592593,0.08,SC,intermediate,,unmatched,,,
PGC1705416,PGC1705416,PGC_1705416,216.385544,24.353632,3.96,1.37,0.3459595959595959,2.890510948905109,0.14,SC,thick_like,,unmatched,,,
SDSSJ142548.49+113837.9,SDSSJ142548491138379,,216.452087,11.643862,4.92,0.85,0.1727642276422764,5.788235294117647,0.1,SB,intermediate,,unmatched,,,
SDSSJ142548.91+311338.6,SDSSJ142548913113386,,216.453812,31.227407,4.0,0.88,0.22,4.545454545454546,0.07,SC,thick_like,,unmatched,,,
PGC1671868,PGC1671868,PGC_1671868,216.562775,22.541435,5.79,2.25,0.38860103626943,2.5733333333333333,0.37,SB,thick_like,,unmatched,,,
PGC2140893,PGC2140893,PGC_2140893,216.70285,38.979202,5.69,1.04,0.1827768014059753,5.471153846153847,0.09,SB,intermediate,,unmatched,,,
PGC1786473,PGC1786473,PGC_1786473,216.707291,26.7271,4.13,1.73,0.4188861985472155,2.3872832369942194,0.11,SC,thick_like,,unmatched,,,
PGC2098615,PGC2098615,PGC_2098615,216.710709,37.349178,3.95,1.38,0.3493670886075949,2.8623188405797104,0.31,SB,thick_like,,unmatched,,,
SDSSJ142652.72+625638.0,SDSSJ142652726256380,,216.719696,62.943874,5.32,1.02,0.1917293233082706,5.215686274509804,0.05,SD,intermediate,,unmatched,,,
UGC09249,UGC09249,UGC_9249,216.749069,8.683622,17.3,5.03,0.2907514450867052,3.439363817097416,0.05,SD,thick_like,,unmatched,,,
UGC09262,UGC09262,UGC_9262,216.791626,35.920914,7.73,2.55,0.3298835705045277,3.031372549019608,0.08,IR,thick_like,,unmatched,,,
PGC91359,PGC91359,PGC_91359,216.876831,40.963688,8.43,2.08,0.2467378410438908,4.052884615384615,0.07,SD,thick_like,,unmatched,,,
PGC2279580,PGC2279580,PGC_2279580,216.88266,46.346905,3.04,0.9,0.2960526315789473,3.3777777777777778,0.1,SC,thick_like,,unmatched,,,
PGC2664929,PGC2664929,PGC_2664929,216.90387,64.143669,4.02,1.6,0.3980099502487563,2.5125,0.3,SB,thick_like,,unmatched,,,
PGC2543730,PGC2543730,PGC_2543730,216.928284,56.658871,4.66,1.91,0.4098712446351931,2.4397905759162306,0.18,SC,thick_like,,unmatched,,,
NED,NED,,216.989624,57.46843,4.55,1.21,0.2659340659340659,3.760330578512397,0.05,SD,thick_like,,unmatched,,,
PGC1108844,PGC1108844,PGC_1108844,217.019073,-1.831764,7.51,1.28,0.170439414114514,5.8671875,0.06,SD,intermediate,,unmatched,,,
PGC1784990,PGC1784990,PGC_1784990,217.035767,26.682745,6.34,3.2,0.5047318611987383,1.98125,0.08,SC,thick_like,,unmatched,,,
PGC91360,PGC91360,PGC_91360,217.043869,-0.684607,7.56,2.04,0.2698412698412699,3.705882352941176,0.22,SB,thick_like,,unmatched,,,
PGC84209,PGC84209,PGC_84209,217.045731,16.386599,5.39,2.71,0.5027829313543599,1.988929889298893,0.2,SB,thick_like,,unmatched,,,
PGC1914971,PGC1914971,PGC_1914971,217.059631,30.715952,5.16,1.87,0.3624031007751938,2.7593582887700534,0.09,SD,thick_like,,unmatched,,,
PGC1091307,PGC1091307,PGC_1091307,217.087524,-2.462946,3.42,1.32,0.3859649122807018,2.590909090909091,0.2,SB,thick_like,,unmatched,,,
PGC2486996,PGC2486996,PGC_2486996,217.09938,54.99308,3.89,1.2,0.3084832904884318,3.2416666666666667,0.08,SC,thick_like,,unmatched,,,
PGC2415456,PGC2415456,PGC_2415456,217.106094,52.456947,3.86,1.12,0.2901554404145078,3.446428571428571,0.15,SB,thick_like,,unmatched,,,
PGC2092358,PGC2092358,PGC_2092358,217.128357,37.067944,3.51,1.55,0.4415954415954416,2.2645161290322577,0.12,SC,thick_like,,unmatched,,,
PGC2015703,PGC2015703,PGC_2015703,217.130173,32.876453,5.28,1.55,0.2935606060606061,3.406451612903226,0.11,SC,thick_like,,unmatched,,,
PGC2264856,PGC2264856,PGC_2264856,217.144394,45.431995,4.92,1.57,0.3191056910569106,3.1337579617834392,0.09,SC,thick_like,,unmatched,,,
PGC1672147,PGC1672147,PGC_1672147,217.145889,22.557116,3.83,1.65,0.4308093994778068,2.3212121212121213,0.09,SC,thick_like,,unmatched,,,
PGC51716,PGC51716,PGC_51716,217.149536,25.708815,10.72,5.1,0.4757462686567164,2.1019607843137256,0.11,SC,thick_like,,unmatched,,,
2MASXJ14284664+5112213,2MASXJ142846645112213,,217.194412,51.205856,6.82,1.11,0.1627565982404692,6.144144144144144,0.08,SB,intermediate,,unmatched,,,
PGC91361,PGC91361,PGC_91361,217.199814,59.262497,7.97,1.73,0.2170639899623588,4.606936416184971,0.06,SD,thick_like,,unmatched,,,
IC01020,IC01020,IC_1020,217.206207,26.032267,7.47,4.0,0.535475234270415,1.8675,0.54,SA,thick_like,,unmatched,,,
PGC2025323,PGC2025323,PGC_2025323,217.247284,33.168449,3.57,1.18,0.330532212885154,3.0254237288135597,0.07,SC,thick_like,,unmatched,,,
PGC1177230,PGC1177230,PGC_1177230,217.302277,0.850417,4.92,1.72,0.3495934959349593,2.86046511627907,0.25,SA,thick_like,,unmatched,,,
2MASXJ14292577+3623464,2MASXJ142925773623464,,217.35733,36.396118,3.27,1.01,0.308868501529052,3.237623762376238,0.09,SD,thick_like,,unmatched,,,
2MASXJ14300388+0933550,2MASXJ143003880933550,,217.51619,9.565299,6.77,1.79,0.2644017725258493,3.782122905027933,0.37,SB,thick_like,,unmatched,,,
PGC2539009,PGC2539009,PGC_2539009,217.558746,56.508114,4.87,1.5,0.3080082135523614,3.2466666666666666,0.13,SC,thick_like,,unmatched,,,
PGC2282365,PGC2282365,PGC_2282365,217.576859,46.505653,6.18,1.13,0.1828478964401294,5.469026548672566,0.05,SD,intermediate,,unmatched,,,
NED,NED,,217.78801,19.869944,3.97,0.9,0.2267002518891687,4.411111111111111,0.07,SC,thick_like,,unmatched,,,
PGC2056119,PGC2056119,PGC_2056119,217.804703,34.886894,3.87,1.15,0.2971576227390181,3.3652173913043484,0.12,SB,thick_like,,unmatched,,,
PGC1162155,PGC1162155,PGC_1162155,217.844849,0.295383,4.24,0.58,0.1367924528301886,7.310344827586208,0.08,SB,intermediate,,unmatched,,,
PGC2152979,PGC2152979,PGC_2152979,217.906235,39.62101,6.83,1.9,0.2781844802342606,3.5947368421052635,0.08,SD,thick_like,,unmatched,,,
PGC91367,PGC91367,PGC_91367,217.910599,52.749447,7.11,1.26,0.1772151898734177,5.642857142857143,0.09,SB,intermediate,,unmatched,,,
2MASXJ14314158+6424367,2MASXJ143141586424367,,217.923004,64.41024,3.56,1.07,0.300561797752809,3.3271028037383177,0.09,SB,thick_like,,unmatched,,,
PGC1740652,PGC1740652,PGC_1740652,217.945312,25.549921,4.05,1.24,0.3061728395061728,3.2661290322580645,0.07,SD,thick_like,,unmatched,,,
NED,NED,,217.998001,49.134857,4.45,0.79,0.1775280898876404,5.632911392405063,0.05,SD,intermediate,,unmatched,,,
NED,NED,,218.012878,9.799091,4.42,0.59,0.1334841628959276,7.491525423728814,0.06,SD,intermediate,,unmatched,,,
PGC1644958,PGC1644958,PGC_1644958,218.023804,21.198746,4.19,1.41,0.3365155131264916,2.9716312056737597,0.12,SB,thick_like,,unmatched,,,
PGC1102507,PGC1102507,PGC_1102507,218.046249,-2.071087,5.2,1.14,0.2192307692307692,4.561403508771931,0.08,SD,thick_like,,unmatched,,,
PGC1195518,PGC1195518,PGC_1195518,218.066025,1.457043,3.81,1.17,0.3070866141732283,3.256410256410257,0.07,IR,thick_like,,unmatched,,,
PGC1833980,PGC1833980,PGC_1833980,218.117432,28.375082,5.0,1.56,0.312,3.205128205128205,0.1,SC,thick_like,,unmatched,,,
PGC1348864,PGC1348864,PGC_1348864,218.128113,8.541073,4.14,1.28,0.3091787439613527,3.234375,0.25,SB,thick_like,,unmatched,,,
PGC1646525,PGC1646525,PGC_1646525,218.134811,21.270653,4.29,1.67,0.3892773892773892,2.568862275449102,0.19,SB,thick_like,,unmatched,,,
SDSSJ143235.81+075216.5,SDSSJ143235810752165,,218.149231,7.871264,3.56,0.83,0.2331460674157303,4.289156626506024,0.09,SC,thick_like,,unmatched,,,
NED,NED,,218.181305,30.538422,5.86,0.59,0.1006825938566552,9.932203389830509,0.05,SD,intermediate,,unmatched,,,
PGC91368,PGC91368,PGC_91368,218.197983,28.39259,6.07,1.74,0.28665568369028,3.488505747126437,0.13,SC,thick_like,,unmatched,,,
PGC1394201,PGC1394201,PGC_1394201,218.209259,11.477139,5.36,1.38,0.2574626865671641,3.884057971014493,0.23,SB,thick_like,,unmatched,,,
PGC91369,PGC91369,PGC_91369,218.296341,25.962555,4.98,1.97,0.395582329317269,2.527918781725889,0.07,SC,thick_like,,unmatched,,,
PGC1938028,PGC1938028,PGC_1938028,218.380539,31.240067,4.71,2.4,0.5095541401273885,1.9625,0.08,SC,thick_like,,unmatched,,,
PGC2308463,PGC2308463,PGC_2308463,218.399582,47.996128,5.26,1.35,0.2566539923954373,3.896296296296296,0.08,SD,thick_like,,unmatched,,,
PGC92975,PGC92975,PGC_92975,218.569473,12.514111,5.39,1.37,0.2541743970315399,3.934306569343065,0.12,SB,thick_like,,unmatched,,,
PGC2655955,PGC2655955,PGC_2655955,218.622162,63.454433,4.11,1.87,0.4549878345498783,2.197860962566845,0.14,SC,thick_like,,unmatched,,,
PGC1449283,PGC1449283,PGC_1449283,218.633118,14.102945,4.34,1.56,0.3594470046082949,2.782051282051282,0.23,SB,thick_like,,unmatched,,,
PGC1638533,PGC1638533,PGC_1638533,218.700516,20.908119,3.94,1.7,0.4314720812182741,2.3176470588235296,0.11,SC,thick_like,,unmatched,,,
PGC52128,PGC52128,PGC_52128,218.784515,59.403885,5.69,2.34,0.4112478031634446,2.431623931623932,0.27,SB,thick_like,,unmatched,,,
2MASXJ14351900+5117403,2MASXJ143519005117403,,218.828995,51.294369,3.83,1.1,0.2872062663185378,3.481818181818181,0.2,SB,thick_like,,unmatched,,,
PGC84238,PGC84238,PGC_84238,218.864578,32.148266,10.56,2.06,0.1950757575757575,5.12621359223301,0.12,SD,intermediate,,unmatched,,,
PGC1895263,PGC1895263,PGC_1895263,218.86969,30.225231,9.08,1.43,0.1574889867841409,6.34965034965035,0.07,SB,intermediate,,unmatched,,,
UGC09390,UGC09390,UGC_9390,218.872574,22.406309,6.53,1.19,0.1822358346094946,5.487394957983193,0.06,SD,intermediate,,unmatched,,,
PGC1635786,PGC1635786,PGC_1635786,218.877045,20.781633,4.01,1.88,0.4688279301745636,2.132978723404255,0.2,SB,thick_like,,unmatched,,,
PGC2616749,PGC2616749,PGC_2616749,218.951401,61.372189,4.11,2.33,0.5669099756690997,1.7639484978540774,0.24,SA,thick_like,,unmatched,,,
PGC2170806,PGC2170806,PGC_2170806,218.961472,40.77919,6.5,0.92,0.1415384615384615,7.065217391304348,0.05,SD,intermediate,,unmatched,,,
PGC2510170,PGC2510170,PGC_2510170,218.980103,55.665936,5.31,2.3,0.4331450094161959,2.3086956521739133,0.14,SB,thick_like,,unmatched,,,
PGC2301643,PGC2301643,PGC_2301643,218.98024,47.634518,4.3,1.07,0.2488372093023256,4.018691588785046,0.1,SB,thick_like,,unmatched,,,
PGC1673186,PGC1673186,PGC_1673186,218.983383,22.61829,6.24,1.62,0.2596153846153846,3.851851851851852,0.07,SC,thick_like,,unmatched,,,
PGC2060531,PGC2060531,PGC_2060531,218.990387,35.172344,9.42,1.13,0.1199575371549893,8.336283185840708,0.16,SB,intermediate,,unmatched,,,
PGC140340,PGC140340,PGC_140340,219.005936,19.948891,6.49,1.4,0.2157164869029275,4.635714285714286,0.08,SD,thick_like,,unmatched,,,
PGC2154311,PGC2154311,PGC_2154311,219.010117,39.704243,5.72,1.87,0.326923076923077,3.0588235294117645,0.12,SC,thick_like,,unmatched,,,
PGC91371,PGC91371,PGC_91371,219.041489,-2.88064,9.55,1.59,0.1664921465968586,6.0062893081761,0.05,SD,intermediate,,unmatched,,,
PGC91372,PGC91372,PGC_91372,219.147873,49.416828,11.14,2.58,0.2315978456014362,4.317829457364341,0.04,IR,thick_like,,unmatched,,,
PGC52222,PGC52222,PGC_52222,219.211273,29.75712,6.93,2.2,0.3174603174603175,3.1499999999999995,0.45,SA,thick_like,,unmatched,,,
PGC1337695,PGC1337695,PGC_1337695,219.249664,8.050635,4.6,2.74,0.5956521739130436,1.678832116788321,0.49,SA,thick_like,,unmatched,,,
PGC86650,PGC86650,PGC_86650,219.253021,20.929199,4.2,1.41,0.3357142857142857,2.9787234042553195,0.25,SB,thick_like,,unmatched,,,
PGC1522445,PGC1522445,PGC_1522445,219.254074,17.013344,8.63,2.07,0.2398609501738122,4.1690821256038655,0.16,SD,thick_like,,unmatched,,,
UGC09422,UGC09422,UGC_9422,219.30658,43.695946,15.72,3.64,0.2315521628498727,4.318681318681318,0.06,SD,thick_like,,unmatched,,,
PGC1646094,PGC1646094,PGC_1646094,219.309097,21.251806,7.08,0.98,0.1384180790960452,7.224489795918368,0.04,SD,intermediate,,unmatched,,,
IC04469,IC04469,IC_4469,219.335358,18.249445,16.24,3.84,0.2364532019704433,4.229166666666666,0.16,IR,thick_like,,unmatched,,,
PGC1932448,PGC1932448,PGC_1932448,219.338837,31.117476,5.61,0.85,0.1515151515151515,6.6000000000000005,0.05,SD,intermediate,,unmatched,,,
PGC2397721,PGC2397721,PGC_2397721,219.361481,51.654591,4.6,1.38,0.3,3.333333333333333,0.21,SB,thick_like,,unmatched,,,
PGC91373,PGC91373,PGC_91373,219.37648,20.338739,7.78,1.46,0.1876606683804627,5.328767123287672,0.07,SB,intermediate,,unmatched,,,
NGC05707,NGC05707,NGC_5707,219.378204,51.561859,17.17,7.45,0.4338963308095515,2.3046979865771813,0.43,SA,thick_like,,unmatched,,,
PGC91374,PGC91374,PGC_91374,219.386063,32.760201,6.07,1.35,0.2224052718286655,4.496296296296296,0.05,SB,thick_like,,unmatched,,,
PGC91375,PGC91375,PGC_91375,219.445557,30.978598,6.51,1.02,0.1566820276497696,6.38235294117647,0.09,SB,intermediate,,unmatched,,,
2MASXJ14374737+0314040,2MASXJ143747370314040,,219.446838,3.23467,5.79,1.77,0.3056994818652849,3.2711864406779663,0.08,SC,thick_like,,unmatched,,,
SDSSJ143756.72+062306.3,SDSSJ143756720623063,,219.486343,6.385091,2.8,1.5,0.5357142857142857,1.8666666666666665,0.1,SC,thick_like,,unmatched,,,
PGC1338731,PGC1338731,PGC_1338731,219.537704,8.091774,7.4,1.3,0.1756756756756756,5.6923076923076925,0.1,SB,intermediate,,unmatched,,,
PGC1353622,PGC1353622,PGC_1353622,219.576401,8.783507,3.79,1.78,0.4696569920844327,2.129213483146068,0.35,SB,thick_like,,unmatched,,,
PGC91377,PGC91377,PGC_91377,219.580185,25.907429,5.66,1.48,0.2614840989399293,3.824324324324325,0.04,SD,thick_like,,unmatched,,,
PGC52339,PGC52339,PGC_52339,219.695053,7.617452,7.69,1.75,0.2275682704811443,4.394285714285714,0.06,SD,thick_like,,unmatched,,,
UGC09448,UGC09448,UGC_9448,219.74646,51.120682,11.87,3.87,0.3260320134793598,3.0671834625323,0.17,SD,thick_like,,unmatched,,,
2MASXJ14391368+1934050,2MASXJ143913681934050,,219.807129,19.568127,3.9,1.69,0.4333333333333333,2.307692307692308,0.27,SB,thick_like,,unmatched,,,
PGC2481613,PGC2481613,PGC_2481613,219.811935,54.827774,4.86,2.23,0.4588477366255143,2.179372197309417,0.08,SC,thick_like,,unmatched,,,
PGC84256,PGC84256,PGC_84256,219.816772,19.691177,7.73,2.2,0.2846054333764554,3.513636363636364,0.24,SB,thick_like,,unmatched,,,
PGC1586418,PGC1586418,PGC_1586418,219.822617,19.272503,4.06,1.68,0.4137931034482759,2.4166666666666665,0.1,SC,thick_like,,unmatched,,,
PGC2193237,PGC2193237,PGC_2193237,219.858292,42.145954,5.23,1.28,0.2447418738049713,4.0859375,0.14,SB,thick_like,,unmatched,,,
PGC1752189,PGC1752189,PGC_1752189,219.860474,25.847761,4.58,1.41,0.3078602620087336,3.24822695035461,0.08,SD,thick_like,,unmatched,,,
PGC1172838,PGC1172838,PGC_1172838,219.870422,0.689622,5.44,0.97,0.1783088235294117,5.608247422680413,0.06,SD,intermediate,,unmatched,,,
PGC2076222,PGC2076222,PGC_2076222,219.91597,36.174667,6.73,1.35,0.200594353640416,4.985185185185185,0.06,SC,thick_like,,unmatched,,,
PGC91379,PGC91379,PGC_91379,219.916687,9.510381,7.73,1.93,0.2496765847347994,4.005181347150259,0.2,SB,thick_like,,unmatched,,,
2MASXJ14395564+4718094,2MASXJ143955644718094,,219.981735,47.302624,6.16,1.18,0.1915584415584415,5.220338983050848,0.08,SD,intermediate,,unmatched,,,
2MASXJ14400015+6223337,2MASXJ144000156223337,,220.000626,62.392765,4.01,1.19,0.2967581047381546,3.369747899159664,0.11,SB,thick_like,,unmatched,,,
NED,NED,,220.111084,27.597481,6.32,1.4,0.2215189873417721,4.514285714285715,0.04,SB,thick_like,,unmatched,,,
PGC52449,PGC52449,PGC_52449,220.18541,14.363327,7.83,1.49,0.1902937420178799,5.25503355704698,0.08,SD,intermediate,,unmatched,,,
PGC2258754,PGC2258754,PGC_2258754,220.245743,45.095341,4.18,1.42,0.3397129186602871,2.943661971830986,0.14,SB,thick_like,,unmatched,,,
UGC09463,UGC09463,UGC_9463,220.247101,3.137084,6.89,4.48,0.6502177068214805,1.5379464285714284,0.28,SB,thick_like,,unmatched,,,
PGC84262,PGC84262,PGC_84262,220.26532,50.555168,5.84,1.68,0.2876712328767123,3.4761904761904763,0.1,SC,thick_like,,unmatched,,,
PGC2570876,PGC2570876,PGC_2570876,220.268036,57.770828,5.27,1.74,0.3301707779886148,3.028735632183908,0.21,SB,thick_like,,unmatched,,,
PGC2578347,PGC2578347,PGC_2578347,220.293121,58.408173,5.69,1.43,0.2513181019332161,3.97902097902098,0.09,SC,thick_like,,unmatched,,,
UGC09468,UGC09468,UGC_9468,220.311615,10.056702,6.13,1.86,0.3034257748776509,3.2956989247311825,0.21,SB,thick_like,,unmatched,,,
PGC86651,PGC86651,PGC_86651,220.332306,19.126146,6.23,2.23,0.3579454253611556,2.7937219730941707,0.16,SB,thick_like,,unmatched,,,
SDSSJ144126.67+301552.5,SDSSJ144126673015525,,220.361115,30.264599,4.03,0.63,0.1563275434243176,6.396825396825397,0.06,SD,intermediate,,unmatched,,,
PGC1455977,PGC1455977,PGC_1455977,220.432068,14.357718,3.55,1.25,0.352112676056338,2.84,0.11,SB,thick_like,,unmatched,,,
PGC1725899,PGC1725899,PGC_1725899,220.564148,25.114916,7.45,1.53,0.2053691275167785,4.8692810457516345,0.06,SD,thick_like,,unmatched,,,
PGC3118856,PGC3118856,PGC_3118856,220.690506,1.293162,3.17,1.77,0.5583596214511041,1.7909604519774012,0.45,SA,thick_like,,unmatched,,,
SDSSJ144249.04+443523.0,SDSSJ144249044435230,,220.704208,44.589737,5.11,1.34,0.2622309197651663,3.8134328358208953,0.04,SD,thick_like,,unmatched,,,
PGC1398680,PGC1398680,PGC_1398680,220.860992,11.782444,4.7,1.43,0.3042553191489361,3.286713286713287,0.09,SC,thick_like,,unmatched,,,
PGC1210225,PGC1210225,PGC_1210225,220.913864,1.919228,8.44,1.29,0.1528436018957346,6.542635658914728,0.04,SC,intermediate,,unmatched,,,
PGC1674665,PGC1674665,PGC_1674665,220.94577,22.70392,5.88,1.27,0.2159863945578231,4.62992125984252,0.09,SC,thick_like,,unmatched,,,
PGC2419917,PGC2419917,PGC_2419917,220.970398,52.637524,7.35,1.32,0.1795918367346939,5.5681818181818175,0.24,SB,intermediate,,unmatched,,,
PGC1744530,PGC1744530,PGC_1744530,220.977509,25.65465,3.69,1.84,0.4986449864498645,2.005434782608696,0.13,SC,thick_like,,unmatched,,,
PGC1743547,PGC1743547,PGC_1743547,220.978165,25.629223,5.31,2.16,0.4067796610169492,2.458333333333333,0.36,SB,thick_like,,unmatched,,,
NGC05738,NGC05738,NGC_5738,220.984894,1.604161,6.48,4.3,0.6635802469135802,1.5069767441860469,0.53,SB,thick_like,,unmatched,,,
UGC09501,UGC09501,UGC_9501,221.003265,62.215176,8.86,3.3,0.3724604966139955,2.684848484848485,0.34,SA,thick_like,,unmatched,,,
NED,NED,,221.056702,25.141056,7.7,0.57,0.074025974025974,13.508771929824563,0.04,SD,thin_like,,unmatched,,,
PGC1703554,PGC1703554,PGC_1703554,221.085342,24.27207,4.31,1.35,0.3132250580046404,3.192592592592592,0.27,SB,thick_like,,unmatched,,,
NGC05746,NGC05746,NGC_5746,221.232986,1.955003,58.81,14.39,0.2446862778439041,4.086865879082696,0.23,SB,thick_like,,unmatched,,,
UGC09502,UGC09502,UGC_9502,221.245193,40.875507,7.32,2.22,0.3032786885245901,3.297297297297297,0.09,IR,thick_like,,unmatched,,,
PGC1663738,PGC1663738,PGC_1663738,221.276871,22.112488,7.46,1.2,0.1608579088471849,6.216666666666667,0.06,SD,intermediate,,unmatched,,,
PGC1606340,PGC1606340,PGC_1606340,221.295197,19.810957,4.01,2.03,0.5062344139650873,1.975369458128079,0.17,SC,thick_like,,unmatched,,,
PGC1666278,PGC1666278,PGC_1666278,221.359711,22.243362,5.76,1.08,0.1875,5.333333333333333,0.06,SD,intermediate,,unmatched,,,
PGC91384,PGC91384,PGC_91384,221.397751,26.901119,8.37,1.76,0.2102747909199522,4.7556818181818175,0.16,SB,thick_like,,unmatched,,,
PGC1453115,PGC1453115,PGC_1453115,221.421829,14.243658,5.88,1.54,0.2619047619047619,3.818181818181818,0.08,SC,thick_like,,unmatched,,,
PGC1720616,PGC1720616,PGC_1720616,221.477921,24.935452,9.3,1.13,0.121505376344086,8.230088495575222,0.05,SD,intermediate,,unmatched,,,
PGC52721,PGC52721,PGC_52721,221.506439,16.652632,6.64,2.05,0.3087349397590361,3.2390243902439027,0.44,SA,thick_like,,unmatched,,,
PGC1382203,PGC1382203,PGC_1382203,221.515274,10.626192,6.49,1.37,0.2110939907550077,4.737226277372263,0.22,SB,thick_like,,unmatched,,,
PGC2172770,PGC2172770,PGC_2172770,221.542816,40.908943,3.14,1.29,0.410828025477707,2.434108527131783,0.13,SC,thick_like,,unmatched,,,
PGC2005526,PGC2005526,PGC_2005526,221.604324,32.628113,3.97,1.41,0.3551637279596977,2.815602836879433,0.08,SC,thick_like,,unmatched,,,
PGC1581567,PGC1581567,PGC_1581567,221.631287,19.130991,5.0,2.49,0.498,2.008032128514056,0.44,SA,thick_like,,unmatched,,,
PGC1511748,PGC1511748,PGC_1511748,221.691193,16.562672,4.55,2.23,0.4901098901098901,2.0403587443946187,0.16,SA,thick_like,,unmatched,,,
NED,NED,,221.708344,48.158733,3.76,0.85,0.226063829787234,4.423529411764706,0.07,SC,thick_like,,unmatched,,,
SDSSJ144713.31+464414.9,SDSSJ144713314644149,,221.805466,46.737484,7.13,0.87,0.1220196353436185,8.195402298850574,0.06,SD,intermediate,,unmatched,,,
PGC1216185,PGC1216185,PGC_1216185,221.810318,2.107945,5.36,2.3,0.4291044776119402,2.330434782608696,0.18,SC,thick_like,,unmatched,,,
PGC1368986,PGC1368986,PGC_1368986,221.825455,9.714373,4.75,1.82,0.3831578947368421,2.60989010989011,0.33,SB,thick_like,,unmatched,,,
PGC2364201,PGC2364201,PGC_2364201,221.830902,50.145226,4.46,1.68,0.3766816143497757,2.6547619047619047,0.12,SC,thick_like,,unmatched,,,
PGC1505407,PGC1505407,PGC_1505407,221.841156,16.294956,3.5,1.36,0.3885714285714286,2.5735294117647056,0.1,SC,thick_like,,unmatched,,,
UGC09526,UGC09526,UGC_9526,221.895416,-0.515793,8.45,1.86,0.2201183431952663,4.543010752688171,0.08,SD,thick_like,,unmatched,,,
PGC142828,PGC142828,PGC_142828,221.94725,16.83007,4.4,1.6,0.3636363636363636,2.75,0.19,SB,thick_like,,unmatched,,,
PGC91387,PGC91387,PGC_91387,221.959656,38.205853,7.63,1.07,0.1402359108781127,7.130841121495327,0.06,SD,intermediate,,unmatched,,,
PGC1862749,PGC1862749,PGC_1862749,221.977814,29.324844,6.58,3.69,0.560790273556231,1.78319783197832,0.11,SC,thick_like,,unmatched,,,
2MASXJ14480092+5533588,2MASXJ144800925533588,,222.003677,55.566422,4.34,1.94,0.4470046082949309,2.237113402061856,0.3,SA,thick_like,,unmatched,,,
PGC91388,PGC91388,PGC_91388,222.057251,13.162477,7.81,1.98,0.2535211267605634,3.944444444444444,0.11,SD,thick_like,,unmatched,,,
PGC1813884,PGC1813884,PGC_1813884,222.17247,27.636475,4.09,1.69,0.4132029339853301,2.4201183431952664,0.09,SC,thick_like,,unmatched,,,
PGC1556460,PGC1556460,PGC_1556460,222.238358,18.326216,4.65,1.67,0.3591397849462365,2.7844311377245514,0.28,SB,thick_like,,unmatched,,,
PGC2642986,PGC2642986,PGC_2642986,222.247421,62.767357,4.82,1.39,0.2883817427385892,3.467625899280576,0.07,SC,thick_like,,unmatched,,,
PGC91390,PGC91390,PGC_91390,222.270538,17.181429,6.78,1.21,0.1784660766961651,5.603305785123967,0.06,SB,intermediate,,unmatched,,,
UGC09539,UGC09539,UGC_9539,222.274887,22.198158,9.88,3.4,0.3441295546558704,2.905882352941177,0.5,SA,thick_like,,unmatched,,,
PGC1663556,PGC1663556,PGC_1663556,222.285034,22.103697,6.07,1.41,0.2322899505766062,4.304964539007092,0.07,SC,thick_like,,unmatched,,,
UGC09543,UGC09543,UGC_9543,222.298264,38.413898,10.88,4.18,0.3841911764705882,2.602870813397129,0.18,SC,thick_like,,unmatched,,,
UGC09541,UGC09541,UGC_9541,222.300476,29.744827,9.7,2.43,0.2505154639175258,3.9917695473251023,0.12,SB,thick_like,,unmatched,,,
PGC1279795,PGC1279795,PGC_1279795,222.330902,5.209151,4.5,1.06,0.2355555555555555,4.245283018867925,0.07,SD,thick_like,,unmatched,,,
UGC09546,UGC09546,UGC_9546,222.415176,23.561035,13.67,2.16,0.1580102414045354,6.328703703703703,0.05,SD,intermediate,,unmatched,,,
SDSSJ144950.93+292025.8,SDSSJ144950932920258,,222.462204,29.340513,5.39,0.92,0.1706864564007421,5.858695652173912,0.08,SB,intermediate,,unmatched,,,
PGC93806,PGC93806,PGC_93806,222.515945,27.98233,3.49,1.01,0.2893982808022922,3.4554455445544554,0.08,SB,thick_like,,unmatched,,,
NED,NED,,222.517563,33.905422,3.58,0.76,0.2122905027932961,4.7105263157894735,0.1,SC,thick_like,,unmatched,,,
PGC1704676,PGC1704676,PGC_1704676,222.554565,24.32201,5.68,1.52,0.2676056338028169,3.7368421052631575,0.34,SA,thick_like,,unmatched,,,
PGC1422615,PGC1422615,PGC_1422615,222.554672,13.087533,4.28,2.0,0.4672897196261682,2.14,0.08,SC,thick_like,,unmatched,,,
PGC2024755,PGC2024755,PGC_2024755,222.585007,33.148457,4.43,1.04,0.2347629796839729,4.259615384615384,0.19,SB,thick_like,,unmatched,,,
PGC91392,PGC91392,PGC_91392,222.595444,12.012804,4.36,1.08,0.2477064220183486,4.037037037037037,0.11,SB,thick_like,,unmatched,,,
2MASXJ14502966+2941430,2MASXJ145029662941430,,222.623474,29.695141,2.98,1.27,0.4261744966442953,2.3464566929133857,0.31,SB,thick_like,,unmatched,,,
2MASXJ14504963+2936522,2MASXJ145049632936522,,222.70697,29.614792,4.29,2.05,0.4778554778554778,2.0926829268292684,0.1,SC,thick_like,,unmatched,,,
PGC1567281,PGC1567281,PGC_1567281,222.72464,18.692301,4.76,2.12,0.4453781512605042,2.2452830188679243,0.17,SC,thick_like,,unmatched,,,
2MASXJ14510625+2834562,2MASXJ145106252834562,,222.776215,28.582378,5.06,2.37,0.4683794466403163,2.135021097046413,0.29,SB,thick_like,,unmatched,,,
SDSSJ145117.57+524123.9,SDSSJ145117575241239,,222.823227,52.68996,2.16,0.78,0.3611111111111111,2.769230769230769,0.07,SB,thick_like,,unmatched,,,
NGC05777,NGC05777,NGC_5777,222.82399,58.978039,31.91,6.93,0.2171732999059855,4.604617604617605,0.11,SB,thick_like,,unmatched,,,
NED,NED,,222.836487,6.205717,6.94,0.5,0.0720461095100864,13.88,0.04,SD,thin_like,,unmatched,,,
SDSSJ145132.85+095040.7,SDSSJ145132850950407,,222.886902,9.844645,4.42,0.8,0.1809954751131222,5.525,0.07,SB,intermediate,,unmatched,,,
PGC91394,PGC91394,PGC_91394,222.92218,30.394899,5.78,1.49,0.2577854671280277,3.879194630872484,0.11,SB,thick_like,,unmatched,,,
PGC84322,PGC84322,PGC_84322,222.930511,17.106047,4.0,2.1,0.525,1.9047619047619049,0.16,SC,thick_like,,unmatched,,,
PGC1304659,PGC1304659,PGC_1304659,222.945557,6.638699,4.32,1.34,0.3101851851851852,3.2238805970149254,0.2,SB,thick_like,,unmatched,,,
SDSSJ145157.32+134101.4,SDSSJ145157321341014,,222.988846,13.683725,3.61,0.94,0.260387811634349,3.8404255319148937,0.05,SD,thick_like,,unmatched,,,
PGC1496254,PGC1496254,PGC_1496254,223.028275,15.913842,5.17,1.34,0.2591876208897485,3.85820895522388,0.19,SB,thick_like,,unmatched,,,
PGC53091,PGC53091,PGC_53091,223.035645,7.741992,5.86,2.13,0.3634812286689419,2.751173708920188,0.19,SB,thick_like,,unmatched,,,
PGC53096,PGC53096,PGC_53096,223.04866,17.144859,3.88,2.07,0.5335051546391752,1.8743961352657008,0.52,SA,thick_like,,unmatched,,,
SDSSJ145215.65+031449.1,SDSSJ145215650314491,,223.065277,3.246978,3.82,0.87,0.2277486910994764,4.390804597701149,0.06,SB,thick_like,,unmatched,,,
PGC214339,PGC214339,PGC_214339,223.077652,4.732155,5.26,1.14,0.2167300380228136,4.614035087719299,0.04,SD,thick_like,,unmatched,,,
PGC1225633,PGC1225633,PGC_1225633,223.084198,2.397836,7.57,0.92,0.1215323645970938,8.228260869565217,0.07,SB,intermediate,,unmatched,,,
PGC1242742,PGC1242742,PGC_1242742,223.184555,2.99642,5.53,1.21,0.2188065099457504,4.570247933884298,0.07,SB,thick_like,,unmatched,,,
PGC2095223,PGC2095223,PGC_2095223,223.203491,37.206188,4.74,2.79,0.5886075949367089,1.6989247311827955,0.15,SC,thick_like,,unmatched,,,
PGC1734756,PGC1734756,PGC_1734756,223.21286,25.388535,2.94,1.91,0.6496598639455782,1.5392670157068062,0.23,SC,thick_like,,unmatched,,,
PGC1247426,PGC1247426,PGC_1247426,223.216095,3.207743,6.6,2.78,0.4212121212121212,2.3741007194244603,0.16,SC,thick_like,,unmatched,,,
PGC1743540,PGC1743540,PGC_1743540,223.218277,25.628897,4.36,1.51,0.3463302752293578,2.8874172185430464,0.09,SC,thick_like,,unmatched,,,
2MASXJ14525428+2937129,2MASXJ145254282937129,,223.226288,29.620457,2.79,1.81,0.6487455197132617,1.5414364640883975,0.45,SA,thick_like,,unmatched,,,
PGC1273668,PGC1273668,PGC_1273668,223.304688,4.81451,8.5,1.37,0.1611764705882353,6.204379562043795,0.07,SB,intermediate,,unmatched,,,
PGC2451810,PGC2451810,PGC_2451810,223.304794,53.822941,3.72,1.72,0.4623655913978494,2.162790697674419,0.23,SC,thick_like,,unmatched,,,
PGC91396,PGC91396,PGC_91396,223.319962,49.195026,7.12,1.49,0.2092696629213483,4.778523489932886,0.07,SD,thick_like,,unmatched,,,
PGC1735670,PGC1735670,PGC_1735670,223.329773,25.415337,5.74,2.16,0.3763066202090592,2.6574074074074074,0.14,SC,thick_like,,unmatched,,,
SDSSJ145322.99+161325.8,SDSSJ145322991613258,,223.345276,16.223265,2.75,0.87,0.3163636363636363,3.160919540229885,0.09,SD,thick_like,,unmatched,,,
PGC1732625,PGC1732625,PGC_1732625,223.35582,25.325077,5.73,1.71,0.2984293193717277,3.3508771929824563,0.1,SB,thick_like,,unmatched,,,
PGC166856,PGC166856,PGC_166856,223.407074,16.730751,5.26,1.02,0.1939163498098859,5.156862745098039,0.06,SD,intermediate,,unmatched,,,
PGC1311428,PGC1311428,PGC_1311428,223.472107,6.982435,4.15,1.01,0.2433734939759036,4.108910891089109,0.09,SC,thick_like,,unmatched,,,
SDSSJ145403.72+075144.2,SDSSJ145403720751442,,223.515518,7.862287,4.24,2.27,0.535377358490566,1.86784140969163,0.12,SC,thick_like,,unmatched,,,
PGC1549773,PGC1549773,PGC_1549773,223.524261,18.085812,5.45,1.0,0.18348623853211,5.45,0.07,SD,intermediate,,unmatched,,,
SDSSJ145406.67+230213.7,SDSSJ145406672302137,,223.527802,23.037045,3.2,0.91,0.284375,3.5164835164835164,0.14,SB,thick_like,,unmatched,,,
PGC2578363,PGC2578363,PGC_2578363,223.543274,58.409672,3.86,1.32,0.3419689119170985,2.924242424242424,0.07,SD,thick_like,,unmatched,,,
PGC1384816,PGC1384816,PGC_1384816,223.559357,10.811811,3.69,1.6,0.4336043360433604,2.30625,0.1,SC,thick_like,,unmatched,,,
PGC84360,PGC84360,PGC_84360,223.568771,17.192274,5.54,1.55,0.279783393501805,3.574193548387097,0.21,SB,thick_like,,unmatched,,,
NED,NED,,223.580673,26.842306,5.88,1.23,0.2091836734693877,4.780487804878049,0.06,SD,thick_like,,unmatched,,,
AGC249205,AGC249205,,223.665756,8.844335,6.27,1.75,0.2791068580542264,3.5828571428571427,0.06,SD,thick_like,,unmatched,,,
PGC84373,PGC84373,PGC_84373,223.717514,18.425495,6.11,2.1,0.3436988543371522,2.9095238095238094,0.23,SB,thick_like,,unmatched,,,
PGC53331,PGC53331,PGC_53331,223.764481,9.610102,7.1,3.15,0.4436619718309859,2.253968253968254,0.12,SC,thick_like,,unmatched,,,
PGC214342,PGC214342,PGC_214342,223.766953,37.378784,4.31,1.36,0.3155452436194896,3.169117647058823,0.08,SC,thick_like,,unmatched,,,
UGC09600,UGC09600,UGC_9600,223.782745,51.020264,7.47,3.66,0.4899598393574297,2.040983606557377,0.4,SB,thick_like,,unmatched,,,
PGC2152184,PGC2152184,PGC_2152184,223.851456,39.574448,3.34,1.75,0.5239520958083833,1.9085714285714288,0.17,SC,thick_like,,unmatched,,,
UGC09604,UGC09604,UGC_9604,223.85289,37.422504,10.93,2.51,0.2296431838975297,4.3545816733067735,0.15,SD,thick_like,,unmatched,,,
PGC140408,PGC140408,PGC_140408,223.860626,11.811239,5.11,2.63,0.5146771037181995,1.942965779467681,0.38,SA,thick_like,,unmatched,,,
PGC1348474,PGC1348474,PGC_1348474,223.862488,8.520123,6.16,1.2,0.1948051948051948,5.133333333333334,0.07,SB,intermediate,,unmatched,,,
PGC91397,PGC91397,PGC_91397,223.892029,37.653374,5.88,1.64,0.2789115646258503,3.5853658536585367,0.09,SB,thick_like,,unmatched,,,
SDSSJ145534.31+330410.4,SDSSJ145534313304104,,223.892975,33.069565,7.36,0.77,0.1046195652173913,9.558441558441558,0.07,SD,intermediate,,unmatched,,,
PGC1666571,PGC1666571,PGC_1666571,223.904007,22.259993,6.3,1.71,0.2714285714285714,3.684210526315789,0.11,SC,thick_like,,unmatched,,,
PGC1084333,PGC1084333,PGC_1084333,223.909958,-2.727522,6.48,1.6,0.2469135802469135,4.05,0.06,SD,thick_like,,unmatched,,,
UGC09606,UGC09606,UGC_9606,223.968307,24.719748,15.72,2.9,0.1844783715012722,5.420689655172414,0.22,SA,intermediate,,unmatched,,,
PGC91403,PGC91403,PGC_91403,224.083878,50.131714,6.64,1.1,0.1656626506024096,6.036363636363635,0.06,SD,intermediate,,unmatched,,,
PGC2463723,PGC2463723,PGC_2463723,224.101685,54.237831,5.46,4.71,0.8626373626373627,1.1592356687898089,0.38,SC,thick_like,,unmatched,,,
PGC91398,PGC91398,PGC_91398,224.123672,-1.267314,10.0,4.11,0.411,2.4330900243309,0.32,SB,thick_like,,unmatched,,,
PGC1694551,PGC1694551,PGC_1694551,224.129684,23.834387,4.8,1.63,0.3395833333333333,2.9447852760736195,0.13,SC,thick_like,,unmatched,,,
PGC1122606,PGC1122606,PGC_1122606,224.141586,-1.274876,2.94,1.46,0.4965986394557823,2.0136986301369864,0.14,SC,thick_like,,unmatched,,,
PGC1593046,PGC1593046,PGC_1593046,224.167709,19.458904,5.16,1.94,0.375968992248062,2.65979381443299,0.1,SC,thick_like,,unmatched,,,
PGC2434530,PGC2434530,PGC_2434530,224.173447,53.204994,5.47,1.39,0.2541133455210237,3.935251798561151,0.18,SB,thick_like,,unmatched,,,
PGC1374268,PGC1374268,PGC_1374268,224.195816,10.080633,6.63,0.8,0.1206636500754148,8.2875,0.13,SB,intermediate,,unmatched,,,
SDSSJ145654.61+085025.6,SDSSJ145654610850256,,224.227554,8.840454,3.1,0.71,0.2290322580645161,4.366197183098592,0.06,SD,thick_like,,unmatched,,,
PGC99876,PGC99876,PGC_99876,224.24852,39.132469,2.99,1.26,0.4214046822742475,2.373015873015873,0.13,SC,thick_like,,unmatched,,,
PGC2289512,PGC2289512,PGC_2289512,224.262268,46.92841,7.02,3.81,0.5427350427350428,1.84251968503937,0.21,SC,thick_like,,unmatched,,,
PGC2055819,PGC2055819,PGC_2055819,224.285034,34.867867,4.25,1.59,0.3741176470588235,2.672955974842768,0.38,SB,thick_like,,unmatched,,,
PGC53439,PGC53439,PGC_53439,224.294632,17.187798,8.13,2.29,0.2816728167281672,3.550218340611354,0.08,SD,thick_like,,unmatched,,,
2MASXJ14572159-0056529,2MASXJ145721590056529,,224.340012,-0.947996,5.5,0.99,0.18,5.555555555555555,0.09,SB,intermediate,,unmatched,,,
NED,NED,,224.346909,4.882713,4.72,0.91,0.1927966101694915,5.186813186813186,0.05,SB,intermediate,,unmatched,,,
2MASXJ14572452+1312147,2MASXJ145724521312147,,224.352005,13.203913,4.76,0.95,0.1995798319327731,5.010526315789473,0.09,SD,intermediate,,unmatched,,,
SDSSJ145725.35+280200.1,SDSSJ145725352802001,,224.355637,28.033381,6.48,0.86,0.132716049382716,7.5348837209302335,0.05,SD,intermediate,,unmatched,,,
PGC91404,PGC91404,PGC_91404,224.388474,7.21244,7.2,1.39,0.1930555555555555,5.179856115107914,0.08,SB,intermediate,,unmatched,,,
SDSSJ145737.60+325010.8,SDSSJ145737603250108,,224.406662,32.836349,2.71,1.13,0.4169741697416974,2.398230088495576,0.07,SB,thick_like,,unmatched,,,
PGC1736648,PGC1736648,PGC_1736648,224.421356,25.441441,4.75,1.32,0.2778947368421052,3.598484848484848,0.07,SC,thick_like,,unmatched,,,
PGC1260510,PGC1260510,PGC_1260510,224.473373,3.908883,5.19,1.83,0.3526011560693641,2.836065573770492,0.25,SB,thick_like,,unmatched,,,
PGC184835,PGC184835,PGC_184835,224.520004,-1.786882,6.36,2.18,0.3427672955974843,2.9174311926605503,0.32,SA,thick_like,,unmatched,,,
PGC53494,PGC53494,PGC_53494,224.523819,3.29603,6.15,2.12,0.3447154471544715,2.900943396226415,0.38,SA,thick_like,,unmatched,,,
2MASXJ14580765+2756328,2MASXJ145807652756328,,224.531586,27.942537,8.49,1.83,0.215547703180212,4.639344262295082,0.13,SD,thick_like,,unmatched,,,
NED,NED,,224.537735,29.310871,7.25,1.24,0.1710344827586206,5.846774193548387,0.06,SD,intermediate,,unmatched,,,
SDSSJ145813.56-020251.2,SDSSJ145813560202512,,224.556503,-2.047556,3.64,1.2,0.3296703296703296,3.0333333333333337,0.07,SC,thick_like,,unmatched,,,
PGC1348745,PGC1348745,PGC_1348745,224.602844,8.534538,7.14,3.34,0.4677871148459384,2.1377245508982035,0.45,SA,thick_like,,unmatched,,,
PGC1155057,PGC1155057,PGC_1155057,224.667953,0.021112,4.47,1.78,0.3982102908277405,2.51123595505618,0.29,SB,thick_like,,unmatched,,,
SDSSJ145845.66+120207.7,SDSSJ145845661202077,,224.690262,12.035491,4.93,0.88,0.178498985801217,5.602272727272727,0.1,SB,intermediate,,unmatched,,,
PGC2297837,PGC2297837,PGC_2297837,224.760498,47.419018,5.11,1.23,0.2407045009784735,4.154471544715448,0.16,SB,thick_like,,unmatched,,,
PGC2251717,PGC2251717,PGC_2251717,224.789047,44.773567,6.17,1.33,0.2155591572123177,4.639097744360902,0.08,SD,thick_like,,unmatched,,,
2MASXJ14591384+1140486,2MASXJ145913841140486,,224.807922,11.680142,3.85,1.5,0.3896103896103896,2.566666666666667,0.13,SB,thick_like,,unmatched,,,
PGC84412,PGC84412,PGC_84412,224.892822,48.953438,4.06,1.89,0.4655172413793104,2.148148148148148,0.11,SC,thick_like,,unmatched,,,
PGC1693931,PGC1693931,PGC_1693931,224.897629,23.798916,7.14,1.93,0.2703081232492997,3.699481865284974,0.43,SA,thick_like,,unmatched,,,
PGC1111196,PGC1111196,PGC_1111196,224.910187,-1.745603,4.28,1.61,0.3761682242990654,2.658385093167702,0.46,SA,thick_like,,unmatched,,,
SDSSJ145939.81+084530.8,SDSSJ145939810845308,,224.915909,8.758569,5.75,1.0,0.1739130434782608,5.75,0.05,SD,intermediate,,unmatched,,,
UGC09646,UGC09646,UGC_9646,224.924026,27.326269,10.45,1.85,0.1770334928229665,5.648648648648648,0.06,SD,intermediate,,unmatched,,,
PGC1257989,PGC1257989,PGC_1257989,225.025436,3.755453,5.42,1.61,0.2970479704797048,3.3664596273291925,0.25,SA,thick_like,,unmatched,,,
PGC1738716,PGC1738716,PGC_1738716,225.059448,25.496647,6.14,1.51,0.245928338762215,4.066225165562914,0.16,SB,thick_like,,unmatched,,,
PGC1299021,PGC1299021,PGC_1299021,225.067856,6.349984,4.47,1.74,0.3892617449664429,2.568965517241379,0.12,SC,thick_like,,unmatched,,,
2MASXJ15001937+4103366,2MASXJ150019374103366,,225.080566,41.060238,3.84,1.09,0.2838541666666667,3.522935779816513,0.27,SB,thick_like,,unmatched,,,
PGC1737147,PGC1737147,PGC_1737147,225.113266,25.455011,3.33,1.58,0.4744744744744745,2.107594936708861,0.1,SC,thick_like,,unmatched,,,
IC04528,IC04528,IC_4528,225.136398,49.174324,7.93,2.04,0.257250945775536,3.887254901960784,0.19,SD,thick_like,,unmatched,,,
SDSSJ150034.85+492547.0,SDSSJ150034854925470,,225.145218,49.429741,5.47,2.03,0.3711151736745886,2.694581280788177,0.06,SD,thick_like,,unmatched,,,
PGC91407,PGC91407,PGC_91407,225.153488,38.008942,8.08,1.84,0.2277227722772277,4.391304347826087,0.08,SD,thick_like,,unmatched,,,
PGC1361684,PGC1361684,PGC_1361684,225.165314,9.219433,4.55,1.57,0.3450549450549451,2.898089171974522,0.22,SC,thick_like,,unmatched,,,
PGC2183105,PGC2183105,PGC_2183105,225.236252,41.566288,3.54,1.87,0.5282485875706215,1.893048128342246,0.27,SA,thick_like,,unmatched,,,
PGC1128559,PGC1128559,PGC_1128559,225.271118,-1.03014,3.15,0.92,0.2920634920634921,3.4239130434782608,0.13,SB,thick_like,,unmatched,,,
PGC53635,PGC53635,PGC_53635,225.286285,23.479227,7.17,2.92,0.4072524407252441,2.4554794520547945,0.11,SC,thick_like,,unmatched,,,
PGC1700088,PGC1700088,PGC_1700088,225.315308,24.114561,4.16,1.12,0.2692307692307693,3.714285714285714,0.09,SC,thick_like,,unmatched,,,
PGC1227866,PGC1227866,PGC_1227866,225.35228,2.466317,4.28,1.01,0.2359813084112149,4.237623762376238,0.09,SD,thick_like,,unmatched,,,
SDSSJ150130.63+535802.1,SDSSJ150130635358021,,225.377579,53.96727,4.56,1.15,0.2521929824561403,3.965217391304348,0.11,SB,thick_like,,unmatched,,,
PGC1762475,PGC1762475,PGC_1762475,225.470505,26.098469,3.71,1.58,0.4258760107816712,2.348101265822785,0.12,SC,thick_like,,unmatched,,,
NED,NED,,225.482605,9.091987,4.2,0.86,0.2047619047619047,4.883720930232559,0.08,SD,thick_like,,unmatched,,,
PGC1577643,PGC1577643,PGC_1577643,225.516312,19.012777,3.66,1.32,0.360655737704918,2.7727272727272725,0.11,SC,thick_like,,unmatched,,,
PGC1399938,PGC1399938,PGC_1399938,225.582977,11.862179,5.62,1.54,0.2740213523131672,3.649350649350649,0.17,SB,thick_like,,unmatched,,,
PGC1134074,PGC1134074,PGC_1134074,225.600861,-0.813311,5.06,1.26,0.2490118577075099,4.015873015873016,0.13,SC,thick_like,,unmatched,,,
PGC1642643,PGC1642643,PGC_1642643,225.631454,21.094444,4.86,1.64,0.3374485596707818,2.963414634146342,0.09,SC,thick_like,,unmatched,,,
PGC92981,PGC92981,PGC_92981,225.648346,7.893314,6.81,1.99,0.2922173274596182,3.4221105527638187,0.22,SB,thick_like,,unmatched,,,
PGC1876112,PGC1876112,PGC_1876112,225.689606,29.730448,4.66,0.89,0.1909871244635193,5.235955056179775,0.09,SD,intermediate,,unmatched,,,
SDSSJ150248.88+354820.4,SDSSJ150248883548204,,225.70369,35.805679,5.78,1.3,0.2249134948096885,4.446153846153846,0.07,SC,thick_like,,unmatched,,,
SDSSJ150258.72+345141.9,SDSSJ150258723451419,,225.74469,34.861645,2.9,1.27,0.4379310344827586,2.283464566929134,0.11,SC,thick_like,,unmatched,,,
SDSSJ150259.05+361914.0,SDSSJ150259053619140,,225.746063,36.320576,7.64,1.13,0.1479057591623036,6.761061946902656,0.04,SD,intermediate,,unmatched,,,
2MASXJ15025919+4356505,2MASXJ150259194356505,,225.746643,43.947487,4.45,0.93,0.2089887640449438,4.78494623655914,0.09,SC,thick_like,,unmatched,,,
PGC2187355,PGC2187355,PGC_2187355,225.791336,41.816273,4.75,1.48,0.311578947368421,3.20945945945946,0.1,SC,thick_like,,unmatched,,,
PGC1276537,PGC1276537,PGC_1276537,225.791458,4.997292,6.19,1.38,0.2229402261712439,4.485507246376812,0.22,SB,thick_like,,unmatched,,,
SDSSJ150314.54+324117.9,SDSSJ150314543241179,,225.810593,32.688316,4.32,0.98,0.2268518518518518,4.408163265306123,0.04,SC,thick_like,,unmatched,,,
PGC1193329,PGC1193329,PGC_1193329,225.821915,1.386713,5.72,1.65,0.2884615384615384,3.466666666666667,0.09,SB,thick_like,,unmatched,,,
PGC1328223,PGC1328223,PGC_1328223,225.836212,7.686773,4.05,1.09,0.2691358024691358,3.715596330275229,0.08,SD,thick_like,,unmatched,,,
UGC09681,UGC09681,UGC_9681,225.915466,42.126305,11.73,2.12,0.1807331628303495,5.533018867924528,0.06,SD,intermediate,,unmatched,,,
UGC09677,UGC09677,UGC_9677,225.918869,22.700632,11.5,4.35,0.3782608695652174,2.6436781609195403,0.23,SB,thick_like,,unmatched,,,
PGC2222940,PGC2222940,PGC_2222940,225.928375,43.529713,10.03,2.96,0.2951146560319043,3.388513513513513,0.36,SB,thick_like,,unmatched,,,
PGC1342964,PGC1342964,PGC_1342964,225.931412,8.258994,5.11,1.26,0.2465753424657534,4.055555555555555,0.16,SB,thick_like,,unmatched,,,
PGC53767,PGC53767,PGC_53767,226.000229,52.26329,7.25,1.91,0.263448275862069,3.7958115183246073,0.17,SB,thick_like,,unmatched,,,
PGC1485367,PGC1485367,PGC_1485367,226.009827,15.464858,5.88,2.48,0.4217687074829932,2.370967741935484,0.28,SB,thick_like,,unmatched,,,
PGC1598813,PGC1598813,PGC_1598813,226.041077,19.608034,5.45,0.94,0.1724770642201834,5.797872340425532,0.06,SD,intermediate,,unmatched,,,
PGC91410,PGC91410,PGC_91410,226.043961,17.022758,7.17,1.52,0.2119944211994421,4.717105263157895,0.06,SD,thick_like,,unmatched,,,
PGC91411,PGC91411,PGC_91411,226.086639,23.19327,8.48,2.65,0.3125,3.2,0.12,SB,thick_like,,unmatched,,,
PGC1384895,PGC1384895,PGC_1384895,226.136444,10.815679,4.79,2.02,0.4217118997912317,2.371287128712871,0.09,SC,thick_like,,unmatched,,,
PGC1217780,PGC1217780,PGC_1217780,226.151077,2.156486,9.75,1.65,0.1692307692307692,5.909090909090909,0.07,SD,intermediate,,unmatched,,,
PGC2054922,PGC2054922,PGC_2054922,226.169083,34.812729,4.28,2.14,0.5,2.0,0.34,SB,thick_like,,unmatched,,,
PGC1390544,PGC1390544,PGC_1390544,226.201447,11.226076,3.69,0.95,0.2574525745257452,3.8842105263157896,0.09,SC,thick_like,,unmatched,,,
PGC1835989,PGC1835989,PGC_1835989,226.248077,28.446878,4.99,0.97,0.1943887775551102,5.144329896907217,0.19,SB,intermediate,,unmatched,,,
SDSSJ150502.83+391942.7,SDSSJ150502833919427,,226.261795,39.328552,4.92,1.18,0.2398373983739837,4.169491525423729,0.07,SB,thick_like,,unmatched,,,
PGC1505291,PGC1505291,PGC_1505291,226.26268,16.290173,4.59,1.01,0.2200435729847494,4.544554455445544,0.09,SB,thick_like,,unmatched,,,
PGC1645770,PGC1645770,PGC_1645770,226.270706,21.236479,4.95,1.58,0.3191919191919192,3.132911392405063,0.14,SC,thick_like,,unmatched,,,
PGC1246269,PGC1246269,PGC_1246269,226.341553,3.150427,3.54,2.11,0.596045197740113,1.6777251184834123,0.22,SC,thick_like,,unmatched,,,
PGC1235868,PGC1235868,PGC_1235868,226.349792,2.731347,5.12,1.11,0.216796875,4.612612612612613,0.07,SC,thick_like,,unmatched,,,
NED,NED,,226.38327,25.129835,5.34,0.97,0.1816479400749063,5.505154639175258,0.05,SD,intermediate,,unmatched,,,
SDSSJ150537.02+334104.1,SDSSJ150537023341041,,226.404297,33.684483,4.11,0.75,0.1824817518248175,5.48,0.07,SD,intermediate,,unmatched,,,
PGC1686460,PGC1686460,PGC_1686460,226.410736,23.384239,6.21,1.84,0.2962962962962963,3.375,0.23,SB,thick_like,,unmatched,,,
PGC53885,PGC53885,PGC_53885,226.431656,44.404926,9.58,3.38,0.3528183716075156,2.834319526627219,0.42,SB,thick_like,,unmatched,,,
PGC1372779,PGC1372779,PGC_1372779,226.432556,9.972731,3.75,1.42,0.3786666666666666,2.6408450704225355,0.31,SB,thick_like,,unmatched,,,
PGC2082503,PGC2082503,PGC_2082503,226.450256,36.538597,3.82,1.29,0.3376963350785341,2.9612403100775198,0.21,SB,thick_like,,unmatched,,,
PGC1727076,PGC1727076,PGC_1727076,226.497467,25.152899,3.36,1.39,0.4136904761904761,2.41726618705036,0.43,SB,thick_like,,unmatched,,,
PGC1600937,PGC1600937,PGC_1600937,226.540665,19.663349,3.34,1.68,0.5029940119760479,1.988095238095238,0.11,SC,thick_like,,unmatched,,,
PGC2181259,PGC2181259,PGC_2181259,226.582657,41.44849,3.76,1.12,0.2978723404255319,3.3571428571428568,0.07,SC,thick_like,,unmatched,,,
PGC2617180,PGC2617180,PGC_2617180,226.615768,61.396832,4.84,1.1,0.2272727272727273,4.4,0.06,SD,thick_like,,unmatched,,,
NGC05866,NGC05866,NGC_5866,226.62233,55.763191,22.36,14.18,0.6341681574239714,1.5768688293370945,0.25,SC,thick_like,,unmatched,,,
PGC1729562,PGC1729562,PGC_1729562,226.648743,25.230778,7.0,1.49,0.2128571428571428,4.697986577181208,0.05,SD,thick_like,,unmatched,,,
PGC1335871,PGC1335871,PGC_1335871,226.67511,7.977896,4.18,1.14,0.2727272727272727,3.6666666666666665,0.37,SB,thick_like,,unmatched,,,
PGC1683547,PGC1683547,PGC_1683547,226.680984,23.218699,5.28,1.57,0.2973484848484848,3.3630573248407645,0.19,SC,thick_like,,unmatched,,,
PGC53963,PGC53963,PGC_53963,226.699844,0.507766,4.4,2.42,0.5499999999999999,1.8181818181818183,0.46,SA,thick_like,,unmatched,,,
NED,NED,,226.699875,29.128662,4.35,0.98,0.2252873563218391,4.438775510204081,0.06,SD,thick_like,,unmatched,,,
PGC1522957,PGC1522957,PGC_1522957,226.710587,17.032431,5.75,2.37,0.4121739130434783,2.4261603375527425,0.18,SA,thick_like,,unmatched,,,
PGC1281117,PGC1281117,PGC_1281117,226.719421,5.293484,4.12,1.67,0.4053398058252427,2.4670658682634734,0.31,SB,thick_like,,unmatched,,,
PGC1734131,PGC1734131,PGC_1734131,226.75676,25.370012,9.19,1.43,0.1556039173014146,6.426573426573427,0.06,SD,intermediate,,unmatched,,,
SDSSJ150709.69+111341.7,SDSSJ150709691113417,,226.790405,11.228267,2.05,0.72,0.351219512195122,2.847222222222222,0.06,SD,thick_like,,unmatched,,,
SDSSJ150719.14+121155.6,SDSSJ150719141211556,,226.829651,12.198854,4.77,0.54,0.1132075471698113,8.833333333333332,0.06,SD,intermediate,,unmatched,,,
PGC1170139,PGC1170139,PGC_1170139,226.831726,0.595371,3.42,1.59,0.4649122807017544,2.150943396226415,0.13,SC,thick_like,,unmatched,,,
PGC1631015,PGC1631015,PGC_1631015,226.861237,20.573908,4.49,1.97,0.4387527839643652,2.2791878172588835,0.18,SC,thick_like,,unmatched,,,
PGC1474650,PGC1474650,PGC_1474650,226.886124,15.078458,4.45,2.23,0.5011235955056179,1.9955156950672648,0.26,SB,thick_like,,unmatched,,,
2MASXJ15073695+1658065,2MASXJ150736951658065,,226.903961,16.968351,3.46,1.57,0.453757225433526,2.203821656050956,0.46,SA,thick_like,,unmatched,,,
PGC54008,PGC54008,PGC_54008,226.927032,6.885838,4.92,1.53,0.3109756097560975,3.215686274509804,0.09,SD,thick_like,,unmatched,,,
PGC1343243,PGC1343243,PGC_1343243,226.933075,8.270128,4.94,2.07,0.4190283400809716,2.386473429951691,0.14,SC,thick_like,,unmatched,,,
PGC54040,PGC54040,PGC_54040,227.023163,6.863463,5.03,1.49,0.2962226640159046,3.375838926174497,0.11,SC,thick_like,,unmatched,,,
PGC2451748,PGC2451748,PGC_2451748,227.039047,53.820805,3.38,1.83,0.5414201183431953,1.8469945355191253,0.36,SA,thick_like,,unmatched,,,
PGC1623157,PGC1623157,PGC_1623157,227.048416,20.301022,4.96,1.22,0.2459677419354838,4.065573770491803,0.07,SB,thick_like,,unmatched,,,
PGC1362924,PGC1362924,PGC_1362924,227.049911,9.292968,3.05,3.46,1.1344262295081968,0.8815028901734103,0.15,SA,thick_like,,unmatched,,,
PGC1326524,PGC1326524,PGC_1326524,227.089722,7.621525,6.98,2.17,0.3108882521489971,3.2165898617511526,0.21,SB,thick_like,,unmatched,,,
PGC1264136,PGC1264136,PGC_1264136,227.178284,4.14637,4.85,1.85,0.3814432989690722,2.621621621621621,0.19,SB,thick_like,,unmatched,,,
NED,NED,,227.195511,15.178045,4.57,1.13,0.2472647702407001,4.04424778761062,0.06,SB,thick_like,,unmatched,,,
SDSSJ150849.20+360824.8,SDSSJ150849203608248,,227.204987,36.140244,3.72,1.05,0.282258064516129,3.5428571428571427,0.18,SB,thick_like,,unmatched,,,
PGC3124138,PGC3124138,PGC_3124138,227.227585,3.433262,6.08,1.25,0.2055921052631578,4.864,0.08,SC,thick_like,,unmatched,,,
PGC3125450,PGC3125450,PGC_3125450,227.253036,4.165598,6.67,1.32,0.1979010494752623,5.053030303030303,0.07,SC,intermediate,,unmatched,,,
PGC1771764,PGC1771764,PGC_1771764,227.300781,26.321686,4.21,1.57,0.3729216152019002,2.6815286624203822,0.09,SC,thick_like,,unmatched,,,
PGC2585652,PGC2585652,PGC_2585652,227.342255,59.032646,4.97,0.89,0.1790744466800805,5.584269662921348,0.06,SD,intermediate,,unmatched,,,
PGC1377347,PGC1377347,PGC_1377347,227.358795,10.288426,4.34,2.16,0.4976958525345623,2.009259259259259,0.29,SB,thick_like,,unmatched,,,
PGC91416,PGC91416,PGC_91416,227.37767,22.336452,8.13,1.51,0.1857318573185731,5.384105960264901,0.05,SD,intermediate,,unmatched,,,
PGC1272035,PGC1272035,PGC_1272035,227.386551,4.705119,5.24,1.26,0.2404580152671755,4.158730158730159,0.09,SD,thick_like,,unmatched,,,
SDSSJ150934.98+342120.3,SDSSJ150934983421203,,227.395737,34.35564,5.44,0.86,0.1580882352941176,6.325581395348838,0.06,SD,intermediate,,unmatched,,,
PGC1379308,PGC1379308,PGC_1379308,227.397964,10.423876,3.48,2.05,0.5890804597701149,1.6975609756097565,0.27,SB,thick_like,,unmatched,,,
PGC1948566,PGC1948566,PGC_1948566,227.407867,31.467852,5.8,0.99,0.1706896551724138,5.858585858585858,0.06,SD,intermediate,,unmatched,,,
SDSSJ150950.22+345913.4,SDSSJ150950223459134,,227.459274,34.987061,5.29,1.08,0.2041587901701323,4.898148148148148,0.08,SC,thick_like,,unmatched,,,
PGC1435948,PGC1435948,PGC_1435948,227.474197,13.623963,10.52,1.8,0.1711026615969582,5.844444444444444,0.17,SB,intermediate,,unmatched,,,
PGC54124,PGC54124,PGC_54124,227.481369,1.403092,6.71,2.37,0.353204172876304,2.831223628691983,0.12,SC,thick_like,,unmatched,,,
PGC1136513,PGC1136513,PGC_1136513,227.503922,-0.715792,4.71,1.93,0.4097664543524416,2.440414507772021,0.27,SB,thick_like,,unmatched,,,
SDSSJ151003.10+541207.1,SDSSJ151003105412071,,227.512878,54.201969,5.49,1.13,0.2058287795992713,4.858407079646018,0.05,SC,thick_like,,unmatched,,,
PGC1246345,PGC1246345,PGC_1246345,227.521362,3.153386,4.08,1.83,0.4485294117647059,2.2295081967213117,0.44,SA,thick_like,,unmatched,,,
PGC1315375,PGC1315375,PGC_1315375,227.547333,7.169359,4.98,2.07,0.4156626506024096,2.405797101449276,0.28,SB,thick_like,,unmatched,,,
2MASXJ15101231+3423142,2MASXJ151012313423142,,227.551254,34.387333,3.44,0.87,0.252906976744186,3.954022988505747,0.09,SB,thick_like,,unmatched,,,
PGC91418,PGC91418,PGC_91418,227.582016,54.40007,6.9,1.97,0.2855072463768116,3.50253807106599,0.13,SC,thick_like,,unmatched,,,
PGC91419,PGC91419,PGC_91419,227.62114,54.457127,10.93,1.63,0.1491308325709057,6.705521472392638,0.05,SD,intermediate,,unmatched,,,
NED,NED,,227.68692,35.907272,7.08,2.13,0.3008474576271186,3.323943661971831,0.15,SB,thick_like,,unmatched,,,
PGC1273620,PGC1273620,PGC_1273620,227.688141,4.811891,4.55,1.79,0.3934065934065934,2.541899441340782,0.15,SC,thick_like,,unmatched,,,
NED,NED,,227.708801,11.73842,21.83,0.81,0.0371049015116811,26.950617283950614,0.04,SD,thin_like,,unmatched,,,
PGC54163,PGC54163,PGC_54163,227.736847,7.994009,3.66,1.96,0.53551912568306,1.8673469387755104,0.49,SA,thick_like,,unmatched,,,
PGC1273643,PGC1273643,PGC_1273643,227.742477,4.813416,3.7,1.77,0.4783783783783784,2.0903954802259888,0.29,SB,thick_like,,unmatched,,,
UGC09751,UGC09751,UGC_9751,227.7435,1.437771,13.49,4.01,0.2972572275759821,3.364089775561097,0.07,SC,thick_like,,unmatched,,,
PGC84459,PGC84459,PGC_84459,227.763245,7.639104,3.58,1.82,0.5083798882681564,1.967032967032967,0.12,SC,thick_like,,unmatched,,,
PGC1793209,PGC1793209,PGC_1793209,227.818863,26.946028,4.46,1.22,0.273542600896861,3.6557377049180326,0.13,SB,thick_like,,unmatched,,,
PGC54217,PGC54217,PGC_54217,227.865189,12.351114,4.7,1.29,0.274468085106383,3.6434108527131785,0.2,SB,thick_like,,unmatched,,,
PGC1285468,PGC1285468,PGC_1285468,227.887863,5.563713,3.44,1.37,0.3982558139534884,2.5109489051094886,0.31,SB,thick_like,,unmatched,,,
PGC1397519,PGC1397519,PGC_1397519,227.92392,11.702276,4.2,1.15,0.2738095238095238,3.6521739130434794,0.13,SB,thick_like,,unmatched,,,
PGC1479330,PGC1479330,PGC_1479330,228.081573,15.244344,5.7,1.61,0.2824561403508772,3.540372670807453,0.22,SB,thick_like,,unmatched,,,
PGC84485,PGC84485,PGC_84485,228.097458,7.496869,4.06,1.5,0.3694581280788178,2.7066666666666666,0.22,SC,thick_like,,unmatched,,,
PGC1666315,PGC1666315,PGC_1666315,228.120117,22.245384,5.32,1.14,0.2142857142857142,4.666666666666667,0.08,SB,thick_like,,unmatched,,,
SDSSJ151229.16+173052.4,SDSSJ151229161730524,,228.121536,17.514574,6.3,0.88,0.1396825396825396,7.159090909090909,0.05,SD,intermediate,,unmatched,,,
PGC2047056,PGC2047056,PGC_2047056,228.155991,34.300514,4.42,1.14,0.257918552036199,3.877192982456141,0.1,SC,thick_like,,unmatched,,,
PGC2159265,PGC2159265,PGC_2159265,228.156555,40.014538,4.02,1.25,0.3109452736318408,3.216,0.07,SC,thick_like,,unmatched,,,
PGC1600488,PGC1600488,PGC_1600488,228.221176,19.651802,6.18,1.71,0.2766990291262136,3.614035087719298,0.13,SB,thick_like,,unmatched,,,
PGC1362278,PGC1362278,PGC_1362278,228.240784,9.253423,3.76,2.1,0.5585106382978724,1.7904761904761903,0.17,SC,thick_like,,unmatched,,,
SDSSJ151302.61+084218.9,SDSSJ151302610842189,,228.260895,8.705275,5.08,1.12,0.2204724409448819,4.535714285714286,0.09,SC,thick_like,,unmatched,,,
PGC84512,PGC84512,PGC_84512,228.291382,7.438035,5.7,1.74,0.3052631578947368,3.2758620689655173,0.31,SB,thick_like,,unmatched,,,
NED,NED,,228.297348,16.057878,4.36,1.17,0.2683486238532109,3.726495726495727,0.1,SC,thick_like,,unmatched,,,
PGC54323,PGC54323,PGC_54323,228.301514,3.251012,4.74,2.61,0.550632911392405,1.8160919540229887,0.47,SA,thick_like,,unmatched,,,
PGC1783077,PGC1783077,PGC_1783077,228.314041,26.629326,5.33,1.2,0.225140712945591,4.441666666666667,0.06,SD,thick_like,,unmatched,,,
PGC1261628,PGC1261628,PGC_1261628,228.31636,3.977845,4.71,1.7,0.3609341825902335,2.7705882352941176,0.19,SB,thick_like,,unmatched,,,
PGC92983,PGC92983,PGC_92983,228.316437,25.738764,6.33,1.24,0.1958925750394944,5.104838709677419,0.33,SB,intermediate,,unmatched,,,
PGC1628926,PGC1628926,PGC_1628926,228.410919,20.494108,4.18,2.1,0.5023923444976077,1.9904761904761905,0.45,SA,thick_like,,unmatched,,,
PGC1315049,PGC1315049,PGC_1315049,228.453125,7.15452,4.1,1.83,0.4463414634146342,2.240437158469945,0.1,SC,thick_like,,unmatched,,,
PGC91420,PGC91420,PGC_91420,228.488159,37.338638,10.61,2.13,0.2007540056550424,4.981220657276995,0.06,SD,thick_like,,unmatched,,,
SDSSJ151358.50+391950.8,SDSSJ151358503919508,,228.493744,39.330795,3.45,1.02,0.2956521739130435,3.3823529411764706,0.1,SC,thick_like,,unmatched,,,
PGC1437513,PGC1437513,PGC_1437513,228.559967,13.679372,7.26,1.56,0.2148760330578512,4.653846153846153,0.07,SD,thick_like,,unmatched,,,
PGC1235366,PGC1235366,PGC_1235366,228.639648,2.711524,6.83,1.57,0.2298682284040995,4.350318471337579,0.24,SB,thick_like,,unmatched,,,
SDSSJ151436.51+414124.6,SDSSJ151436514141246,,228.65213,41.69017,3.97,1.09,0.2745591939546599,3.642201834862385,0.09,SC,thick_like,,unmatched,,,
PGC1841047,PGC1841047,PGC_1841047,228.714447,28.619427,4.14,1.28,0.3091787439613527,3.234375,0.13,SC,thick_like,,unmatched,,,
UGC09782,UGC09782,UGC_9782,228.737564,1.187907,8.19,2.27,0.2771672771672772,3.607929515418502,0.13,SB,thick_like,,unmatched,,,
PGC1266616,PGC1266616,PGC_1266616,228.74437,4.320536,3.55,1.17,0.3295774647887324,3.034188034188034,0.08,SC,thick_like,,unmatched,,,
PGC1531862,PGC1531862,PGC_1531862,228.751129,17.401375,5.52,1.25,0.2264492753623188,4.416,0.17,SB,thick_like,,unmatched,,,
PGC91422,PGC91422,PGC_91422,228.760468,5.928103,8.83,1.62,0.1834654586636466,5.450617283950617,0.06,SD,intermediate,,unmatched,,,
NGC05900,NGC05900,NGC_5900,228.771423,42.209457,12.19,8.75,0.7178014766201805,1.393142857142857,0.25,SC,thick_like,,unmatched,,,
PGC84542,PGC84542,PGC_84542,228.804947,7.685279,3.2,0.86,0.26875,3.72093023255814,0.09,SD,thick_like,,unmatched,,,
PGC91424,PGC91424,PGC_91424,228.930344,-0.42333,6.38,1.49,0.2335423197492163,4.281879194630872,0.06,SB,thick_like,,unmatched,,,
NED,NED,,228.951187,18.377916,21.87,3.37,0.1540923639689072,6.489614243323442,0.1,SD,intermediate,,unmatched,,,
PGC1241628,PGC1241628,PGC_1241628,228.991165,2.948874,4.85,1.6,0.3298969072164949,3.03125,0.07,SC,thick_like,,unmatched,,,
PGC1794228,PGC1794228,PGC_1794228,229.004654,26.979185,6.96,1.53,0.2198275862068965,4.549019607843137,0.39,SB,thick_like,,unmatched,,,
2MASXJ15161337+1048138,2MASXJ151613371048138,,229.055328,10.803919,5.1,1.47,0.2882352941176471,3.4693877551020407,0.39,SB,thick_like,,unmatched,,,
PGC1527221,PGC1527221,PGC_1527221,229.079086,17.208105,5.03,1.82,0.3618290258449304,2.763736263736264,0.08,SC,thick_like,,unmatched,,,
NED,NED,,229.094177,65.981209,5.82,1.31,0.2250859106529209,4.442748091603053,0.07,SC,thick_like,,unmatched,,,
PGC1336508,PGC1336508,PGC_1336508,229.133347,8.003735,4.95,1.4,0.2828282828282828,3.535714285714286,0.07,SC,thick_like,,unmatched,,,
PGC1361699,PGC1361699,PGC_1361699,229.161026,9.220862,4.45,1.8,0.4044943820224719,2.4722222222222223,0.15,SC,thick_like,,unmatched,,,
NED,NED,,229.163483,4.389786,6.87,0.85,0.12372634643377,8.08235294117647,0.06,SC,intermediate,,unmatched,,,
PGC1532520,PGC1532520,PGC_1532520,229.170837,17.428694,4.67,1.93,0.4132762312633833,2.4196891191709846,0.09,SC,thick_like,,unmatched,,,
PGC2299752,PGC2299752,PGC_2299752,229.179276,47.524223,3.97,1.17,0.2947103274559193,3.393162393162393,0.07,SD,thick_like,,unmatched,,,
NGC05908,NGC05908,NGC_5908,229.180099,55.40934,21.2,13.55,0.6391509433962265,1.5645756457564577,0.45,SC,thick_like,,unmatched,,,
SDSSJ151643.82+145037.1,SDSSJ151643821450371,,229.182602,14.843656,3.66,0.68,0.1857923497267759,5.38235294117647,0.07,SD,intermediate,,unmatched,,,
PGC1201589,PGC1201589,PGC_1201589,229.188873,1.65241,5.4,0.98,0.1814814814814814,5.510204081632653,0.08,SB,intermediate,,unmatched,,,
PGC1536610,PGC1536610,PGC_1536610,229.241302,17.596764,4.4,1.92,0.4363636363636363,2.291666666666667,0.16,SC,thick_like,,unmatched,,,
PGC2597415,PGC2597415,PGC_2597415,229.347473,60.050766,4.28,1.14,0.2663551401869158,3.754385964912281,0.13,SB,thick_like,,unmatched,,,
PGC2001364,PGC2001364,PGC_2001364,229.380478,32.534073,3.73,1.4,0.3753351206434316,2.6642857142857146,0.09,SC,thick_like,,unmatched,,,
2MASXJ15173360+2907219,2MASXJ151733602907219,,229.390778,29.122841,5.18,0.76,0.1467181467181467,6.81578947368421,0.05,SD,intermediate,,unmatched,,,
PGC54590,PGC54590,PGC_54590,229.413376,6.644995,5.41,1.75,0.3234750462107209,3.091428571428572,0.1,SC,thick_like,,unmatched,,,
PGC1229104,PGC1229104,PGC_1229104,229.416351,2.507275,3.21,1.67,0.5202492211838006,1.9221556886227549,0.24,SB,thick_like,,unmatched,,,
PGC1336806,PGC1336806,PGC_1336806,229.428986,8.016031,5.32,2.29,0.4304511278195488,2.323144104803493,0.12,SC,thick_like,,unmatched,,,
2MASXJ15175025+3116203,2MASXJ151750253116203,,229.45932,31.272417,6.66,0.81,0.1216216216216216,8.222222222222221,0.07,SB,intermediate,,unmatched,,,
PGC1291533,PGC1291533,PGC_1291533,229.518661,5.929382,3.95,0.99,0.250632911392405,3.98989898989899,0.09,SD,thick_like,,unmatched,,,
PGC1792165,PGC1792165,PGC_1792165,229.527847,26.913683,5.67,2.01,0.3544973544973545,2.82089552238806,0.11,SC,thick_like,,unmatched,,,
NED,NED,,229.580231,1.01053,4.15,0.84,0.2024096385542168,4.940476190476191,0.05,SD,thick_like,,unmatched,,,
PGC1272589,PGC1272589,PGC_1272589,229.605545,4.74154,3.99,2.62,0.656641604010025,1.5229007633587786,0.29,SB,thick_like,,unmatched,,,
PGC91430,PGC91430,PGC_91430,229.622986,7.854817,10.41,1.71,0.1642651296829971,6.087719298245614,0.05,SB,intermediate,,unmatched,,,
PGC1750692,PGC1750692,PGC_1750692,229.650284,25.809072,3.39,0.88,0.2595870206489675,3.852272727272728,0.05,SD,thick_like,,unmatched,,,
2MASXJ15185058+0447374,2MASXJ151850580447374,,229.71077,4.79372,8.0,0.9,0.1125,8.88888888888889,0.07,SB,intermediate,,unmatched,,,
PGC54668,PGC54668,PGC_54668,229.751816,50.535835,6.46,2.73,0.4226006191950464,2.3663003663003663,0.14,SC,thick_like,,unmatched,,,
PGC1514520,PGC1514520,PGC_1514520,229.807541,16.684179,4.01,2.29,0.5710723192019951,1.7510917030567683,0.18,SC,thick_like,,unmatched,,,
PGC91433,PGC91433,PGC_91433,229.820053,34.828876,7.46,1.58,0.2117962466487935,4.721518987341772,0.23,SB,thick_like,,unmatched,,,
NED,NED,,229.88501,26.400944,1.68,0.37,0.2202380952380952,4.54054054054054,0.08,SD,thick_like,,unmatched,,,
PGC91436,PGC91436,PGC_91436,229.929886,48.667332,6.28,1.69,0.269108280254777,3.715976331360947,0.22,SD,thick_like,,unmatched,,,
PGC91432,PGC91432,PGC_91432,229.949768,3.978027,6.49,1.63,0.2511556240369799,3.981595092024541,0.05,SC,thick_like,,unmatched,,,
PGC91437,PGC91437,PGC_91437,229.952927,48.716946,5.06,1.45,0.2865612648221344,3.489655172413793,0.1,SB,thick_like,,unmatched,,,
PGC1331601,PGC1331601,PGC_1331601,229.956833,7.812814,3.71,2.43,0.6549865229110513,1.5267489711934157,0.31,SA,thick_like,,unmatched,,,
PGC1639793,PGC1639793,PGC_1639793,230.041382,20.966635,3.34,2.11,0.6317365269461078,1.5829383886255926,0.22,SA,thick_like,,unmatched,,,
PGC1242663,PGC1242663,PGC_1242663,230.066086,2.992735,4.73,0.8,0.1691331923890063,5.9125000000000005,0.08,SD,intermediate,,unmatched,,,
PGC2480937,PGC2480937,PGC_2480937,230.069565,54.806149,4.14,2.0,0.4830917874396135,2.07,0.21,SB,thick_like,,unmatched,,,
PGC1299768,PGC1299768,PGC_1299768,230.129517,6.387138,3.81,1.15,0.3018372703412073,3.31304347826087,0.08,SC,thick_like,,unmatched,,,
PGC54746,PGC54746,PGC_54746,230.161545,8.989746,5.87,2.99,0.5093696763202726,1.963210702341137,0.36,SA,thick_like,,unmatched,,,
PGC54752,PGC54752,PGC_54752,230.179092,8.941189,7.48,1.89,0.2526737967914438,3.957671957671958,0.25,SB,thick_like,,unmatched,,,
PGC84558,PGC84558,PGC_84558,230.197495,7.948883,5.15,1.41,0.2737864077669902,3.6524822695035466,0.24,SB,thick_like,,unmatched,,,
PGC3123995,PGC3123995,PGC_3123995,230.238297,3.381594,2.41,1.05,0.4356846473029045,2.295238095238095,0.1,SD,thick_like,,unmatched,,,
PGC1572166,PGC1572166,PGC_1572166,230.262207,18.844725,4.1,2.39,0.5829268292682928,1.7154811715481169,0.12,SC,thick_like,,unmatched,,,
SDSSJ152111.06+130335.6,SDSSJ152111061303356,,230.296112,13.059914,3.41,0.82,0.2404692082111436,4.158536585365854,0.08,SC,thick_like,,unmatched,,,
PGC2062682,PGC2062682,PGC_2062682,230.327911,35.317654,4.67,1.75,0.3747323340471092,2.6685714285714286,0.1,SC,thick_like,,unmatched,,,
SDSSJ152121.62+321454.3,SDSSJ152121623214543,,230.340103,32.248428,2.87,1.26,0.4390243902439024,2.2777777777777777,0.08,SB,thick_like,,unmatched,,,
PGC54793,PGC54793,PGC_54793,230.342636,48.415802,4.21,1.97,0.4679334916864608,2.137055837563452,0.44,SA,thick_like,,unmatched,,,
PGC1363987,PGC1363987,PGC_1363987,230.356033,9.359571,3.36,1.51,0.4494047619047619,2.225165562913907,0.12,SC,thick_like,,unmatched,,,
2MASXJ15214138+1017119,2MASXJ152141381017119,,230.422409,10.286865,4.11,1.62,0.3941605839416058,2.537037037037037,0.17,SB,thick_like,,unmatched,,,
SDSSJ152141.99+393952.5,SDSSJ152141993939525,,230.424576,39.664482,3.18,1.03,0.3238993710691824,3.087378640776699,0.12,SC,thick_like,,unmatched,,,
PGC1635395,PGC1635395,PGC_1635395,230.45282,20.764368,5.31,3.86,0.7269303201506592,1.3756476683937824,0.48,SA,thick_like,,unmatched,,,
PGC1256036,PGC1256036,PGC_1256036,230.494141,3.640512,6.22,0.85,0.1366559485530546,7.317647058823529,0.06,SD,intermediate,,unmatched,,,
PGC1653647,PGC1653647,PGC_1653647,230.550842,21.613813,8.14,1.43,0.1756756756756756,5.6923076923076925,0.16,SB,intermediate,,unmatched,,,
2MASXJ15221798+3718066,2MASXJ152217983718066,,230.575073,37.301971,4.64,1.5,0.3232758620689655,3.0933333333333333,0.15,SC,thick_like,,unmatched,,,
SDSSJ152218.30+214841.5,SDSSJ152218302148415,,230.576294,21.811529,4.57,0.69,0.1509846827133479,6.623188405797102,0.05,SD,intermediate,,unmatched,,,
PGC1479095,PGC1479095,PGC_1479095,230.611359,15.236091,4.47,0.9,0.2013422818791946,4.966666666666666,0.07,SD,thick_like,,unmatched,,,
PGC1817802,PGC1817802,PGC_1817802,230.617844,27.780996,3.63,1.61,0.4435261707988981,2.254658385093168,0.16,SB,thick_like,,unmatched,,,
PGC84591,PGC84591,PGC_84591,230.695084,37.700291,9.53,2.2,0.2308499475341028,4.331818181818181,0.17,SD,thick_like,,unmatched,,,
PGC94749,PGC94749,PGC_94749,230.766388,7.672159,2.74,1.61,0.5875912408759124,1.7018633540372672,0.21,SB,thick_like,,unmatched,,,
PGC2326397,PGC2326397,PGC_2326397,230.776016,48.819099,4.06,2.29,0.5640394088669951,1.7729257641921394,0.11,SC,thick_like,,unmatched,,,
PGC1821114,PGC1821114,PGC_1821114,230.802368,27.905203,6.29,1.42,0.2257551669316375,4.429577464788733,0.06,SD,thick_like,,unmatched,,,
PGC2447854,PGC2447854,PGC_2447854,230.818817,53.681625,5.13,1.43,0.2787524366471735,3.5874125874125875,0.09,SB,thick_like,,unmatched,,,
PGC84610,PGC84610,PGC_84610,230.83493,8.404376,3.4,2.3,0.676470588235294,1.4782608695652175,0.31,SB,thick_like,,unmatched,,,
PGC1814033,PGC1814033,PGC_1814033,230.839035,27.642529,5.18,1.03,0.1988416988416988,5.0291262135922326,0.08,SD,intermediate,,unmatched,,,
PGC1815509,PGC1815509,PGC_1815509,230.849091,27.696306,5.15,1.78,0.345631067961165,2.8932584269662924,0.18,SB,thick_like,,unmatched,,,
PGC1638448,PGC1638448,PGC_1638448,230.868393,20.905062,5.14,2.69,0.5233463035019456,1.9107806691449811,0.28,SA,thick_like,,unmatched,,,
PGC1108950,PGC1108950,PGC_1108950,230.871216,-1.827819,4.21,1.0,0.2375296912114014,4.21,0.06,SD,thick_like,,unmatched,,,
PGC1746468,PGC1746468,PGC_1746468,230.899521,25.70265,6.12,1.68,0.2745098039215686,3.6428571428571432,0.17,SB,thick_like,,unmatched,,,
PGC2061993,PGC2061993,PGC_2061993,230.930115,35.272762,4.27,1.64,0.3840749414519906,2.6036585365853657,0.1,SC,thick_like,,unmatched,,,
SDSSJ152345.58+105809.5,SDSSJ152345581058095,,230.939926,10.969329,6.51,0.82,0.1259600614439324,7.939024390243903,0.06,SD,intermediate,,unmatched,,,
PGC91441,PGC91441,PGC_91441,230.952087,7.069789,8.18,1.27,0.1552567237163814,6.440944881889764,0.05,SD,intermediate,,unmatched,,,
PGC1744998,PGC1744998,PGC_1744998,230.952896,25.666925,5.66,1.28,0.2261484098939929,4.421875,0.25,SB,thick_like,,unmatched,,,
PGC1657945,PGC1657945,PGC_1657945,231.097839,21.819574,4.98,1.52,0.3052208835341365,3.2763157894736845,0.13,SB,thick_like,,unmatched,,,
SDSSJ152439.54+324353.5,SDSSJ152439543243535,,231.164749,32.731552,2.93,0.76,0.2593856655290102,3.855263157894737,0.08,SD,thick_like,,unmatched,,,
PGC2170112,PGC2170112,PGC_2170112,231.175781,40.732288,6.28,0.88,0.1401273885350318,7.136363636363637,0.06,SC,intermediate,,unmatched,,,
PGC1972080,PGC1972080,PGC_1972080,231.206772,31.94021,4.28,1.59,0.3714953271028037,2.691823899371069,0.1,SC,thick_like,,unmatched,,,
NED,NED,,231.275085,26.6455,5.75,1.15,0.1999999999999999,5.0,0.05,SD,intermediate,,unmatched,,,
PGC1782805,PGC1782805,PGC_1782805,231.281204,26.620981,3.61,1.4,0.3878116343490305,2.5785714285714287,0.12,SC,thick_like,,unmatched,,,
UGC09839,UGC09839,UGC_9839,231.301804,-1.811153,14.09,4.54,0.3222143364088006,3.10352422907489,0.25,SA,thick_like,,unmatched,,,
PGC1275803,PGC1275803,PGC_1275803,231.308289,4.95117,5.41,1.2,0.22181146025878,4.508333333333334,0.12,SB,thick_like,,unmatched,,,
PGC1648077,PGC1648077,PGC_1648077,231.322983,21.342628,6.24,2.03,0.3253205128205128,3.073891625615764,0.43,SB,thick_like,,unmatched,,,
UGC09841,UGC09841,UGC_9841,231.391968,18.277193,16.6,5.15,0.3102409638554216,3.2233009708737863,0.08,SD,thick_like,,unmatched,,,
PGC2321164,PGC2321164,PGC_2321164,231.398315,48.597435,5.79,1.85,0.3195164075993091,3.1297297297297297,0.18,SC,thick_like,,unmatched,,,
PGC91447,PGC91447,PGC_91447,231.419586,66.211205,8.86,2.38,0.2686230248306998,3.722689075630252,0.11,SC,thick_like,,unmatched,,,
PGC1147026,PGC1147026,PGC_1147026,231.437027,-0.29101,4.58,2.08,0.4541484716157205,2.201923076923077,0.13,SC,thick_like,,unmatched,,,
PGC2121552,PGC2121552,PGC_2121552,231.465103,38.237198,3.65,1.19,0.3260273972602739,3.0672268907563027,0.1,SC,thick_like,,unmatched,,,
PGC1836478,PGC1836478,PGC_1836478,231.476974,28.463305,4.79,1.67,0.348643006263048,2.8682634730538923,0.35,SA,thick_like,,unmatched,,,
UGC09845,UGC09845,UGC_9845,231.523224,9.204145,13.91,3.71,0.2667145938173975,3.7493261455525606,0.12,SD,thick_like,,unmatched,,,
PGC1938751,PGC1938751,PGC_1938751,231.567413,31.255663,3.76,2.01,0.5345744680851063,1.8706467661691544,0.11,SC,thick_like,,unmatched,,,
SDSSJ152629.64+150546.0,SDSSJ152629641505460,,231.623535,15.096122,5.81,0.95,0.1635111876075731,6.11578947368421,0.06,SD,intermediate,,unmatched,,,
NED,NED,,231.624283,41.292084,18.26,3.67,0.200985761226725,4.975476839237058,0.05,IR,thick_like,,unmatched,,,
SDSSJ152634.55+053430.3,SDSSJ152634550534303,,231.643997,5.575078,3.47,0.78,0.2247838616714697,4.448717948717949,0.08,SD,thick_like,,unmatched,,,
SDSSJ152638.35+285158.7,SDSSJ152638352851587,,231.659821,28.866316,4.89,1.08,0.2208588957055215,4.527777777777777,0.06,SD,thick_like,,unmatched,,,
PGC91444,PGC91444,PGC_91444,231.695114,-13.966483,8.62,2.16,0.2505800464037123,3.99074074074074,0.04,SD,thick_like,,unmatched,,,
PGC1127982,PGC1127982,PGC_1127982,231.71138,-1.051737,4.42,1.62,0.3665158371040724,2.7283950617283947,0.09,SC,thick_like,,unmatched,,,
PGC91445,PGC91445,PGC_91445,231.714432,20.622545,6.83,1.66,0.2430453879941434,4.114457831325302,0.08,SD,thick_like,,unmatched,,,
PGC1832759,PGC1832759,PGC_1832759,231.790863,28.330688,3.72,1.27,0.3413978494623655,2.9291338582677167,0.24,SB,thick_like,,unmatched,,,
SDSSJ152715.17+095625.8,SDSSJ152715170956258,,231.813232,9.940509,4.73,0.7,0.1479915433403805,6.757142857142858,0.06,SC,intermediate,,unmatched,,,
PGC91446,PGC91446,PGC_91446,231.815247,21.039015,6.21,1.93,0.3107890499194847,3.2176165803108807,0.1,SC,thick_like,,unmatched,,,
PGC1671447,PGC1671447,PGC_1671447,231.818207,22.518721,5.56,1.35,0.2428057553956835,4.118518518518518,0.2,SA,thick_like,,unmatched,,,
PGC1565492,PGC1565492,PGC_1565492,231.839279,18.636503,3.92,1.34,0.3418367346938776,2.9253731343283578,0.33,SB,thick_like,,unmatched,,,
PGC1255086,PGC1255086,PGC_1255086,231.840042,3.58945,4.66,1.29,0.2768240343347639,3.612403100775194,0.09,SC,thick_like,,unmatched,,,
NED,NED,,231.859894,6.680978,5.79,0.65,0.1122625215889464,8.907692307692308,0.05,SD,intermediate,,unmatched,,,
PGC1258506,PGC1258506,PGC_1258506,231.906021,3.783028,4.54,1.2,0.2643171806167401,3.7833333333333337,0.08,SC,thick_like,,unmatched,,,
PGC1239124,PGC1239124,PGC_1239124,231.951569,2.851733,4.29,1.71,0.3986013986013986,2.5087719298245617,0.09,SC,thick_like,,unmatched,,,
PGC1523249,PGC1523249,PGC_1523249,232.003326,17.043341,4.52,1.23,0.2721238938053097,3.6747967479674792,0.11,SB,thick_like,,unmatched,,,
PGC1142408,PGC1142408,PGC_1142408,232.02092,-0.475521,4.5,1.11,0.2466666666666667,4.0540540540540535,0.06,SD,thick_like,,unmatched,,,
PGC1388010,PGC1388010,PGC_1388010,232.02507,11.039215,5.14,2.05,0.3988326848249027,2.507317073170732,0.12,SC,thick_like,,unmatched,,,
PGC1520481,PGC1520481,PGC_1520481,232.041748,16.930601,5.34,1.22,0.2284644194756554,4.377049180327869,0.08,SB,thick_like,,unmatched,,,
PGC91449,PGC91449,PGC_91449,232.078613,49.120995,7.67,0.86,0.1121251629726206,8.918604651162791,0.04,SD,intermediate,,unmatched,,,
PGC2617503,PGC2617503,PGC_2617503,232.087204,61.41375,4.17,1.45,0.3477218225419664,2.875862068965517,0.25,SB,thick_like,,unmatched,,,
SDSSJ152829.39+210008.0,SDSSJ152829392100080,,232.122498,21.002234,4.76,1.2,0.2521008403361344,3.966666666666667,0.05,SD,thick_like,,unmatched,,,
PGC1511731,PGC1511731,PGC_1511731,232.165894,16.562109,5.75,1.64,0.2852173913043478,3.50609756097561,0.08,SC,thick_like,,unmatched,,,
PGC2311819,PGC2311819,PGC_2311819,232.195541,48.16861,3.79,0.71,0.1873350923482849,5.338028169014085,0.06,SD,intermediate,,unmatched,,,
PGC1277243,PGC1277243,PGC_1277243,232.240021,5.041649,4.88,1.95,0.3995901639344262,2.5025641025641026,0.26,SC,thick_like,,unmatched,,,
PGC1337846,PGC1337846,PGC_1337846,232.283539,8.056266,3.69,1.7,0.4607046070460704,2.170588235294117,0.13,SC,thick_like,,unmatched,,,
PGC2284782,PGC2284782,PGC_2284782,232.287598,46.650253,7.26,1.88,0.2589531680440771,3.861702127659575,0.24,SB,thick_like,,unmatched,,,
UGC09863,UGC09863,UGC_9863,232.331955,3.600994,11.53,2.59,0.2246313963573287,4.451737451737452,0.19,SB,thick_like,,unmatched,,,
PGC2433412,PGC2433412,PGC_2433412,232.355057,53.163742,4.89,1.56,0.3190184049079755,3.134615384615384,0.09,SC,thick_like,,unmatched,,,
PGC2167621,PGC2167621,PGC_2167621,232.415421,40.558964,6.33,3.17,0.5007898894154819,1.996845425867508,0.12,SC,thick_like,,unmatched,,,
2MASXJ15294235+3229194,2MASXJ152942353229194,,232.426575,32.488655,3.05,0.98,0.321311475409836,3.1122448979591835,0.12,SC,thick_like,,unmatched,,,
PGC1798127,PGC1798127,PGC_1798127,232.43338,27.11199,3.35,1.32,0.3940298507462687,2.537878787878788,0.1,SC,thick_like,,unmatched,,,
PGC1809485,PGC1809485,PGC_1809485,232.463989,27.482271,4.84,1.83,0.378099173553719,2.6448087431693987,0.28,SB,thick_like,,unmatched,,,
SDSSJ153005.64+421506.2,SDSSJ153005644215062,,232.523514,42.251743,5.28,0.81,0.1534090909090909,6.518518518518518,0.06,SD,intermediate,,unmatched,,,
PGC1893690,PGC1893690,PGC_1893690,232.536224,30.186935,5.37,1.61,0.2998137802607076,3.3354037267080745,0.14,SB,thick_like,,unmatched,,,
PGC1345940,PGC1345940,PGC_1345940,232.540665,8.393976,5.62,1.42,0.2526690391459074,3.95774647887324,0.18,SB,thick_like,,unmatched,,,
PGC1279696,PGC1279696,PGC_1279696,232.56337,5.203631,4.27,1.64,0.3840749414519906,2.6036585365853657,0.09,SC,thick_like,,unmatched,,,
PGC1494982,PGC1494982,PGC_1494982,232.564835,15.858923,6.53,1.28,0.1960183767228177,5.1015625,0.08,SD,intermediate,,unmatched,,,
PGC55270,PGC55270,PGC_55270,232.616791,8.502471,3.88,1.37,0.3530927835051546,2.8321167883211675,0.18,SC,thick_like,,unmatched,,,
2MASXJ15302891+0835534,2MASXJ153028910835534,,232.620483,8.597976,6.2,1.12,0.1806451612903226,5.535714285714286,0.08,SD,intermediate,,unmatched,,,
PGC1509244,PGC1509244,PGC_1509244,232.621674,16.458532,7.37,1.72,0.2333785617367706,4.284883720930233,0.11,SB,thick_like,,unmatched,,,
NED,NED,,232.623535,3.769927,5.58,1.11,0.1989247311827957,5.027027027027026,0.05,SD,intermediate,,unmatched,,,
PGC1786767,PGC1786767,PGC_1786767,232.649323,26.735704,5.8,1.71,0.2948275862068965,3.391812865497076,0.17,SB,thick_like,,unmatched,,,
PGC1794570,PGC1794570,PGC_1794570,232.67067,26.990038,5.37,1.2,0.2234636871508379,4.4750000000000005,0.07,SD,thick_like,,unmatched,,,
PGC2217773,PGC2217773,PGC_2217773,232.673004,43.311783,4.79,1.43,0.2985386221294363,3.34965034965035,0.08,SD,thick_like,,unmatched,,,
PGC1304138,PGC1304138,PGC_1304138,232.681702,6.613466,4.22,1.66,0.3933649289099526,2.5421686746987957,0.11,SC,thick_like,,unmatched,,,
NED,NED,,232.693008,60.681408,5.06,1.01,0.1996047430830039,5.00990099009901,0.07,SC,intermediate,,unmatched,,,
PGC2232865,PGC2232865,PGC_2232865,232.696625,43.943367,2.91,1.34,0.4604810996563574,2.171641791044776,0.16,SC,thick_like,,unmatched,,,
PGC2193217,PGC2193217,PGC_2193217,232.70636,42.144554,4.02,1.03,0.2562189054726368,3.902912621359223,0.08,SD,thick_like,,unmatched,,,
PGC2165210,PGC2165210,PGC_2165210,232.815308,40.397701,5.05,1.27,0.2514851485148515,3.976377952755905,0.09,SC,thick_like,,unmatched,,,
PGC55294,PGC55294,PGC_55294,232.832138,4.324146,5.25,2.3,0.438095238095238,2.2826086956521743,0.21,SB,thick_like,,unmatched,,,
PGC91453,PGC91453,PGC_91453,232.85672,-0.820295,5.8,1.27,0.2189655172413793,4.566929133858268,0.09,SB,thick_like,,unmatched,,,
PGC2209562,PGC2209562,PGC_2209562,232.910187,42.946301,3.52,1.6,0.4545454545454546,2.2,0.44,SA,thick_like,,unmatched,,,
PGC2386680,PGC2386680,PGC_2386680,232.980072,51.005783,3.73,1.84,0.4932975871313673,2.027173913043478,0.14,SC,thick_like,,unmatched,,,
PGC1277752,PGC1277752,PGC_1277752,232.99234,5.07416,5.21,1.8,0.345489443378119,2.8944444444444444,0.09,SC,thick_like,,unmatched,,,
PGC3090884,PGC3090884,PGC_3090884,233.041168,13.031919,3.46,1.3,0.3757225433526012,2.6615384615384614,0.18,SB,thick_like,,unmatched,,,
SDSSJ153229.14+332925.4,SDSSJ153229143329254,,233.121414,33.490395,2.84,1.09,0.3838028169014085,2.605504587155963,0.1,SC,thick_like,,unmatched,,,
PGC2677905,PGC2677905,PGC_2677905,233.123779,65.485466,4.38,1.06,0.2420091324200913,4.132075471698113,0.08,SC,thick_like,,unmatched,,,
PGC55357,PGC55357,PGC_55357,233.13974,5.100095,6.52,2.56,0.3926380368098159,2.546875,0.42,SB,thick_like,,unmatched,,,
PGC2149769,PGC2149769,PGC_2149769,233.147659,39.437752,5.21,2.54,0.4875239923224568,2.0511811023622046,0.39,SB,thick_like,,unmatched,,,
PGC2577285,PGC2577285,PGC_2577285,233.148636,58.320171,3.39,1.47,0.4336283185840707,2.306122448979592,0.12,SC,thick_like,,unmatched,,,
PGC1277091,PGC1277091,PGC_1277091,233.164322,5.032063,5.6,1.91,0.3410714285714286,2.931937172774869,0.4,SA,thick_like,,unmatched,,,
PGC1319388,PGC1319388,PGC_1319388,233.22757,7.337554,4.28,0.96,0.2242990654205607,4.458333333333334,0.06,SC,thick_like,,unmatched,,,
NED,NED,,233.333572,22.185799,6.91,2.1,0.3039073806078147,3.2904761904761903,0.13,SA,thick_like,,unmatched,,,
2MASXJ15332189+0356143,2MASXJ153321890356143,,233.341125,3.937303,5.26,1.18,0.2243346007604562,4.457627118644068,0.06,SD,thick_like,,unmatched,,,
PGC1651173,PGC1651173,PGC_1651173,233.404312,21.493484,7.29,1.38,0.1893004115226337,5.282608695652175,0.06,SD,intermediate,,unmatched,,,
PGC2115679,PGC2115679,PGC_2115679,233.423477,38.015827,3.7,1.18,0.3189189189189189,3.135593220338984,0.09,SC,thick_like,,unmatched,,,
PGC2354372,PGC2354372,PGC_2354372,233.444977,49.817368,3.84,1.01,0.2630208333333333,3.801980198019802,0.13,SB,thick_like,,unmatched,,,
NED,NED,,233.463348,2.134053,4.52,0.83,0.1836283185840708,5.44578313253012,0.05,SD,intermediate,,unmatched,,,
PGC1823047,PGC1823047,PGC_1823047,233.485092,27.980619,8.08,1.29,0.1596534653465346,6.263565891472868,0.07,SB,intermediate,,unmatched,,,
UGC09898,UGC09898,UGC_9898,233.498962,15.960416,8.02,2.37,0.2955112219451372,3.383966244725738,0.16,SD,thick_like,,unmatched,,,
PGC91455,PGC91455,PGC_91455,233.529388,11.659651,7.2,1.36,0.1888888888888888,5.294117647058823,0.06,SB,intermediate,,unmatched,,,
PGC1284394,PGC1284394,PGC_1284394,233.529739,5.499293,5.12,1.45,0.283203125,3.531034482758621,0.09,SC,thick_like,,unmatched,,,
PGC2297359,PGC2297359,PGC_2297359,233.570618,47.393089,5.36,1.12,0.208955223880597,4.785714285714286,0.06,SD,thick_like,,unmatched,,,
PGC91458,PGC91458,PGC_91458,233.586823,57.953655,10.5,0.89,0.0847619047619047,11.797752808988765,0.05,SD,thin_like,,unmatched,,,
PGC91456,PGC91456,PGC_91456,233.589554,4.601228,7.04,2.33,0.3309659090909091,3.021459227467811,0.26,SD,thick_like,,unmatched,,,
PGC1816919,PGC1816919,PGC_1816919,233.602585,27.745827,4.09,1.09,0.2665036674816626,3.752293577981651,0.23,SB,thick_like,,unmatched,,,
PGC91457,PGC91457,PGC_91457,233.625839,33.990929,7.79,1.19,0.1527599486521181,6.546218487394959,0.05,SB,intermediate,,unmatched,,,
PGC1800446,PGC1800446,PGC_1800446,233.671249,27.189837,5.22,1.69,0.3237547892720306,3.088757396449704,0.43,SB,thick_like,,unmatched,,,
UGC09905,UGC09905,UGC_9905,233.678772,8.334117,5.52,2.05,0.3713768115942029,2.6926829268292685,0.14,SD,thick_like,,unmatched,,,
PGC1268350,PGC1268350,PGC_1268350,233.708282,4.447775,4.76,1.17,0.245798319327731,4.068376068376068,0.1,SB,thick_like,,unmatched,,,
UGC09907,UGC09907,UGC_9907,233.721848,9.58296,9.19,2.46,0.2676822633297062,3.735772357723577,0.19,SB,thick_like,,unmatched,,,
PGC2067391,PGC2067391,PGC_2067391,233.791443,35.621716,5.23,1.64,0.3135755258126194,3.189024390243903,0.15,SC,thick_like,,unmatched,,,
PGC1692982,PGC1692982,PGC_1692982,233.8573,23.748981,5.38,1.14,0.2118959107806691,4.719298245614035,0.07,SD,thick_like,,unmatched,,,
PGC1265386,PGC1265386,PGC_1265386,233.857483,4.23258,5.2,1.2,0.2307692307692307,4.333333333333334,0.07,SD,thick_like,,unmatched,,,
UGC09919,UGC09919,UGC_9919,233.915298,12.606396,11.29,3.62,0.320637732506643,3.11878453038674,0.07,SD,thick_like,,unmatched,,,
PGC3088796,PGC3088796,PGC_3088796,233.923782,33.3918,4.24,2.59,0.6108490566037735,1.6370656370656371,0.37,SA,thick_like,,unmatched,,,
PGC55538,PGC55538,PGC_55538,233.933167,13.855608,4.83,2.7,0.5590062111801243,1.7888888888888888,0.57,SA,thick_like,,unmatched,,,
PGC214392,PGC214392,PGC_214392,233.990082,26.370199,8.49,2.01,0.2367491166077738,4.223880597014926,0.06,SD,thick_like,,unmatched,,,
SDSSJ153559.79+095026.4,SDSSJ153559790950264,,233.99913,9.840694,4.65,1.96,0.4215053763440859,2.372448979591837,0.09,SC,thick_like,,unmatched,,,
PGC1698679,PGC1698679,PGC_1698679,234.005432,24.047768,4.91,2.09,0.4256619144602851,2.349282296650718,0.11,SC,thick_like,,unmatched,,,
PGC1947702,PGC1947702,PGC_1947702,234.012833,31.449711,5.27,1.75,0.3320683111954459,3.011428571428571,0.23,SC,thick_like,,unmatched,,,
PGC1589857,PGC1589857,PGC_1589857,234.044373,19.368393,4.05,1.14,0.2814814814814814,3.5526315789473686,0.07,SD,thick_like,,unmatched,,,
PGC1145574,PGC1145574,PGC_1145574,234.064529,-0.349308,6.48,1.74,0.2685185185185185,3.724137931034483,0.04,SD,thick_like,,unmatched,,,
PGC2426319,PGC2426319,PGC_2426319,234.064926,52.887283,4.39,1.19,0.2710706150341685,3.6890756302521006,0.08,SD,thick_like,,unmatched,,,
SDSSJ153619.33+310802.5,SDSSJ153619333108025,,234.080414,31.133932,12.63,1.4,0.1108471892319873,9.021428571428572,0.17,SD,intermediate,,unmatched,,,
2MASXJ15362833+1128326,2MASXJ153628331128326,,234.11792,11.475686,5.34,2.59,0.4850187265917602,2.0617760617760617,0.39,SA,thick_like,,unmatched,,,
PGC2069604,PGC2069604,PGC_2069604,234.121887,35.762756,2.53,0.81,0.3201581027667984,3.1234567901234565,0.06,SD,thick_like,,unmatched,,,
SDSSJ153646.96+414713.5,SDSSJ153646964147135,,234.195694,41.787094,3.65,0.94,0.2575342465753424,3.882978723404256,0.09,SB,thick_like,,unmatched,,,
PGC1214969,PGC1214969,PGC_1214969,234.216507,2.067658,5.02,0.99,0.197211155378486,5.07070707070707,0.11,SB,intermediate,,unmatched,,,
PGC55612,PGC55612,PGC_55612,234.245041,29.808907,8.58,2.67,0.3111888111888112,3.213483146067416,0.44,SA,thick_like,,unmatched,,,
PGC1764918,PGC1764918,PGC_1764918,234.317764,26.155861,4.48,1.92,0.4285714285714285,2.333333333333333,0.13,SC,thick_like,,unmatched,,,
PGC91461,PGC91461,PGC_91461,234.344131,35.241512,7.75,1.81,0.2335483870967742,4.281767955801105,0.14,SC,thick_like,,unmatched,,,
UGC09937,UGC09937,UGC_9937,234.34549,20.549818,10.04,4.24,0.4223107569721116,2.3679245283018866,0.49,SB,thick_like,,unmatched,,,
PGC2404406,PGC2404406,PGC_2404406,234.355804,51.996841,4.06,1.4,0.3448275862068966,2.9,0.1,SC,thick_like,,unmatched,,,
PGC1218641,PGC1218641,PGC_1218641,234.381699,2.182008,12.57,1.49,0.1185361972951471,8.436241610738255,0.07,SB,intermediate,,unmatched,,,
PGC2056635,PGC2056635,PGC_2056635,234.450485,34.921394,4.44,1.55,0.3490990990990991,2.8645161290322583,0.11,SC,thick_like,,unmatched,,,
2MASXJ15374853+0918577,2MASXJ153748530918577,,234.452042,9.31604,3.58,1.63,0.4553072625698323,2.196319018404908,0.14,SC,thick_like,,unmatched,,,
NGC05981,NGC05981,NGC_5981,234.472717,59.39175,22.43,5.62,0.2505572893446277,3.991103202846975,0.14,SB,thick_like,,unmatched,,,
PGC2566856,PGC2566856,PGC_2566856,234.51149,57.505093,4.73,1.15,0.2431289640591965,4.11304347826087,0.07,SD,thick_like,,unmatched,,,
PGC1238499,PGC1238499,PGC_1238499,234.534302,2.827309,5.22,0.88,0.1685823754789272,5.931818181818182,0.05,SB,intermediate,,unmatched,,,
PGC1670707,PGC1670707,PGC_1670707,234.652237,22.480253,2.96,1.32,0.445945945945946,2.242424242424242,0.14,SC,thick_like,,unmatched,,,
SDSSJ153840.75+222638.7,SDSSJ153840752226387,,234.6698,22.444096,4.46,1.37,0.3071748878923767,3.2554744525547443,0.07,SC,thick_like,,unmatched,,,
SDSSJ153848.86+214239.8,SDSSJ153848862142398,,234.703613,21.711061,6.66,0.93,0.1396396396396396,7.161290322580645,0.05,SD,intermediate,,unmatched,,,
PGC2041821,PGC2041821,PGC_2041821,234.781082,33.970451,4.89,1.53,0.3128834355828221,3.1960784313725488,0.16,SB,thick_like,,unmatched,,,
UGC09949,UGC09949,UGC_9949,234.805817,14.177066,10.67,1.87,0.1752577319587629,5.705882352941176,0.06,SD,intermediate,,unmatched,,,
UGC09957,UGC09957,UGC_9957,234.813141,40.145248,10.61,1.98,0.1866163996229971,5.358585858585858,0.07,SD,intermediate,,unmatched,,,
PGC91465,PGC91465,PGC_91465,234.81488,46.836166,5.61,1.65,0.2941176470588235,3.4000000000000004,0.06,SD,thick_like,,unmatched,,,
SDSSJ153917.23+033939.8,SDSSJ153917230339398,,234.821808,3.661043,4.92,1.58,0.3211382113821138,3.113924050632911,0.06,SC,thick_like,,unmatched,,,
2MASXJ15392895+3353392,2MASXJ153928953353392,,234.870514,33.894203,3.22,1.74,0.5403726708074533,1.8505747126436785,0.14,SC,thick_like,,unmatched,,,
PGC1129718,PGC1129718,PGC_1129718,234.892654,-0.986731,7.08,1.29,0.1822033898305085,5.488372093023256,0.09,SB,intermediate,,unmatched,,,
PGC1487701,PGC1487701,PGC_1487701,234.914444,15.554728,3.86,1.15,0.2979274611398964,3.356521739130435,0.1,SC,thick_like,,unmatched,,,
PGC55732,PGC55732,PGC_55732,234.919937,17.45863,4.64,1.97,0.4245689655172414,2.355329949238578,0.11,SC,thick_like,,unmatched,,,
PGC91466,PGC91466,PGC_91466,234.941513,41.873398,6.38,1.17,0.183385579937304,5.452991452991453,0.05,SD,intermediate,,unmatched,,,
2MASXJ15395898+1225519,2MASXJ153958981225519,,234.995911,12.431123,5.39,2.05,0.3803339517625231,2.629268292682927,0.21,SB,thick_like,,unmatched,,,
PGC1917514,PGC1917514,PGC_1917514,235.055084,30.776083,4.85,1.79,0.3690721649484536,2.7094972067039103,0.34,SA,thick_like,,unmatched,,,
PGC2280092,PGC2280092,PGC_2280092,235.116257,46.373814,4.16,1.15,0.2764423076923076,3.6173913043478265,0.09,SC,thick_like,,unmatched,,,
PGC1711937,PGC1711937,PGC_1711937,235.123138,24.620741,3.31,1.66,0.5015105740181268,1.993975903614458,0.32,SB,thick_like,,unmatched,,,
PGC1833846,PGC1833846,PGC_1833846,235.152008,28.370413,5.84,1.45,0.2482876712328767,4.027586206896552,0.05,SD,thick_like,,unmatched,,,
PGC91467,PGC91467,PGC_91467,235.274429,5.963011,7.24,1.74,0.2403314917127071,4.1609195402298855,0.06,SD,thick_like,,unmatched,,,
PGC1980117,PGC1980117,PGC_1980117,235.31488,32.097954,4.49,1.78,0.3964365256124721,2.52247191011236,0.11,SC,thick_like,,unmatched,,,
PGC91470,PGC91470,PGC_91470,235.356506,53.562176,4.93,1.26,0.255578093306288,3.912698412698413,0.06,SD,thick_like,,unmatched,,,
PGC1635627,PGC1635627,PGC_1635627,235.40831,20.77478,4.15,1.29,0.3108433734939759,3.217054263565892,0.07,SC,thick_like,,unmatched,,,
PGC1832469,PGC1832469,PGC_1832469,235.410065,28.320467,5.21,2.16,0.4145873320537428,2.4120370370370368,0.2,SB,thick_like,,unmatched,,,
PGC2524892,PGC2524892,PGC_2524892,235.414307,56.082233,3.51,1.8,0.5128205128205129,1.95,0.37,SA,thick_like,,unmatched,,,
PGC2273563,PGC2273563,PGC_2273563,235.435196,45.98819,5.33,1.97,0.3696060037523452,2.705583756345178,0.19,SB,thick_like,,unmatched,,,
PGC55813,PGC55813,PGC_55813,235.435516,45.580795,7.59,2.14,0.2819499341238471,3.5467289719626165,0.07,SD,thick_like,,unmatched,,,
PGC1778366,PGC1778366,PGC_1778366,235.472397,26.493982,4.0,1.63,0.4075,2.4539877300613497,0.1,SC,thick_like,,unmatched,,,
2MASXJ15415566+3343259,2MASXJ154155663343259,,235.481857,33.723824,4.23,1.01,0.2387706855791962,4.188118811881188,0.12,SB,thick_like,,unmatched,,,
UGC09977,UGC09977,UGC_9977,235.498123,0.712785,38.44,7.55,0.1964099895941727,5.091390728476821,0.06,SD,intermediate,,unmatched,,,
PGC2300895,PGC2300895,PGC_2300895,235.499802,47.59164,3.56,2.03,0.5702247191011235,1.7536945812807885,0.12,SC,thick_like,,unmatched,,,
PGC1673998,PGC1673998,PGC_1673998,235.522873,22.665236,4.28,1.83,0.4275700934579439,2.33879781420765,0.12,SC,thick_like,,unmatched,,,
PGC1987029,PGC1987029,PGC_1987029,235.598221,32.231594,4.53,1.18,0.260485651214128,3.838983050847458,0.08,SC,thick_like,,unmatched,,,
PGC1801245,PGC1801245,PGC_1801245,235.642944,27.21694,4.36,1.17,0.2683486238532109,3.726495726495727,0.05,SD,thick_like,,unmatched,,,
PGC214408,PGC214408,PGC_214408,235.664337,8.191643,3.55,1.87,0.5267605633802818,1.8983957219251333,0.13,SC,thick_like,,unmatched,,,
PGC1225222,PGC1225222,PGC_1225222,235.678467,2.385631,5.67,1.36,0.2398589065255732,4.169117647058823,0.07,SD,thick_like,,unmatched,,,
PGC92990,PGC92990,PGC_92990,235.687225,8.114224,8.23,1.25,0.1518833535844471,6.5840000000000005,0.06,SD,intermediate,,unmatched,,,
PGC55854,PGC55854,PGC_55854,235.730881,9.228742,12.67,2.22,0.1752170481452249,5.707207207207206,0.06,SD,intermediate,,unmatched,,,
PGC1876564,PGC1876564,PGC_1876564,235.763504,29.742785,3.46,1.43,0.4132947976878612,2.41958041958042,0.25,SB,thick_like,,unmatched,,,
2MASXJ15434487+2925465,2MASXJ154344872925465,,235.936966,29.429522,5.37,1.85,0.3445065176908752,2.902702702702703,0.22,SB,thick_like,,unmatched,,,
SDSSJ154345.86+204035.7,SDSSJ154345862040357,,235.941101,20.676584,4.63,0.89,0.1922246220302376,5.202247191011236,0.07,SD,intermediate,,unmatched,,,
NED,NED,,235.942139,8.282752,6.44,0.71,0.1102484472049689,9.070422535211268,0.04,SD,intermediate,,unmatched,,,
UGC09994,UGC09994,UGC_9994,235.947037,33.305775,6.66,1.84,0.2762762762762762,3.619565217391304,0.17,SB,thick_like,,unmatched,,,
SDSSJ154356.83+135140.7,SDSSJ154356831351407,,235.986816,13.861325,5.56,1.18,0.2122302158273381,4.711864406779661,0.07,SB,thick_like,,unmatched,,,
PGC1348198,PGC1348198,PGC_1348198,235.989304,8.504541,4.42,1.28,0.2895927601809955,3.453125,0.12,SC,thick_like,,unmatched,,,
PGC2309455,PGC2309455,PGC_2309455,236.042755,48.04686,4.17,1.37,0.328537170263789,3.043795620437956,0.24,SB,thick_like,,unmatched,,,
2MASXJ15441295+2723518,2MASXJ154412952723518,,236.05368,27.398088,6.37,3.11,0.488226059654631,2.0482315112540195,0.31,SA,thick_like,,unmatched,,,
PGC1292875,PGC1292875,PGC_1292875,236.144485,6.004554,4.71,0.98,0.208067940552017,4.806122448979592,0.06,SD,thick_like,,unmatched,,,
PGC91474,PGC91474,PGC_91474,236.170364,47.466171,8.33,1.55,0.1860744297719087,5.374193548387097,0.08,SB,intermediate,,unmatched,,,
PGC1317612,PGC1317612,PGC_1317612,236.175812,7.264174,4.22,1.82,0.4312796208530806,2.3186813186813184,0.12,SC,thick_like,,unmatched,,,
PGC1473723,PGC1473723,PGC_1473723,236.207993,15.044199,4.86,2.01,0.4135802469135802,2.4179104477611943,0.1,SC,thick_like,,unmatched,,,
PGC2049628,PGC2049628,PGC_2049628,236.221558,34.464012,4.45,2.29,0.5146067415730337,1.943231441048035,0.21,SB,thick_like,,unmatched,,,
PGC92472,PGC92472,PGC_92472,236.319839,-19.621941,7.79,1.49,0.1912708600770218,5.228187919463087,0.04,SD,intermediate,,unmatched,,,
PGC2068002,PGC2068002,PGC_2068002,236.422836,35.660889,7.29,1.55,0.2126200274348422,4.703225806451613,0.06,SC,thick_like,,unmatched,,,
PGC1908213,PGC1908213,PGC_1908213,236.436874,30.549965,3.83,1.27,0.3315926892950391,3.015748031496063,0.15,SB,thick_like,,unmatched,,,
PGC55976,PGC55976,PGC_55976,236.441299,2.409843,7.84,2.92,0.3724489795918367,2.684931506849315,0.1,SD,thick_like,,unmatched,,,
2MASXJ15455170+0002068,2MASXJ154551700002068,,236.465256,0.035212,6.72,1.6,0.2380952380952381,4.199999999999999,0.07,SC,thick_like,,unmatched,,,
SDSSJ154553.22+391027.0,SDSSJ154553223910270,,236.471786,39.174191,5.05,0.78,0.1544554455445544,6.474358974358974,0.06,SD,intermediate,,unmatched,,,
PGC2032487,PGC2032487,PGC_2032487,236.49231,33.458809,4.12,0.99,0.2402912621359223,4.161616161616162,0.16,SB,thick_like,,unmatched,,,
SDSSJ154603.85+443359.8,SDSSJ154603854433598,,236.516083,44.566628,9.24,0.7,0.0757575757575757,13.2,0.06,SD,thin_like,,unmatched,,,
IC04583,IC04583,IC_4583,236.591431,23.809029,9.71,3.8,0.3913491246138001,2.5552631578947373,0.52,SA,thick_like,,unmatched,,,
PGC1636256,PGC1636256,PGC_1636256,236.606842,20.803249,5.41,1.57,0.2902033271719039,3.445859872611465,0.29,SB,thick_like,,unmatched,,,
PGC92473,PGC92473,PGC_92473,236.650772,-21.13139,8.49,1.9,0.2237926972909305,4.468421052631579,0.05,SC,thick_like,,unmatched,,,
SDSSJ154640.52+453151.3,SDSSJ154640524531513,,236.66832,45.530933,3.63,0.86,0.2369146005509642,4.220930232558139,0.1,IR,thick_like,,unmatched,,,
PGC91477,PGC91477,PGC_91477,236.680405,36.370686,7.13,1.53,0.214586255259467,4.660130718954248,0.07,SD,thick_like,,unmatched,,,
PGC1978607,PGC1978607,PGC_1978607,236.728271,32.067287,5.01,1.47,0.2934131736526946,3.4081632653061225,0.1,SC,thick_like,,unmatched,,,
PGC1151897,PGC1151897,PGC_1151897,236.759811,-0.10334,3.53,2.04,0.5779036827195467,1.730392156862745,0.11,SC,thick_like,,unmatched,,,
PGC2282705,PGC2282705,PGC_2282705,236.762054,46.525776,4.41,1.59,0.3605442176870748,2.7735849056603774,0.17,SB,thick_like,,unmatched,,,
PGC92992,PGC92992,PGC_92992,236.861053,8.244324,6.25,0.94,0.1503999999999999,6.648936170212767,0.06,SD,intermediate,,unmatched,,,
PGC2167560,PGC2167560,PGC_2167560,236.912003,40.55481,4.54,1.34,0.2951541850220264,3.388059701492537,0.08,SC,thick_like,,unmatched,,,
SDSSJ154741.08+260750.9,SDSSJ154741082607509,,236.921173,26.130836,9.72,0.84,0.0864197530864197,11.571428571428571,0.05,SB,thin_like,,unmatched,,,
NGC06002,NGC06002,NGC_6002,236.925018,28.630812,4.21,1.95,0.4631828978622327,2.158974358974359,0.16,SC,thick_like,,unmatched,,,
PGC1518124,PGC1518124,PGC_1518124,236.930405,16.833,4.12,1.11,0.2694174757281553,3.711711711711712,0.1,SD,thick_like,,unmatched,,,
NED,NED,,236.942001,61.503967,5.94,0.57,0.0959595959595959,10.421052631578949,0.05,SD,thin_like,,unmatched,,,
PGC2256015,PGC2256015,PGC_2256015,236.984329,44.962688,8.04,2.33,0.2898009950248756,3.450643776824034,0.4,SA,thick_like,,unmatched,,,
2MASXJ15480606+2912086,2MASXJ154806062912086,,237.025406,29.202341,3.44,1.39,0.4040697674418604,2.474820143884892,0.33,SA,thick_like,,unmatched,,,
IC01138,IC01138,IC_1138,237.065674,26.206581,6.48,2.3,0.3549382716049382,2.8173913043478267,0.27,SB,thick_like,,unmatched,,,
PGC99938,PGC99938,PGC_99938,237.079575,41.78038,13.52,1.5,0.1109467455621301,9.013333333333334,0.05,SB,intermediate,,unmatched,,,
PGC1301385,PGC1301385,PGC_1301385,237.133194,6.474592,9.99,2.82,0.2822822822822822,3.542553191489362,0.3,SB,thick_like,,unmatched,,,
PGC2202616,PGC2202616,PGC_2202616,237.135498,42.619663,4.57,2.28,0.49890590809628,2.004385964912281,0.1,SC,thick_like,,unmatched,,,
UGC10043,UGC10043,UGC_10043,237.172501,21.869764,38.6,5.08,0.1316062176165803,7.5984251968503935,0.19,SA,intermediate,,unmatched,,,
PGC2582049,PGC2582049,PGC_2582049,237.204971,58.723953,4.67,1.37,0.2933618843683084,3.4087591240875907,0.11,SC,thick_like,,unmatched,,,
UGC10044,UGC10044,UGC_10044,237.242416,18.103497,21.66,3.09,0.1426592797783933,7.009708737864078,0.02,UN,intermediate,,unmatched,,,
PGC2663105,PGC2663105,PGC_2663105,237.243591,63.981487,4.25,2.38,0.5599999999999999,1.7857142857142858,0.09,SC,thick_like,,unmatched,,,
PGC2058342,PGC2058342,PGC_2058342,237.255569,35.031624,4.45,1.26,0.2831460674157303,3.531746031746032,0.17,SB,thick_like,,unmatched,,,
PGC1732599,PGC1732599,PGC_1732599,237.265121,25.32431,7.53,3.21,0.4262948207171314,2.3457943925233646,0.41,SA,thick_like,,unmatched,,,
PGC1724078,PGC1724078,PGC_1724078,237.302322,25.053595,5.49,2.28,0.4153005464480874,2.4078947368421058,0.37,SA,thick_like,,unmatched,,,
PGC91481,PGC91481,PGC_91481,237.34314,33.642593,7.95,1.11,0.1396226415094339,7.162162162162161,0.05,SD,intermediate,,unmatched,,,
UGC10050,UGC10050,UGC_10050,237.436905,18.526892,7.36,4.32,0.5869565217391305,1.7037037037037035,0.34,SA,thick_like,,unmatched,,,
PGC1842220,PGC1842220,PGC_1842220,237.450333,28.660461,6.12,2.54,0.4150326797385621,2.409448818897638,0.14,SC,thick_like,,unmatched,,,
NED,NED,,237.465485,16.067362,4.05,1.28,0.3160493827160494,3.1640625,0.07,SC,thick_like,,unmatched,,,
PGC91482,PGC91482,PGC_91482,237.506271,41.626648,6.13,1.94,0.3164763458401305,3.1597938144329896,0.06,SC,thick_like,,unmatched,,,
PGC2392943,PGC2392943,PGC_2392943,237.528946,51.367924,4.47,3.06,0.6845637583892618,1.46078431372549,0.38,SB,thick_like,,unmatched,,,
PGC2076020,PGC2076020,PGC_2076020,237.580612,36.162762,3.93,1.89,0.4809160305343511,2.0793650793650795,0.38,SA,thick_like,,unmatched,,,
PGC1829941,PGC1829941,PGC_1829941,237.637726,28.231636,4.88,1.68,0.3442622950819672,2.9047619047619047,0.15,SB,thick_like,,unmatched,,,
PGC2339670,PGC2339670,PGC_2339670,237.672531,49.321564,2.96,1.48,0.5,2.0,0.15,SC,thick_like,,unmatched,,,
SDSSJ155045.90+080245.0,SDSSJ155045900802450,,237.691269,8.045844,4.43,1.61,0.363431151241535,2.7515527950310554,0.08,SC,thick_like,,unmatched,,,
PGC2044341,PGC2044341,PGC_2044341,237.714066,34.129848,3.97,1.79,0.45088161209068,2.217877094972067,0.17,SC,thick_like,,unmatched,,,
PGC2276319,PGC2276319,PGC_2276319,237.742355,46.155155,5.62,2.12,0.3772241992882562,2.650943396226415,0.1,SC,thick_like,,unmatched,,,
PGC91484,PGC91484,PGC_91484,237.775055,50.375278,6.38,1.46,0.2288401253918495,4.36986301369863,0.09,SD,thick_like,,unmatched,,,
2MASXJ15510970+1000319,2MASXJ155109701000319,,237.790329,10.008793,3.1,1.82,0.5870967741935484,1.7032967032967032,0.46,SB,thick_like,,unmatched,,,
PGC1473800,PGC1473800,PGC_1473800,237.826675,15.047235,3.27,1.03,0.3149847094801223,3.174757281553398,0.14,SB,thick_like,,unmatched,,,
PGC1138019,PGC1138019,PGC_1138019,237.851547,-0.651985,5.72,0.96,0.1678321678321678,5.958333333333333,0.06,SD,intermediate,,unmatched,,,
PGC1806063,PGC1806063,PGC_1806063,237.891602,27.370539,3.5,1.34,0.3828571428571429,2.6119402985074625,0.14,SB,thick_like,,unmatched,,,
PGC1360431,PGC1360431,PGC_1360431,237.897766,9.145605,3.97,1.3,0.327455919395466,3.053846153846154,0.33,SA,thick_like,,unmatched,,,
SDSSJ155154.14+220155.5,SDSSJ155154142201555,,237.975586,22.032082,2.83,1.05,0.3710247349823322,2.695238095238095,0.08,SC,thick_like,,unmatched,,,
SDSSJ155156.48+094117.8,SDSSJ155156480941178,,237.985367,9.688296,4.81,1.22,0.2536382536382536,3.942622950819672,0.06,SD,thick_like,,unmatched,,,
PGC92993,PGC92993,PGC_92993,238.020264,0.139959,8.85,1.28,0.1446327683615819,6.9140625,0.08,SB,intermediate,,unmatched,,,
SDSSJ155207.22+063532.6,SDSSJ155207220635326,,238.030106,6.592407,5.67,1.4,0.2469135802469135,4.05,0.05,SD,thick_like,,unmatched,,,
PGC1274218,PGC1274218,PGC_1274218,238.071167,4.850364,4.22,1.48,0.3507109004739336,2.8513513513513518,0.27,SB,thick_like,,unmatched,,,
PGC2449278,PGC2449278,PGC_2449278,238.10553,53.73283,2.47,1.24,0.5020242914979757,1.991935483870968,0.13,SC,thick_like,,unmatched,,,
PGC1380300,PGC1380300,PGC_1380300,238.187988,10.492371,6.57,1.79,0.2724505327245053,3.670391061452514,0.3,SB,thick_like,,unmatched,,,
PGC2458998,PGC2458998,PGC_2458998,238.218201,54.073723,4.92,2.61,0.5304878048780488,1.885057471264368,0.19,SC,thick_like,,unmatched,,,
PGC1424202,PGC1424202,PGC_1424202,238.230804,13.156414,5.36,1.46,0.2723880597014925,3.671232876712329,0.12,SC,thick_like,,unmatched,,,
PGC1853826,PGC1853826,PGC_1853826,238.232849,29.039177,4.71,1.2,0.2547770700636942,3.925,0.12,SC,thick_like,,unmatched,,,
PGC1381018,PGC1381018,PGC_1381018,238.325775,10.543673,5.05,2.44,0.4831683168316831,2.069672131147541,0.31,SB,thick_like,,unmatched,,,
SDSSJ155319.27+060007.1,SDSSJ155319270600071,,238.330307,6.001988,3.96,0.83,0.2095959595959595,4.771084337349397,0.06,SD,thick_like,,unmatched,,,
PGC1806617,PGC1806617,PGC_1806617,238.387726,27.38966,5.09,1.3,0.2554027504911591,3.9153846153846152,0.23,SB,thick_like,,unmatched,,,
PGC2205724,PGC2205724,PGC_2205724,238.438828,42.766582,4.42,1.01,0.2285067873303167,4.376237623762377,0.1,SB,thick_like,,unmatched,,,
SDSSJ155348.21+070639.9,SDSSJ155348210706399,,238.450912,7.111101,5.46,0.66,0.1208791208791208,8.272727272727272,0.07,SD,intermediate,,unmatched,,,
PGC2355937,PGC2355937,PGC_2355937,238.463516,49.869999,4.61,1.35,0.2928416485900217,3.414814814814815,0.1,SC,thick_like,,unmatched,,,
PGC1808368,PGC1808368,PGC_1808368,238.500778,27.445141,5.91,1.34,0.2267343485617597,4.41044776119403,0.12,SB,thick_like,,unmatched,,,
SDSSJ155412.43+350517.8,SDSSJ155412433505178,,238.551819,35.088287,6.32,0.77,0.1218354430379746,8.207792207792208,0.05,SD,intermediate,,unmatched,,,
PGC1882073,PGC1882073,PGC_1882073,238.567337,29.891745,4.7,1.93,0.4106382978723404,2.435233160621762,0.35,SB,thick_like,,unmatched,,,
NGC06010,NGC06010,NGC_6010,238.579803,0.54305,17.01,7.4,0.4350382128159906,2.2986486486486486,0.45,SA,thick_like,,unmatched,,,
SDSSJ155438.74+115242.6,SDSSJ155438741152426,,238.661362,11.878429,4.68,0.99,0.2115384615384615,4.727272727272727,0.06,SC,thick_like,,unmatched,,,
SDSSJ155443.47+392454.1,SDSSJ155443473924541,,238.680878,39.415276,5.57,0.78,0.1400359066427289,7.141025641025641,0.06,SD,intermediate,,unmatched,,,
PGC91489,PGC91489,PGC_91489,238.681244,4.516968,8.63,2.28,0.2641946697566628,3.785087719298246,0.08,SD,thick_like,,unmatched,,,
PGC56364,PGC56364,PGC_56364,238.705811,18.917128,5.88,1.77,0.3010204081632653,3.3220338983050848,0.47,SB,thick_like,,unmatched,,,
SDSSJ155451.02+504141.8,SDSSJ155451025041418,,238.71257,50.694923,3.9,1.79,0.458974358974359,2.17877094972067,0.08,SC,thick_like,,unmatched,,,
PGC56371,PGC56371,PGC_56371,238.761032,10.93695,6.34,1.87,0.2949526813880126,3.390374331550802,0.09,SB,thick_like,,unmatched,,,
PGC56392,PGC56392,PGC_56392,238.879089,41.950474,6.88,3.7,0.5377906976744187,1.8594594594594596,0.43,SA,thick_like,,unmatched,,,
SDSSJ155531.62+192712.3,SDSSJ155531621927123,,238.88179,19.453424,4.63,1.42,0.3066954643628509,3.26056338028169,0.06,SC,thick_like,,unmatched,,,
PGC56405,PGC56405,PGC_56405,238.944016,8.675226,5.13,2.58,0.5029239766081871,1.988372093023256,0.31,SC,thick_like,,unmatched,,,
PGC1571559,PGC1571559,PGC_1571559,238.994843,18.825966,5.08,1.01,0.1988188976377952,5.02970297029703,0.07,SC,intermediate,,unmatched,,,
PGC2320738,PGC2320738,PGC_2320738,239.002579,48.581051,5.04,1.92,0.3809523809523809,2.625,0.12,SC,thick_like,,unmatched,,,
PGC1273031,PGC1273031,PGC_1273031,239.007019,4.769532,5.74,1.26,0.2195121951219512,4.555555555555555,0.19,SB,thick_like,,unmatched,,,
PGC2599330,PGC2599330,PGC_2599330,239.008392,60.212959,3.51,1.41,0.4017094017094017,2.48936170212766,0.1,SC,thick_like,,unmatched,,,
PGC1607856,PGC1607856,PGC_1607856,239.022659,19.855682,4.35,1.36,0.3126436781609196,3.198529411764705,0.07,SC,thick_like,,unmatched,,,
NED,NED,,239.095169,-0.117061,5.57,0.59,0.1059245960502692,9.440677966101696,0.04,SD,intermediate,,unmatched,,,
PGC1475590,PGC1475590,PGC_1475590,239.095535,15.113022,4.7,1.21,0.2574468085106383,3.884297520661157,0.08,SD,thick_like,,unmatched,,,
PGC1960149,PGC1960149,PGC_1960149,239.127029,31.705429,2.87,1.45,0.5052264808362369,1.9793103448275864,0.19,SC,thick_like,,unmatched,,,
PGC1783171,PGC1783171,PGC_1783171,239.149338,26.631964,5.14,2.24,0.4357976653696498,2.2946428571428568,0.43,SA,thick_like,,unmatched,,,
SDSSJ155653.88+090901.5,SDSSJ155653880909015,,239.224548,9.150427,3.41,0.87,0.2551319648093841,3.9195402298850577,0.06,SD,thick_like,,unmatched,,,
2MASXJ15570085+6243488,2MASXJ155700856243488,,239.253906,62.730118,5.75,1.47,0.2556521739130434,3.91156462585034,0.13,SB,thick_like,,unmatched,,,
PGC2419354,PGC2419354,PGC_2419354,239.287384,52.615955,4.16,1.65,0.3966346153846153,2.521212121212121,0.1,SC,thick_like,,unmatched,,,
PGC1162729,PGC1162729,PGC_1162729,239.389557,0.316143,5.28,2.08,0.3939393939393939,2.5384615384615383,0.09,SC,thick_like,,unmatched,,,
PGC1506953,PGC1506953,PGC_1506953,239.464005,16.362328,6.62,1.87,0.2824773413897281,3.5401069518716577,0.22,SC,thick_like,,unmatched,,,
PGC214440,PGC214440,PGC_214440,239.539459,12.045887,4.85,2.1,0.4329896907216495,2.3095238095238093,0.14,SC,thick_like,,unmatched,,,
SDSSJ155810.82+264453.5,SDSSJ155810822644535,,239.54509,26.748219,3.74,0.66,0.1764705882352941,5.666666666666667,0.06,SB,intermediate,,unmatched,,,
PGC1256303,PGC1256303,PGC_1256303,239.568207,3.656548,4.2,1.37,0.3261904761904762,3.065693430656934,0.14,SB,thick_like,,unmatched,,,
PGC91491,PGC91491,PGC_91491,239.577164,41.245152,7.8,1.44,0.1846153846153846,5.416666666666667,0.05,SD,intermediate,,unmatched,,,
PGC1882285,PGC1882285,PGC_1882285,239.588394,29.898188,4.07,1.19,0.2923832923832923,3.420168067226891,0.14,SB,thick_like,,unmatched,,,
PGC2158922,PGC2158922,PGC_2158922,239.631332,39.992477,5.2,1.3,0.25,4.0,0.32,SB,thick_like,,unmatched,,,
PGC1757843,PGC1757843,PGC_1757843,239.631699,25.981279,4.15,1.7,0.4096385542168674,2.4411764705882355,0.09,SC,thick_like,,unmatched,,,
NED,NED,,239.691849,44.384785,3.81,0.85,0.2230971128608923,4.482352941176471,0.05,SD,thick_like,,unmatched,,,
PGC56551,PGC56551,PGC_56551,239.703705,52.79269,5.43,2.03,0.3738489871086556,2.674876847290641,0.36,SB,thick_like,,unmatched,,,
PGC56568,PGC56568,PGC_56568,239.746262,48.530224,9.89,3.89,0.3933265925176946,2.5424164524421595,0.15,SC,thick_like,,unmatched,,,
PGC1817895,PGC1817895,PGC_1817895,239.76767,27.784178,3.57,1.75,0.4901960784313726,2.04,0.16,SB,thick_like,,unmatched,,,
PGC1821529,PGC1821529,PGC_1821529,239.90509,27.920284,4.83,1.2,0.2484472049689441,4.025,0.1,SC,thick_like,,unmatched,,,
NED,NED,,239.926117,25.382034,3.45,0.36,0.1043478260869565,9.583333333333334,0.05,SD,intermediate,,unmatched,,,
PGC1965871,PGC1965871,PGC_1965871,239.938431,31.815292,5.81,1.71,0.2943201376936317,3.39766081871345,0.31,SB,thick_like,,unmatched,,,
PGC1291684,PGC1291684,PGC_1291684,239.953217,5.93799,5.59,1.09,0.1949910554561717,5.128440366972477,0.23,SB,intermediate,,unmatched,,,
PGC1994219,PGC1994219,PGC_1994219,239.983704,32.381138,4.5,1.43,0.3177777777777777,3.146853146853147,0.07,SC,thick_like,,unmatched,,,
NED,NED,,239.987595,19.520248,6.53,0.95,0.1454823889739663,6.873684210526316,0.04,SD,intermediate,,unmatched,,,
PGC1684969,PGC1684969,PGC_1684969,239.999634,23.300226,5.28,0.98,0.1856060606060606,5.387755102040817,0.14,SB,intermediate,,unmatched,,,
PGC2068808,PGC2068808,PGC_2068808,240.010223,35.707455,5.02,1.47,0.2928286852589641,3.4149659863945576,0.08,SD,thick_like,,unmatched,,,
SDSSJ160005.46+033440.8,SDSSJ160005460334408,,240.022781,3.578058,6.09,1.13,0.1855500821018062,5.389380530973452,0.05,SD,intermediate,,unmatched,,,
PGC1825839,PGC1825839,PGC_1825839,240.025665,28.083508,4.12,1.74,0.4223300970873786,2.367816091954023,0.14,SC,thick_like,,unmatched,,,
PGC2504010,PGC2504010,PGC_2504010,240.036835,55.491371,5.75,0.98,0.1704347826086956,5.86734693877551,0.08,SD,intermediate,,unmatched,,,
PGC1577409,PGC1577409,PGC_1577409,240.069031,19.005327,4.04,1.68,0.4158415841584158,2.4047619047619047,0.1,SC,thick_like,,unmatched,,,
PGC91492,PGC91492,PGC_91492,240.074921,24.436176,4.62,1.73,0.3744588744588744,2.6705202312138727,0.28,SA,thick_like,,unmatched,,,
PGC1460919,PGC1460919,PGC_1460919,240.079224,14.546362,3.61,1.19,0.3296398891966759,3.033613445378151,0.08,SC,thick_like,,unmatched,,,
PGC1780121,PGC1780121,PGC_1780121,240.128784,26.545189,4.13,0.96,0.2324455205811138,4.302083333333333,0.06,SD,thick_like,,unmatched,,,
PGC2328269,PGC2328269,PGC_2328269,240.161102,48.895416,4.83,1.4,0.289855072463768,3.45,0.08,SC,thick_like,,unmatched,,,
SDSSJ160042.78+474815.6,SDSSJ160042784748156,,240.178116,47.804218,3.47,1.15,0.3314121037463976,3.0173913043478264,0.1,SC,thick_like,,unmatched,,,
PGC2183954,PGC2183954,PGC_2183954,240.180969,41.617756,3.29,1.91,0.5805471124620061,1.7225130890052356,0.1,SC,thick_like,,unmatched,,,
PGC1519713,PGC1519713,PGC_1519713,240.224533,16.897394,3.45,1.58,0.4579710144927536,2.1835443037974684,0.18,SC,thick_like,,unmatched,,,
PGC2290768,PGC2290768,PGC_2290768,240.255264,47.005463,4.02,1.59,0.3955223880597016,2.5283018867924523,0.17,SB,thick_like,,unmatched,,,
PGC91493,PGC91493,PGC_91493,240.297379,19.548325,6.5,1.53,0.2353846153846154,4.248366013071895,0.07,SC,thick_like,,unmatched,,,
SDSSJ160112.16+205848.7,SDSSJ160112162058487,,240.300674,20.980221,7.98,1.42,0.1779448621553884,5.619718309859156,0.04,SD,intermediate,,unmatched,,,
UGC10131,UGC10131,UGC_10131,240.309479,14.078778,8.98,1.84,0.2048997772828507,4.880434782608695,0.15,SB,thick_like,,unmatched,,,
SDSSJ160120.09+260121.4,SDSSJ160120092601214,,240.33371,26.022635,5.4,1.19,0.2203703703703703,4.537815126050421,0.07,SD,thick_like,,unmatched,,,
PGC2365069,PGC2365069,PGC_2365069,240.341354,50.172333,4.22,1.79,0.4241706161137441,2.3575418994413404,0.32,SB,thick_like,,unmatched,,,
PGC1520239,PGC1520239,PGC_1520239,240.363266,16.920139,5.8,2.26,0.3896551724137931,2.566371681415929,0.39,SB,thick_like,,unmatched,,,
PGC56726,PGC56726,PGC_56726,240.427658,54.187946,4.26,2.23,0.5234741784037559,1.9103139013452917,0.43,SA,thick_like,,unmatched,,,
PGC3097773,PGC3097773,PGC_3097773,240.445831,25.92662,7.5,1.27,0.1693333333333333,5.905511811023622,0.15,SB,intermediate,,unmatched,,,
PGC2054011,PGC2054011,PGC_2054011,240.445984,34.752201,6.61,2.52,0.3812405446293495,2.623015873015873,0.14,SB,thick_like,,unmatched,,,
PGC91494,PGC91494,PGC_91494,240.44783,13.822662,7.2,1.75,0.2430555555555555,4.114285714285715,0.07,SD,thick_like,,unmatched,,,
PGC2159158,PGC2159158,PGC_2159158,240.45816,40.008362,6.57,1.77,0.2694063926940639,3.711864406779661,0.07,SC,thick_like,,unmatched,,,
PGC214445,PGC214445,PGC_214445,240.461685,17.995745,6.31,1.98,0.3137876386687797,3.186868686868687,0.35,SB,thick_like,,unmatched,,,
PGC91495,PGC91495,PGC_91495,240.522125,18.648766,7.65,2.13,0.2784313725490195,3.5915492957746484,0.03,SD,thick_like,,unmatched,,,
SDSSJ160208.09+120825.9,SDSSJ160208091208259,,240.533722,12.140528,4.81,0.73,0.1517671517671517,6.58904109589041,0.08,SB,intermediate,,unmatched,,,
PGC56781,PGC56781,PGC_56781,240.589996,16.159081,5.94,1.54,0.2592592592592592,3.857142857142857,0.39,SB,thick_like,,unmatched,,,
SDSSJ160236.54+201330.2,SDSSJ160236542013302,,240.652267,20.225082,5.07,0.43,0.0848126232741617,11.790697674418606,0.06,IR,thin_like,,unmatched,,,
PGC1579345,PGC1579345,PGC_1579345,240.730591,19.063883,5.78,3.61,0.6245674740484428,1.6011080332409973,0.17,SC,thick_like,,unmatched,,,
PGC1500597,PGC1500597,PGC_1500597,240.754395,16.096325,5.49,2.19,0.3989071038251366,2.5068493150684934,0.45,SA,thick_like,,unmatched,,,
PGC1856476,PGC1856476,PGC_1856476,240.757568,29.125742,5.33,1.15,0.2157598499061913,4.6347826086956525,0.1,SC,thick_like,,unmatched,,,
PGC56850,PGC56850,PGC_56850,240.808823,17.367346,5.68,2.34,0.4119718309859155,2.427350427350427,0.42,SA,thick_like,,unmatched,,,
NED,NED,,240.829742,12.05595,10.58,0.77,0.0727788279773156,13.74025974025974,0.04,SD,thin_like,,unmatched,,,
PGC142839,PGC142839,PGC_142839,240.857742,15.646738,4.03,1.97,0.488833746898263,2.045685279187817,0.11,SC,thick_like,,unmatched,,,
SDSSJ160329.88+530916.5,SDSSJ160329885309165,,240.874512,53.154598,8.34,1.56,0.1870503597122302,5.346153846153846,0.06,SD,intermediate,,unmatched,,,
PGC2320130,PGC2320130,PGC_2320130,240.947311,48.554989,4.72,1.47,0.3114406779661017,3.2108843537414966,0.12,SB,thick_like,,unmatched,,,
PGC214454,PGC214454,PGC_214454,240.965607,49.375286,4.62,2.27,0.4913419913419913,2.0352422907488985,0.09,SC,thick_like,,unmatched,,,
PGC1408873,PGC1408873,PGC_1408873,240.981598,12.400376,4.77,1.69,0.3542976939203354,2.822485207100592,0.11,SC,thick_like,,unmatched,,,
PGC84706,PGC84706,PGC_84706,240.982651,18.294413,4.78,1.27,0.2656903765690376,3.763779527559055,0.14,SB,thick_like,,unmatched,,,
PGC1892720,PGC1892720,PGC_1892720,240.999756,30.16242,5.88,1.97,0.3350340136054421,2.984771573604061,0.19,SB,thick_like,,unmatched,,,
UGC10171,UGC10171,UGC_10171,241.038193,42.889263,15.67,2.05,0.1308232291001914,7.643902439024391,0.08,SD,intermediate,,unmatched,,,
PGC84708,PGC84708,PGC_84708,241.043121,17.205023,4.51,1.47,0.3259423503325942,3.068027210884354,0.08,SC,thick_like,,unmatched,,,
PGC56928,PGC56928,PGC_56928,241.067535,15.425209,4.18,2.68,0.6411483253588518,1.5597014925373132,0.29,SC,thick_like,,unmatched,,,
PGC91498,PGC91498,PGC_91498,241.074783,37.414715,6.03,1.59,0.263681592039801,3.792452830188679,0.07,SD,thick_like,,unmatched,,,
NED,NED,,241.075424,10.856004,4.37,0.63,0.1441647597254004,6.936507936507937,0.05,SD,intermediate,,unmatched,,,
SDSSJ160418.94+424724.5,SDSSJ160418944247245,,241.078934,42.790154,5.64,0.79,0.1400709219858156,7.139240506329113,0.07,SD,intermediate,,unmatched,,,
PGC84710,PGC84710,PGC_84710,241.084854,17.436443,4.47,1.79,0.4004474272930649,2.4972067039106145,0.11,SC,thick_like,,unmatched,,,
SDSSJ160420.50+141714.6,SDSSJ160420501417146,,241.085434,14.287436,3.97,1.06,0.2670025188916876,3.7452830188679247,0.08,SC,thick_like,,unmatched,,,
PGC1560197,PGC1560197,PGC_1560197,241.122437,18.45932,4.16,1.25,0.3004807692307692,3.3280000000000003,0.1,SC,thick_like,,unmatched,,,
NED,NED,,241.126755,14.004306,7.58,1.05,0.1385224274406332,7.219047619047619,0.04,SD,intermediate,,unmatched,,,
PGC1617201,PGC1617201,PGC_1617201,241.149673,20.124538,6.26,1.84,0.2939297124600639,3.402173913043478,0.25,SB,thick_like,,unmatched,,,
PGC56971,PGC56971,PGC_56971,241.165222,15.066083,5.97,1.77,0.2964824120603015,3.3728813559322037,0.14,SB,thick_like,,unmatched,,,
PGC1775313,PGC1775313,PGC_1775313,241.202621,26.413343,3.98,1.42,0.3567839195979899,2.802816901408451,0.38,SB,thick_like,,unmatched,,,
PGC1831826,PGC1831826,PGC_1831826,241.210007,28.297874,10.56,0.79,0.074810606060606,13.367088607594935,0.06,SD,thin_like,,unmatched,,,
PGC93051,PGC93051,PGC_93051,241.245178,8.453702,8.01,1.24,0.1548064918851435,6.459677419354839,0.05,SD,intermediate,,unmatched,,,
PGC57014,PGC57014,PGC_57014,241.248032,23.96994,7.12,3.5,0.4915730337078651,2.0342857142857143,0.37,SA,thick_like,,unmatched,,,
UGC10176,UGC10176,UGC_10176,241.258163,13.70123,13.97,2.8,0.2004294917680744,4.989285714285715,0.09,SA,thick_like,,unmatched,,,
PGC1512485,PGC1512485,PGC_1512485,241.278809,16.596155,4.54,3.13,0.6894273127753303,1.450479233226837,0.32,SA,thick_like,,unmatched,,,
PGC2265189,PGC2265189,PGC_2265189,241.301605,45.4533,4.0,1.27,0.3175,3.149606299212598,0.1,SC,thick_like,,unmatched,,,
PGC2208008,PGC2208008,PGC_2208008,241.302902,42.875923,3.8,1.24,0.3263157894736842,3.064516129032258,0.11,SB,thick_like,,unmatched,,,
PGC1465905,PGC1465905,PGC_1465905,241.335739,14.739318,4.52,1.42,0.3141592920353982,3.1830985915492955,0.19,SB,thick_like,,unmatched,,,
SDSSJ160522.76+161818.7,SDSSJ160522761618187,,241.344833,16.30521,4.91,0.72,0.1466395112016293,6.819444444444445,0.06,SD,intermediate,,unmatched,,,
SDSSJ160524.18+164629.8,SDSSJ160524181646298,,241.350769,16.774967,3.13,0.94,0.3003194888178914,3.3297872340425534,0.1,SC,thick_like,,unmatched,,,
UGC10190,UGC10190,UGC_10190,241.359604,17.696821,6.27,2.43,0.3875598086124402,2.5802469135802464,0.11,SC,thick_like,,unmatched,,,
PGC1411975,PGC1411975,PGC_1411975,241.413406,12.572295,5.94,1.7,0.2861952861952861,3.494117647058824,0.13,SD,thick_like,,unmatched,,,
PGC1514569,PGC1514569,PGC_1514569,241.436096,16.685877,4.7,1.3,0.2765957446808511,3.615384615384616,0.09,SD,thick_like,,unmatched,,,
PGC1503156,PGC1503156,PGC_1503156,241.469574,16.20002,5.49,2.91,0.5300546448087432,1.8865979381443296,0.37,SB,thick_like,,unmatched,,,
PGC142844,PGC142844,PGC_142844,241.492157,16.464474,6.6,1.31,0.1984848484848485,5.038167938931298,0.05,SD,intermediate,,unmatched,,,
SDSSJ160611.30+391622.0,SDSSJ160611303916220,,241.547134,39.272781,4.37,0.71,0.1624713958810068,6.154929577464789,0.05,SD,intermediate,,unmatched,,,
PGC1566445,PGC1566445,PGC_1566445,241.567322,18.664526,5.42,2.13,0.3929889298892989,2.5446009389671365,0.2,SB,thick_like,,unmatched,,,
PGC57144,PGC57144,PGC_57144,241.593674,17.92919,5.1,2.76,0.5411764705882353,1.8478260869565215,0.5,SA,thick_like,,unmatched,,,
PGC2108742,PGC2108742,PGC_2108742,241.598175,37.75737,3.99,1.24,0.3107769423558897,3.217741935483871,0.15,SC,thick_like,,unmatched,,,
2MASXJ16062823+1518151,2MASXJ160628231518151,,241.617599,15.304188,3.39,1.43,0.4218289085545722,2.370629370629371,0.37,SA,thick_like,,unmatched,,,
PGC1327154,PGC1327154,PGC_1327154,241.618958,7.645635,4.13,0.96,0.2324455205811138,4.302083333333333,0.12,SB,thick_like,,unmatched,,,
UGC10205,UGC10205,UGC_10205,241.667191,30.098953,9.39,10.29,1.095846645367412,0.9125364431486882,0.21,SC,thick_like,,unmatched,,,
PGC1808911,PGC1808911,PGC_1808911,241.694046,27.463255,3.39,2.18,0.6430678466076697,1.555045871559633,0.39,SA,thick_like,,unmatched,,,
UGC10208,UGC10208,UGC_10208,241.694931,31.866926,4.92,3.13,0.6361788617886178,1.571884984025559,0.25,SC,thick_like,,unmatched,,,
2MASXJ16064804+0741008,2MASXJ160648040741008,,241.700226,7.683589,5.93,0.94,0.1585160202360876,6.308510638297872,0.08,SD,intermediate,,unmatched,,,
PGC57185,PGC57185,PGC_57185,241.700867,17.647655,5.56,2.19,0.3938848920863309,2.538812785388128,0.11,SC,thick_like,,unmatched,,,
PGC57186,PGC57186,PGC_57186,241.706573,40.378521,4.03,2.11,0.5235732009925558,1.9099526066350716,0.17,SB,thick_like,,unmatched,,,
PGC2503300,PGC2503300,PGC_2503300,241.732422,55.471512,4.23,2.3,0.5437352245862883,1.839130434782609,0.31,SC,thick_like,,unmatched,,,
PGC57174,PGC57174,PGC_57174,241.736588,62.536865,7.86,1.84,0.2340966921119593,4.271739130434782,0.06,SD,thick_like,,unmatched,,,
SDSSJ160658.09+081044.4,SDSSJ160658090810444,,241.742035,8.178923,9.85,0.76,0.0771573604060913,12.960526315789473,0.04,IR,thin_like,,unmatched,,,
SDSSJ160712.37+515241.3,SDSSJ160712375152413,,241.80098,51.878433,3.52,1.07,0.3039772727272727,3.289719626168224,0.07,SD,thick_like,,unmatched,,,
2MASXJ16071232+0015036,2MASXJ160712320015036,,241.801407,0.251095,5.28,1.73,0.3276515151515151,3.0520231213872835,0.1,SC,thick_like,,unmatched,,,
2MASXJ16071238+5106188,2MASXJ160712385106188,,241.801575,51.105377,4.61,1.38,0.299349240780911,3.340579710144928,0.08,SC,thick_like,,unmatched,,,
PGC2060988,PGC2060988,PGC_2060988,241.814774,35.204823,5.61,1.67,0.2976827094474153,3.3592814371257487,0.08,SD,thick_like,,unmatched,,,
SDSSJ160728.20+035131.5,SDSSJ160728200351315,,241.867523,3.858758,4.29,0.79,0.1841491841491841,5.430379746835443,0.07,SC,intermediate,,unmatched,,,
PGC3131969,PGC3131969,PGC_3131969,241.901978,49.549187,5.23,1.83,0.3499043977055449,2.85792349726776,0.08,SC,thick_like,,unmatched,,,
PGC1509225,PGC1509225,PGC_1509225,241.919662,16.457575,3.54,1.37,0.3870056497175141,2.583941605839416,0.2,SB,thick_like,,unmatched,,,
PGC3131815,PGC3131815,PGC_3131815,241.921875,49.009762,2.39,0.9,0.3765690376569037,2.6555555555555554,0.17,SB,thick_like,,unmatched,,,
2MASXJ16074251+1452137,2MASXJ160742511452137,,241.927048,14.870392,7.56,1.6,0.2116402116402116,4.725,0.07,SB,thick_like,,unmatched,,,
PGC3089165,PGC3089165,PGC_3089165,241.941238,29.336773,3.09,1.52,0.4919093851132686,2.0328947368421053,0.34,SB,thick_like,,unmatched,,,
PGC2494231,PGC2494231,PGC_2494231,241.962692,55.207794,5.15,1.26,0.2446601941747572,4.087301587301588,0.12,SB,thick_like,,unmatched,,,
PGC57243,PGC57243,PGC_57243,241.979553,59.876678,8.35,3.44,0.4119760479041916,2.427325581395349,0.47,SA,thick_like,,unmatched,,,
PGC1495124,PGC1495124,PGC_1495124,242.018661,15.864684,4.2,1.12,0.2666666666666666,3.75,0.11,SC,thick_like,,unmatched,,,
2MASXJ16080908+5008183,2MASXJ160809085008183,,242.037766,50.138233,4.42,0.96,0.2171945701357466,4.604166666666667,0.08,SD,thick_like,,unmatched,,,
PGC1482700,PGC1482700,PGC_1482700,242.044815,15.366025,3.73,1.88,0.5040214477211796,1.9840425531914891,0.27,SB,thick_like,,unmatched,,,
PGC1404555,PGC1404555,PGC_1404555,242.053024,12.147668,3.57,0.76,0.2128851540616246,4.697368421052631,0.06,SD,thick_like,,unmatched,,,
PGC91502,PGC91502,PGC_91502,242.055023,40.317966,6.51,1.46,0.2242703533026113,4.458904109589041,0.08,SD,thick_like,,unmatched,,,
IC01197,IC01197,IC_1197,242.071945,7.538508,21.31,6.79,0.318629751290474,3.138438880706922,0.06,SD,thick_like,,unmatched,,,
PGC1434029,PGC1434029,PGC_1434029,242.148422,13.552908,3.56,1.98,0.5561797752808989,1.797979797979798,0.16,SC,thick_like,,unmatched,,,
2MASXJ16084641+4256330,2MASXJ160846414256330,,242.193344,42.942474,4.51,0.92,0.2039911308203991,4.902173913043478,0.08,SB,thick_like,,unmatched,,,
SDSSJ160848.65+134508.3,SDSSJ160848651345083,,242.202744,13.752319,5.46,1.61,0.2948717948717949,3.391304347826087,0.06,SC,thick_like,,unmatched,,,
SDSSJ160852.21+053224.1,SDSSJ160852210532241,,242.21759,5.540038,3.59,0.72,0.2005571030640668,4.986111111111111,0.06,SD,thick_like,,unmatched,,,
PGC1685015,PGC1685015,PGC_1685015,242.246902,23.302797,5.15,1.68,0.3262135922330096,3.0654761904761907,0.19,SB,thick_like,,unmatched,,,
2MASXJ16090286+0722260,2MASXJ160902860722260,,242.261765,7.373863,3.0,1.0,0.3333333333333333,3.0,0.12,SC,thick_like,,unmatched,,,
PGC2057635,PGC2057635,PGC_2057635,242.279175,34.985085,5.68,1.14,0.2007042253521126,4.982456140350878,0.07,SD,thick_like,,unmatched,,,
SDSSJ160936.81+144011.9,SDSSJ160936811440119,,242.403381,14.669986,3.87,1.53,0.3953488372093023,2.5294117647058822,0.08,SC,thick_like,,unmatched,,,
SDSSJ160938.64+463418.0,SDSSJ160938644634180,,242.411026,46.571667,8.22,2.1,0.2554744525547445,3.9142857142857146,0.04,SD,thick_like,,unmatched,,,
PGC2130045,PGC2130045,PGC_2130045,242.439484,38.547619,3.33,1.18,0.3543543543543543,2.8220338983050848,0.21,SB,thick_like,,unmatched,,,
UGC10232,UGC10232,UGC_10232,242.461823,20.177456,23.99,3.17,0.1321383909962484,7.56782334384858,0.04,SD,intermediate,,unmatched,,,
UGC10233,UGC10233,UGC_10233,242.46405,22.615234,16.79,3.43,0.2042882668254914,4.895043731778425,0.08,SB,thick_like,,unmatched,,,
PGC1739479,PGC1739479,PGC_1739479,242.471191,25.51683,5.5,2.07,0.3763636363636363,2.657004830917874,0.19,SB,thick_like,,unmatched,,,
PGC91505,PGC91505,PGC_91505,242.493744,22.735832,6.1,1.53,0.2508196721311476,3.986928104575163,0.05,IR,thick_like,,unmatched,,,
SDSSJ161002.37+294537.9,SDSSJ161002372945379,,242.509888,29.760532,3.92,0.77,0.1964285714285714,5.090909090909091,0.06,SB,intermediate,,unmatched,,,
PGC1792486,PGC1792486,PGC_1792486,242.537506,26.92322,7.28,1.84,0.2527472527472527,3.9565217391304346,0.07,SD,thick_like,,unmatched,,,
PGC2581881,PGC2581881,PGC_2581881,242.57901,58.709915,5.48,1.45,0.2645985401459854,3.779310344827586,0.1,SC,thick_like,,unmatched,,,
UGC10246,UGC10246,UGC_10246,242.629303,27.499697,8.04,5.59,0.695273631840796,1.438282647584973,0.31,SC,thick_like,,unmatched,,,
PGC91507,PGC91507,PGC_91507,242.633972,52.416943,8.27,1.24,0.1499395405078597,6.669354838709677,0.15,SB,intermediate,,unmatched,,,
SDSSJ161035.91+413952.0,SDSSJ161035914139520,,242.649673,41.66444,4.74,0.77,0.1624472573839662,6.155844155844156,0.08,SC,intermediate,,unmatched,,,
UGC10248,UGC10248,UGC_10248,242.654144,29.513006,8.14,2.96,0.3636363636363636,2.7500000000000004,0.1,SC,thick_like,,unmatched,,,
2MASXJ16103841+3811152,2MASXJ161038413811152,,242.660217,38.187401,3.82,1.24,0.3246073298429319,3.0806451612903225,0.09,SB,thick_like,,unmatched,,,
PGC1694665,PGC1694665,PGC_1694665,242.717117,23.840672,4.42,0.98,0.2217194570135746,4.510204081632653,0.06,SD,thick_like,,unmatched,,,
PGC91506,PGC91506,PGC_91506,242.719849,-0.005427,4.65,1.0,0.2150537634408602,4.65,0.05,SD,thick_like,,unmatched,,,
2MASXJ16105847+2129562,2MASXJ161058472129562,,242.743607,21.498943,5.03,1.2,0.2385685884691848,4.191666666666667,0.1,SC,thick_like,,unmatched,,,
PGC1865412,PGC1865412,PGC_1865412,242.765686,29.410454,5.74,1.3,0.2264808362369338,4.415384615384616,0.06,SD,thick_like,,unmatched,,,
PGC57403,PGC57403,PGC_57403,242.809311,51.19236,6.28,2.29,0.3646496815286624,2.7423580786026203,0.15,SC,thick_like,,unmatched,,,
SDSSJ161115.46+034135.2,SDSSJ161115460341352,,242.814423,3.693116,7.07,1.15,0.1626591230551626,6.147826086956522,0.05,SD,intermediate,,unmatched,,,
PGC1454677,PGC1454677,PGC_1454677,242.863922,14.303786,6.32,2.04,0.3227848101265823,3.0980392156862746,0.24,SB,thick_like,,unmatched,,,
PGC1707076,PGC1707076,PGC_1707076,242.879349,24.428495,5.07,1.86,0.3668639053254438,2.725806451612903,0.08,SC,thick_like,,unmatched,,,
PGC2612348,PGC2612348,PGC_2612348,242.881821,61.124489,5.92,1.03,0.1739864864864864,5.747572815533981,0.08,SC,intermediate,,unmatched,,,
PGC1541764,PGC1541764,PGC_1541764,242.928635,17.790815,4.52,2.85,0.6305309734513275,1.5859649122807016,0.42,SA,thick_like,,unmatched,,,
PGC1700982,PGC1700982,PGC_1700982,242.965775,24.157036,7.7,1.98,0.2571428571428571,3.888888888888889,0.06,SD,thick_like,,unmatched,,,
PGC1863893,PGC1863893,PGC_1863893,242.968979,29.363169,4.1,0.98,0.2390243902439024,4.183673469387755,0.08,SD,thick_like,,unmatched,,,
PGC91508,PGC91508,PGC_91508,243.014664,52.790485,5.05,1.66,0.3287128712871287,3.0421686746987957,0.13,SB,thick_like,,unmatched,,,
PGC2098235,PGC2098235,PGC_2098235,243.030792,37.332607,4.83,1.25,0.2587991718426501,3.864,0.06,SD,thick_like,,unmatched,,,
PGC2153829,PGC2153829,PGC_2153829,243.089218,39.672146,2.85,1.49,0.5228070175438596,1.912751677852349,0.13,SC,thick_like,,unmatched,,,
PGC2098934,PGC2098934,PGC_2098934,243.141174,37.361462,4.44,1.42,0.3198198198198198,3.126760563380282,0.23,SB,thick_like,,unmatched,,,
PGC2534834,PGC2534834,PGC_2534834,243.175674,56.378471,5.48,1.56,0.2846715328467153,3.5128205128205128,0.15,SB,thick_like,,unmatched,,,
PGC1161744,PGC1161744,PGC_1161744,243.185608,0.278285,5.28,2.34,0.4431818181818181,2.256410256410257,0.41,SA,thick_like,,unmatched,,,
PGC1416327,PGC1416327,PGC_1416327,243.192062,12.793665,4.54,1.43,0.3149779735682819,3.174825174825175,0.08,SD,thick_like,,unmatched,,,
UGC10276,UGC10276,UGC_10276,243.204437,31.993143,10.19,3.29,0.3228655544651619,3.0972644376899696,0.09,SC,thick_like,,unmatched,,,
SDSSJ161249.20+491954.9,SDSSJ161249204919549,,243.204956,49.331768,6.42,1.14,0.1775700934579439,5.631578947368421,0.05,SC,intermediate,,unmatched,,,
PGC1802960,PGC1802960,PGC_1802960,243.231003,27.271618,3.05,1.57,0.5147540983606558,1.9426751592356688,0.14,SC,thick_like,,unmatched,,,
PGC2536548,PGC2536548,PGC_2536548,243.246979,56.43137,4.91,2.14,0.4358452138492872,2.2943925233644857,0.41,SA,thick_like,,unmatched,,,
PGC2383324,PGC2383324,PGC_2383324,243.24704,50.844826,3.75,1.15,0.3066666666666666,3.260869565217392,0.11,SC,thick_like,,unmatched,,,
PGC2433584,PGC2433584,PGC_2433584,243.265778,53.170094,4.65,1.23,0.264516129032258,3.780487804878049,0.07,SD,thick_like,,unmatched,,,
PGC91511,PGC91511,PGC_91511,243.345047,62.982048,6.11,1.05,0.1718494271685761,5.819047619047619,0.1,SB,intermediate,,unmatched,,,
PGC1544474,PGC1544474,PGC_1544474,243.400909,17.888796,4.86,2.22,0.4567901234567901,2.189189189189189,0.21,SB,thick_like,,unmatched,,,
PGC91509,PGC91509,PGC_91509,243.422882,52.873821,5.29,1.33,0.2514177693761815,3.977443609022556,0.08,SD,thick_like,,unmatched,,,
PGC2394597,PGC2394597,PGC_2394597,243.447739,51.4673,3.58,1.25,0.3491620111731843,2.864,0.1,SC,thick_like,,unmatched,,,
PGC1912171,PGC1912171,PGC_1912171,243.473694,30.649963,4.58,1.31,0.2860262008733624,3.49618320610687,0.09,SB,thick_like,,unmatched,,,
PGC2315195,PGC2315195,PGC_2315195,243.483551,48.334229,5.69,1.27,0.2231985940246045,4.480314960629921,0.06,SD,thick_like,,unmatched,,,
SDSSJ161356.88+321649.9,SDSSJ161356883216499,,243.487,32.280548,4.81,1.65,0.343035343035343,2.915151515151515,0.08,SC,thick_like,,unmatched,,,
PGC57559,PGC57559,PGC_57559,243.509567,28.496916,6.18,2.79,0.4514563106796116,2.21505376344086,0.33,SA,thick_like,,unmatched,,,
PGC2386575,PGC2386575,PGC_2386575,243.552231,50.999168,5.28,1.13,0.2140151515151515,4.672566371681417,0.09,SD,thick_like,,unmatched,,,
PGC2579412,PGC2579412,PGC_2579412,243.58107,58.497684,6.16,1.66,0.2694805194805195,3.710843373493976,0.16,SC,thick_like,,unmatched,,,
PGC2061653,PGC2061653,PGC_2061653,243.584671,35.250149,5.11,2.34,0.4579256360078277,2.183760683760684,0.32,SA,thick_like,,unmatched,,,
PGC1730147,PGC1730147,PGC_1730147,243.588211,25.249174,3.64,2.01,0.5521978021978021,1.810945273631841,0.08,SC,thick_like,,unmatched,,,
UGC10288,UGC10288,UGC_10288,243.602798,-0.20746,25.68,7.78,0.3029595015576324,3.300771208226221,0.11,SD,thick_like,,unmatched,,,
PGC2300663,PGC2300663,PGC_2300663,243.663605,47.577698,3.73,1.71,0.4584450402144772,2.181286549707602,0.12,SC,thick_like,,unmatched,,,
PGC91510,PGC91510,PGC_91510,243.685455,27.861578,9.31,1.78,0.1911922663802363,5.230337078651686,0.05,SD,intermediate,,unmatched,,,
PGC57603,PGC57603,PGC_57603,243.725937,37.603848,3.32,1.46,0.4397590361445783,2.273972602739726,0.14,SC,thick_like,,unmatched,,,
PGC57629,PGC57629,PGC_57629,243.850601,59.954193,6.26,3.39,0.5415335463258786,1.846607669616519,0.12,SC,thick_like,,unmatched,,,
PGC2113929,PGC2113929,PGC_2113929,243.868713,37.951923,5.89,1.76,0.2988115449915111,3.3465909090909087,0.16,SB,thick_like,,unmatched,,,
SDSSJ161539.95+041730.5,SDSSJ161539950417305,,243.916489,4.291814,5.32,1.22,0.2293233082706766,4.360655737704918,0.07,SC,thick_like,,unmatched,,,
IC01208,IC01208,IC_1208,243.949539,36.527321,11.97,5.92,0.4945697577276524,2.02195945945946,0.49,SA,thick_like,,unmatched,,,
PGC2130939,PGC2130939,PGC_2130939,243.949677,38.581455,6.12,3.02,0.4934640522875816,2.0264900662251657,0.44,SB,thick_like,,unmatched,,,
AGC268183,AGC268183,,243.951736,10.069161,5.56,1.58,0.2841726618705036,3.518987341772152,0.08,SC,thick_like,,unmatched,,,
PGC91513,PGC91513,PGC_91513,243.981033,16.784206,7.53,1.76,0.2337317397078353,4.278409090909091,0.15,SB,thick_like,,unmatched,,,
PGC2424489,PGC2424489,PGC_2424489,243.991257,52.818676,4.77,1.88,0.3941299790356394,2.5372340425531914,0.23,SB,thick_like,,unmatched,,,
PGC91514,PGC91514,PGC_91514,244.014114,11.480937,13.48,1.11,0.0823442136498516,12.144144144144144,0.12,SB,thin_like,,unmatched,,,
NED,NED,,244.022141,12.375708,4.36,1.46,0.3348623853211009,2.986301369863014,0.09,SC,thick_like,,unmatched,,,
PGC1498887,PGC1498887,PGC_1498887,244.051437,16.023605,5.19,1.23,0.2369942196531791,4.219512195121951,0.07,SD,thick_like,,unmatched,,,
PGC1742985,PGC1742985,PGC_1742985,244.108353,25.613758,4.49,0.77,0.1714922048997773,5.831168831168832,0.05,SD,intermediate,,unmatched,,,
PGC91516,PGC91516,PGC_91516,244.169296,14.649273,7.75,1.88,0.2425806451612903,4.122340425531915,0.07,SC,thick_like,,unmatched,,,
PGC1819253,PGC1819253,PGC_1819253,244.190842,27.835047,4.44,2.25,0.5067567567567567,1.9733333333333336,0.22,SC,thick_like,,unmatched,,,
PGC2062146,PGC2062146,PGC_2062146,244.192093,35.28492,7.34,2.8,0.3814713896457765,2.6214285714285714,0.19,SC,thick_like,,unmatched,,,
PGC1813375,PGC1813375,PGC_1813375,244.244003,27.618439,5.0,1.37,0.274,3.64963503649635,0.12,SD,thick_like,,unmatched,,,
PGC1926543,PGC1926543,PGC_1926543,244.250641,30.985569,4.47,1.69,0.378076062639821,2.6449704142011834,0.28,SB,thick_like,,unmatched,,,
PGC1690640,PGC1690640,PGC_1690640,244.265503,23.622513,6.09,0.85,0.1395730706075533,7.1647058823529415,0.08,SB,intermediate,,unmatched,,,
PGC91517,PGC91517,PGC_91517,244.286819,19.994764,9.86,2.29,0.2322515212981744,4.3056768558951966,0.07,SD,thick_like,,unmatched,,,
PGC91518,PGC91518,PGC_91518,244.332016,43.479656,6.91,2.0,0.2894356005788712,3.455,0.1,SC,thick_like,,unmatched,,,
PGC2178057,PGC2178057,PGC_2178057,244.381622,41.250973,3.95,1.68,0.4253164556962025,2.3511904761904763,0.13,SC,thick_like,,unmatched,,,
SDSSJ161741.33+140349.6,SDSSJ161741331403496,,244.422211,14.063793,5.22,1.03,0.1973180076628352,5.067961165048543,0.09,SC,intermediate,,unmatched,,,
PGC91519,PGC91519,PGC_91519,244.451019,26.520157,9.49,1.77,0.1865121180189673,5.361581920903955,0.05,SD,intermediate,,unmatched,,,
PGC2096482,PGC2096482,PGC_2096482,244.470886,37.259975,5.81,1.05,0.1807228915662651,5.533333333333332,0.09,SB,intermediate,,unmatched,,,
PGC91523,PGC91523,PGC_91523,244.473495,59.526875,6.44,1.79,0.2779503105590062,3.597765363128492,0.06,SC,thick_like,,unmatched,,,
PGC2185665,PGC2185665,PGC_2185665,244.507721,41.716717,5.74,2.17,0.3780487804878048,2.645161290322581,0.08,SC,thick_like,,unmatched,,,
2MASXJ16180398+1126026,2MASXJ161803981126026,,244.516541,11.434052,2.92,1.57,0.5376712328767124,1.859872611464968,0.31,SB,thick_like,,unmatched,,,
PGC1690911,PGC1690911,PGC_1690911,244.583206,23.637039,4.28,1.22,0.2850467289719626,3.508196721311476,0.07,SC,thick_like,,unmatched,,,
PGC91521,PGC91521,PGC_91521,244.601562,33.942924,12.5,1.06,0.0848,11.79245283018868,0.05,SD,thin_like,,unmatched,,,
PGC3089914,PGC3089914,PGC_3089914,244.603043,20.890018,4.41,3.15,0.7142857142857142,1.4,0.31,SA,thick_like,,unmatched,,,
PGC2371500,PGC2371500,PGC_2371500,244.77327,50.386158,4.8,1.28,0.2666666666666666,3.75,0.08,SC,thick_like,,unmatched,,,
PGC1366276,PGC1366276,PGC_1366276,244.775085,9.518734,6.53,2.06,0.3154670750382848,3.16990291262136,0.09,SB,thick_like,,unmatched,,,
PGC91524,PGC91524,PGC_91524,244.798874,39.744629,7.8,1.66,0.2128205128205128,4.698795180722891,0.06,SD,thick_like,,unmatched,,,
PGC1726161,PGC1726161,PGC_1726161,244.807571,25.123823,4.16,1.55,0.3725961538461538,2.683870967741936,0.12,SB,thick_like,,unmatched,,,
PGC1708185,PGC1708185,PGC_1708185,244.927292,24.476925,5.87,1.35,0.2299829642248722,4.348148148148148,0.09,SC,thick_like,,unmatched,,,
2MASXJ16194345+5009210,2MASXJ161943455009210,,244.930939,50.155674,4.63,1.24,0.2678185745140389,3.733870967741936,0.11,SC,thick_like,,unmatched,,,
PGC1717071,PGC1717071,PGC_1717071,244.944885,24.810493,4.35,0.94,0.2160919540229885,4.627659574468085,0.11,SC,thick_like,,unmatched,,,
PGC2271818,PGC2271818,PGC_2271818,244.95697,45.877544,3.57,1.35,0.3781512605042017,2.644444444444444,0.13,SC,thick_like,,unmatched,,,
PGC2398003,PGC2398003,PGC_2398003,244.961884,51.668983,6.72,1.52,0.2261904761904762,4.421052631578947,0.08,SD,thick_like,,unmatched,,,
NED,NED,,244.992355,57.745743,5.79,1.43,0.2469775474956822,4.048951048951049,0.06,SD,thick_like,,unmatched,,,
PGC91525,PGC91525,PGC_91525,245.018387,14.1449,5.22,1.36,0.260536398467433,3.838235294117647,0.06,SD,thick_like,,unmatched,,,
PGC91526,PGC91526,PGC_91526,245.027939,40.951656,7.89,1.27,0.1609632446134347,6.21259842519685,0.05,SD,intermediate,,unmatched,,,
PGC1806689,PGC1806689,PGC_1806689,245.057373,27.391268,4.1,1.33,0.3243902439024391,3.0827067669172927,0.27,SB,thick_like,,unmatched,,,
PGC1464146,PGC1464146,PGC_1464146,245.079544,14.673331,4.98,2.59,0.5200803212851405,1.9227799227799232,0.32,SB,thick_like,,unmatched,,,
NED,NED,,245.172852,10.941704,4.75,0.74,0.1557894736842105,6.418918918918919,0.05,SD,intermediate,,unmatched,,,
PGC2177377,PGC2177377,PGC_2177377,245.174835,41.20911,4.99,1.64,0.3286573146292584,3.042682926829269,0.09,SC,thick_like,,unmatched,,,
NED,NED,,245.2379,52.133671,4.76,0.89,0.1869747899159664,5.348314606741573,0.05,SD,intermediate,,unmatched,,,
PGC1478201,PGC1478201,PGC_1478201,245.29985,15.206659,5.01,1.6,0.3193612774451098,3.13125,0.11,SC,thick_like,,unmatched,,,
PGC2370975,PGC2370975,PGC_2370975,245.310532,50.368889,4.16,2.22,0.5336538461538461,1.8738738738738736,0.36,SA,thick_like,,unmatched,,,
SDSSJ162127.81+370534.2,SDSSJ162127813705342,,245.365875,37.092834,5.04,0.85,0.1686507936507936,5.929411764705883,0.09,SB,intermediate,,unmatched,,,
PGC91527,PGC91527,PGC_91527,245.375961,40.900673,6.27,1.23,0.1961722488038277,5.097560975609756,0.06,SD,intermediate,,unmatched,,,
PGC1459029,PGC1459029,PGC_1459029,245.388794,14.47279,4.04,1.74,0.4306930693069307,2.32183908045977,0.28,SB,thick_like,,unmatched,,,
SDSSJ162146.38+581126.9,SDSSJ162146385811269,,245.443283,58.190823,5.04,0.96,0.1904761904761904,5.25,0.08,SD,intermediate,,unmatched,,,
PGC2579778,PGC2579778,PGC_2579778,245.500946,58.527153,4.17,2.71,0.6498800959232613,1.5387453874538746,0.32,SA,thick_like,,unmatched,,,
PGC1363799,PGC1363799,PGC_1363799,245.529816,9.346284,6.73,1.79,0.2659732540861813,3.759776536312849,0.06,SD,thick_like,,unmatched,,,
PGC2399919,PGC2399919,PGC_2399919,245.533722,51.776455,4.88,2.18,0.4467213114754099,2.238532110091743,0.3,SB,thick_like,,unmatched,,,
PGC2571344,PGC2571344,PGC_2571344,245.536575,57.81308,8.04,1.42,0.1766169154228855,5.661971830985915,0.16,SB,intermediate,,unmatched,,,
PGC1645390,PGC1645390,PGC_1645390,245.538635,21.219431,6.73,1.89,0.2808320950965824,3.5608465608465614,0.12,SD,thick_like,,unmatched,,,
UGC10355,UGC10355,UGC_10355,245.589508,13.853825,10.15,2.13,0.2098522167487684,4.765258215962442,0.21,SB,thick_like,,unmatched,,,
SDSSJ162225.32+273018.6,SDSSJ162225322730186,,245.605545,27.505194,4.35,1.96,0.4505747126436782,2.2193877551020407,0.09,SC,thick_like,,unmatched,,,
SDSSJ162226.61+382310.5,SDSSJ162226613823105,,245.610886,38.38625,4.35,0.84,0.193103448275862,5.178571428571428,0.06,SD,intermediate,,unmatched,,,
PGC1336587,PGC1336587,PGC_1336587,245.640793,8.007194,3.68,1.67,0.4538043478260869,2.203592814371257,0.09,SC,thick_like,,unmatched,,,
SDSSJ162243.13+222733.9,SDSSJ162243132227339,,245.679718,22.459433,7.38,2.24,0.3035230352303523,3.2946428571428568,0.06,SD,thick_like,,unmatched,,,
PGC2107839,PGC2107839,PGC_2107839,245.708817,37.721657,7.04,2.88,0.409090909090909,2.4444444444444446,0.49,SB,thick_like,,unmatched,,,
PGC1539337,PGC1539337,PGC_1539337,245.717545,17.700743,5.66,2.04,0.3604240282685512,2.7745098039215685,0.13,SC,thick_like,,unmatched,,,
SDSSJ162255.61+375957.7,SDSSJ162255613759577,,245.731705,37.999344,6.0,0.7,0.1166666666666666,8.571428571428571,0.07,SD,intermediate,,unmatched,,,
PGC2119623,PGC2119623,PGC_2119623,245.748947,38.166298,4.64,2.42,0.521551724137931,1.9173553719008265,0.42,SA,thick_like,,unmatched,,,
PGC1457673,PGC1457673,PGC_1457673,245.808563,14.421872,4.65,1.71,0.3677419354838709,2.7192982456140355,0.19,SB,thick_like,,unmatched,,,
2MASXJ16232894+2431477,2MASXJ162328942431477,,245.870819,24.530024,5.88,1.23,0.2091836734693877,4.780487804878049,0.06,SD,thick_like,,unmatched,,,
PGC2072698,PGC2072698,PGC_2072698,245.876221,35.961441,5.21,1.91,0.3666026871401151,2.7277486910994764,0.15,SB,thick_like,,unmatched,,,
UGC10370,UGC10370,UGC_10370,245.896088,45.745277,6.75,4.49,0.6651851851851852,1.5033407572383073,0.36,SB,thick_like,,unmatched,,,
PGC58005,PGC58005,PGC_58005,245.919083,9.708989,7.85,2.49,0.3171974522292994,3.152610441767068,0.37,SA,thick_like,,unmatched,,,
PGC91534,PGC91534,PGC_91534,245.928345,78.971497,6.09,1.43,0.2348111658456486,4.258741258741259,0.06,SD,thick_like,,unmatched,,,
NED,NED,,245.952255,21.157539,4.5,0.61,0.1355555555555555,7.377049180327869,0.06,SD,intermediate,,unmatched,,,
NED,NED,,245.96785,56.705612,4.2,0.97,0.2309523809523809,4.329896907216496,0.05,SD,thick_like,,unmatched,,,
PGC91530,PGC91530,PGC_91530,246.084274,40.865005,6.23,1.41,0.2263242375601926,4.418439716312057,0.04,SD,thick_like,,unmatched,,,
SDSSJ162436.44+224142.9,SDSSJ162436442241429,,246.15184,22.695272,8.18,1.43,0.1748166259168704,5.72027972027972,0.04,SD,intermediate,,unmatched,,,
NED,NED,,246.236603,38.252911,6.81,0.8,0.1174743024963289,8.5125,0.05,SD,intermediate,,unmatched,,,
PGC91531,PGC91531,PGC_91531,246.236847,46.598831,6.49,1.27,0.1956856702619414,5.110236220472441,0.05,SD,intermediate,,unmatched,,,
PGC2188505,PGC2188505,PGC_2188505,246.267944,41.883736,4.13,2.21,0.5351089588377724,1.8687782805429864,0.16,SC,thick_like,,unmatched,,,
SDSSJ162514.53+373840.2,SDSSJ162514533738402,,246.310562,37.644524,4.6,1.43,0.3108695652173913,3.2167832167832167,0.13,SA,thick_like,,unmatched,,,
PGC1734581,PGC1734581,PGC_1734581,246.315842,25.383097,4.94,1.37,0.2773279352226721,3.605839416058394,0.08,SB,thick_like,,unmatched,,,
PGC1460119,PGC1460119,PGC_1460119,246.332138,14.513105,3.33,1.7,0.5105105105105104,1.9588235294117649,0.12,SC,thick_like,,unmatched,,,
PGC2499700,PGC2499700,PGC_2499700,246.377182,55.372028,4.36,1.18,0.2706422018348624,3.694915254237289,0.06,SD,thick_like,,unmatched,,,
PGC2096194,PGC2096194,PGC_2096194,246.399246,37.248768,4.18,1.27,0.3038277511961723,3.2913385826771653,0.09,SD,thick_like,,unmatched,,,
2MASXJ16255045+3953254,2MASXJ162550453953254,,246.460358,39.890423,3.7,1.61,0.4351351351351351,2.298136645962733,0.31,SB,thick_like,,unmatched,,,
PGC2134806,PGC2134806,PGC_2134806,246.50499,38.721512,4.52,1.45,0.3207964601769911,3.117241379310345,0.08,SC,thick_like,,unmatched,,,
PGC1505933,PGC1505933,PGC_1505933,246.570648,16.320126,4.7,2.91,0.6191489361702128,1.6151202749140894,0.14,SC,thick_like,,unmatched,,,
PGC1375245,PGC1375245,PGC_1375245,246.613495,10.145522,5.86,1.4,0.2389078498293515,4.185714285714286,0.09,SD,thick_like,,unmatched,,,
NED,NED,,246.660873,48.958366,3.68,1.41,0.3831521739130434,2.6099290780141846,0.11,SD,thick_like,,unmatched,,,
PGC58158,PGC58158,PGC_58158,246.748993,39.32011,4.65,2.21,0.475268817204301,2.1040723981900453,0.44,SA,thick_like,,unmatched,,,
PGC3089352,PGC3089352,PGC_3089352,246.750687,27.831282,5.03,2.5,0.4970178926441351,2.012,0.44,SA,thick_like,,unmatched,,,
PGC214498,PGC214498,PGC_214498,246.768311,51.613972,4.33,1.14,0.2632794457274826,3.798245614035088,0.06,SD,thick_like,,unmatched,,,
PGC2148836,PGC2148836,PGC_2148836,246.819016,39.384567,6.21,1.59,0.2560386473429952,3.9056603773584895,0.18,SB,thick_like,,unmatched,,,
PGC91533,PGC91533,PGC_91533,246.883911,48.715305,7.28,1.8,0.2472527472527472,4.044444444444444,0.06,SD,thick_like,,unmatched,,,
PGC169659,PGC169659,PGC_169659,246.996765,40.497265,7.62,3.39,0.4448818897637795,2.247787610619469,0.48,SA,thick_like,,unmatched,,,
2MASXJ16280222+2603111,2MASXJ162802222603111,,247.009155,26.053118,6.53,1.51,0.231240428790199,4.324503311258279,0.06,SD,thick_like,,unmatched,,,
PGC1516391,PGC1516391,PGC_1516391,247.044678,16.762514,3.94,1.16,0.2944162436548223,3.396551724137931,0.08,SC,thick_like,,unmatched,,,
PGC93000,PGC93000,PGC_93000,247.070023,47.441101,5.34,1.76,0.3295880149812734,3.034090909090909,0.45,SB,thick_like,,unmatched,,,
SDSSJ162818.51+091051.0,SDSSJ162818510910510,,247.077148,9.180834,3.5,1.2,0.3428571428571428,2.916666666666667,0.07,SC,thick_like,,unmatched,,,
PGC58252,PGC58252,PGC_58252,247.122543,32.157246,6.55,2.99,0.4564885496183206,2.1906354515050164,0.23,SA,thick_like,,unmatched,,,
SDSSJ162831.85+405344.2,SDSSJ162831854053442,,247.132721,40.89563,6.24,1.27,0.203525641025641,4.913385826771654,0.08,SD,thick_like,,unmatched,,,
PGC1741219,PGC1741219,PGC_1741219,247.143173,25.565659,7.96,3.05,0.3831658291457286,2.6098360655737705,0.28,SB,thick_like,,unmatched,,,
PGC2021189,PGC2021189,PGC_2021189,247.171646,33.029861,4.27,1.2,0.2810304449648712,3.558333333333333,0.08,SC,thick_like,,unmatched,,,
PGC58278,PGC58278,PGC_58278,247.192444,39.46339,4.92,2.43,0.4939024390243903,2.024691358024691,0.29,SA,thick_like,,unmatched,,,
PGC91536,PGC91536,PGC_91536,247.245422,42.419689,7.61,1.84,0.2417871222076215,4.135869565217392,0.09,SB,thick_like,,unmatched,,,
PGC3084800,PGC3084800,PGC_3084800,247.282272,39.148479,3.64,1.86,0.510989010989011,1.956989247311828,0.39,SB,thick_like,,unmatched,,,
PGC58313,PGC58313,PGC_58313,247.28476,8.090335,8.75,2.46,0.2811428571428571,3.5569105691056917,0.32,SB,thick_like,,unmatched,,,
PGC2383659,PGC2383659,PGC_2383659,247.311554,50.860985,4.95,1.77,0.3575757575757575,2.796610169491525,0.26,SA,thick_like,,unmatched,,,
PGC58325,PGC58325,PGC_58325,247.318756,39.401035,5.66,2.17,0.3833922261484099,2.608294930875576,0.42,SA,thick_like,,unmatched,,,
PGC58329,PGC58329,PGC_58329,247.333374,8.398762,5.6,2.69,0.4803571428571428,2.0817843866171004,0.45,SA,thick_like,,unmatched,,,
PGC91535,PGC91535,PGC_91535,247.3573,20.143288,6.57,2.09,0.3181126331811263,3.14354066985646,0.08,SC,thick_like,,unmatched,,,
UGC10417,UGC10417,UGC_10417,247.419922,40.686939,5.65,2.37,0.4194690265486726,2.3839662447257384,0.27,SB,thick_like,,unmatched,,,
PGC1421144,PGC1421144,PGC_1421144,247.426727,13.023546,4.39,1.57,0.3576309794988611,2.796178343949044,0.11,SC,thick_like,,unmatched,,,
2MASXJ16295938+3931422,2MASXJ162959383931422,,247.497314,39.528515,3.36,2.03,0.6041666666666666,1.6551724137931036,0.49,SA,thick_like,,unmatched,,,
PGC1798037,PGC1798037,PGC_1798037,247.50795,27.108265,3.69,1.36,0.3685636856368564,2.7132352941176467,0.12,SC,thick_like,,unmatched,,,
2MASXJ16301260+1849131,2MASXJ163012601849131,,247.552597,18.820362,4.85,2.11,0.4350515463917526,2.298578199052133,0.12,SC,thick_like,,unmatched,,,
PGC2470149,PGC2470149,PGC_2470149,247.56485,54.455116,4.68,1.8,0.3846153846153846,2.6,0.35,SA,thick_like,,unmatched,,,
PGC1331592,PGC1331592,PGC_1331592,247.607864,7.812434,3.96,1.54,0.3888888888888889,2.571428571428571,0.11,SC,thick_like,,unmatched,,,
PGC1737329,PGC1737329,PGC_1737329,247.610458,25.459711,8.16,2.06,0.2524509803921568,3.961165048543689,0.29,SB,thick_like,,unmatched,,,
SDSSJ163028.34+323901.2,SDSSJ163028343239012,,247.618134,32.650341,4.57,1.12,0.2450765864332604,4.080357142857142,0.06,SC,thick_like,,unmatched,,,
UGC10432,UGC10432,UGC_10432,247.662033,41.21051,18.15,4.88,0.268870523415978,3.719262295081967,0.16,SA,thick_like,,unmatched,,,
PGC91538,PGC91538,PGC_91538,247.739334,55.508953,6.82,1.49,0.218475073313783,4.577181208053691,0.06,SD,thick_like,,unmatched,,,
PGC1588967,PGC1588967,PGC_1588967,247.754715,19.342243,5.08,1.67,0.3287401574803149,3.0419161676646707,0.26,SB,thick_like,,unmatched,,,
SDSSJ163102.29+492527.5,SDSSJ163102294925275,,247.759567,49.424328,3.46,0.89,0.2572254335260115,3.887640449438202,0.07,SD,thick_like,,unmatched,,,
2MASXJ16310324+3933444,2MASXJ163103243933444,,247.763382,39.562199,6.09,2.29,0.3760262725779967,2.659388646288209,0.23,SB,thick_like,,unmatched,,,
PGC1410797,PGC1410797,PGC_1410797,247.789841,12.507151,3.45,1.78,0.5159420289855072,1.9382022471910112,0.1,SC,thick_like,,unmatched,,,
PGC2179102,PGC2179102,PGC_2179102,247.791382,41.313152,3.33,1.44,0.4324324324324324,2.3125,0.08,SC,thick_like,,unmatched,,,
PGC1849111,PGC1849111,PGC_1849111,247.96167,28.888849,7.7,1.54,0.2,5.0,0.09,SB,intermediate,,unmatched,,,
PGC1704740,PGC1704740,PGC_1704740,247.98053,24.324646,3.6,1.64,0.4555555555555555,2.1951219512195124,0.48,SA,thick_like,,unmatched,,,
SDSSJ163203.53+241646.0,SDSSJ163203532416460,,248.014755,24.279469,4.26,1.42,0.3333333333333333,3.0,0.07,SC,thick_like,,unmatched,,,
PGC2133010,PGC2133010,PGC_2133010,248.057266,38.655594,4.26,1.07,0.2511737089201878,3.981308411214953,0.08,SB,thick_like,,unmatched,,,
2MASXJ16322944+2700562,2MASXJ163229442700562,,248.122528,27.015802,3.86,1.3,0.3367875647668394,2.969230769230769,0.13,SB,thick_like,,unmatched,,,
PGC1669387,PGC1669387,PGC_1669387,248.126724,22.411791,6.93,4.42,0.6378066378066378,1.5678733031674208,0.34,SB,thick_like,,unmatched,,,
PGC1412683,PGC1412683,PGC_1412683,248.127945,12.608844,4.03,2.01,0.498759305210918,2.00497512437811,0.28,SB,thick_like,,unmatched,,,
PGC2105774,PGC2105774,PGC_2105774,248.132996,37.641159,4.46,1.49,0.3340807174887892,2.9932885906040267,0.1,SC,thick_like,,unmatched,,,
PGC2017428,PGC2017428,PGC_2017428,248.148071,32.921684,6.14,1.54,0.250814332247557,3.987012987012987,0.1,SC,thick_like,,unmatched,,,
PGC1053792,PGC1053792,PGC_1053792,248.19017,-4.766073,4.88,1.66,0.3401639344262295,2.9397590361445785,0.08,SC,thick_like,,unmatched,,,
PGC1752580,PGC1752580,PGC_1752580,248.190277,25.857941,4.94,1.39,0.2813765182186234,3.5539568345323747,0.31,SB,thick_like,,unmatched,,,
SDSSJ163317.03+444335.9,SDSSJ163317034443359,,248.320969,44.726643,6.81,1.87,0.2745961820851689,3.641711229946524,0.06,SC,thick_like,,unmatched,,,
PGC2080864,PGC2080864,PGC_2080864,248.346069,36.452618,3.85,1.96,0.509090909090909,1.9642857142857144,0.17,SC,thick_like,,unmatched,,,
PGC1685163,PGC1685163,PGC_1685163,248.384705,23.312054,5.45,2.1,0.3853211009174312,2.595238095238096,0.16,SB,thick_like,,unmatched,,,
SDSSJ163335.04+123918.7,SDSSJ163335041239187,,248.396255,12.655148,4.23,0.7,0.1654846335697399,6.042857142857144,0.05,SD,intermediate,,unmatched,,,
PGC1401058,PGC1401058,PGC_1401058,248.414703,11.93206,4.96,1.97,0.3971774193548387,2.517766497461929,0.18,SC,thick_like,,unmatched,,,
PGC91539,PGC91539,PGC_91539,248.483063,43.762173,6.99,1.71,0.2446351931330471,4.087719298245614,0.06,SD,thick_like,,unmatched,,,
NED,NED,,248.524414,47.243694,5.19,1.25,0.2408477842003853,4.152,0.05,SD,thick_like,,unmatched,,,
PGC1866305,PGC1866305,PGC_1866305,248.557678,29.438782,5.55,1.16,0.209009009009009,4.7844827586206895,0.08,SD,thick_like,,unmatched,,,
2MASXJ16341512+2815519,2MASXJ163415122815519,,248.562988,28.264479,4.71,1.94,0.4118895966029723,2.427835051546392,0.25,SA,thick_like,,unmatched,,,
PGC1400027,PGC1400027,PGC_1400027,248.635239,11.868077,4.77,1.56,0.3270440251572327,3.0576923076923075,0.26,SA,thick_like,,unmatched,,,
PGC91540,PGC91540,PGC_91540,248.639481,43.922031,6.82,1.43,0.2096774193548387,4.76923076923077,0.08,SD,thick_like,,unmatched,,,
PGC1469862,PGC1469862,PGC_1469862,248.644226,14.894571,4.36,1.59,0.3646788990825688,2.7421383647798745,0.12,SC,thick_like,,unmatched,,,
SDSSJ163440.39+143901.0,SDSSJ163440391439010,,248.668106,14.650243,4.07,0.81,0.199017199017199,5.024691358024692,0.07,SC,intermediate,,unmatched,,,
PGC1764157,PGC1764157,PGC_1764157,248.720825,26.13777,6.51,2.4,0.3686635944700461,2.7125,0.24,SB,thick_like,,unmatched,,,
UGC10453,UGC10453,UGC_10453,248.730698,20.578808,18.11,2.8,0.1546107123136388,6.467857142857143,0.09,SD,intermediate,,unmatched,,,
PGC58548,PGC58548,PGC_58548,248.814224,52.780525,6.21,2.65,0.4267310789049919,2.3433962264150945,0.21,SC,thick_like,,unmatched,,,
2MASXJ16352693+2122177,2MASXJ163526932122177,,248.861938,21.371809,3.99,1.01,0.2531328320802005,3.9504950495049513,0.18,SB,thick_like,,unmatched,,,
SDSSJ163541.19+465930.0,SDSSJ163541194659300,,248.921661,46.991707,3.37,0.91,0.2700296735905044,3.703296703296704,0.07,SC,thick_like,,unmatched,,,
2MASXJ16355817+4000212,2MASXJ163558174000212,,248.991806,40.005932,6.71,1.34,0.1997019374068554,5.007462686567163,0.06,SD,intermediate,,unmatched,,,
PGC2505097,PGC2505097,PGC_2505097,249.041656,55.521416,5.6,2.3,0.4107142857142857,2.4347826086956523,0.09,SC,thick_like,,unmatched,,,
PGC1948180,PGC1948180,PGC_1948180,249.048386,31.459673,4.94,1.06,0.2145748987854251,4.660377358490567,0.07,SD,thick_like,,unmatched,,,
PGC91541,PGC91541,PGC_91541,249.150131,4.44485,5.56,1.52,0.2733812949640288,3.657894736842105,0.07,SB,thick_like,,unmatched,,,
PGC1763108,PGC1763108,PGC_1763108,249.213943,26.112808,5.94,1.99,0.335016835016835,2.984924623115578,0.1,SC,thick_like,,unmatched,,,
PGC2086583,PGC2086583,PGC_2086583,249.26265,36.766499,3.43,1.51,0.4402332361516035,2.2715231788079477,0.11,SC,thick_like,,unmatched,,,
PGC1530478,PGC1530478,PGC_1530478,249.284256,17.341797,5.43,1.75,0.3222836095764272,3.1028571428571428,0.19,SC,thick_like,,unmatched,,,
PGC2486023,PGC2486023,PGC_2486023,249.288437,54.964848,4.32,2.28,0.5277777777777777,1.8947368421052635,0.19,SC,thick_like,,unmatched,,,
PGC91542,PGC91542,PGC_91542,249.300522,44.262222,6.8,1.75,0.2573529411764706,3.8857142857142857,0.06,SD,thick_like,,unmatched,,,
SDSSJ163729.12+552740.9,SDSSJ163729125527409,,249.371338,55.461372,5.77,2.78,0.4818024263431542,2.075539568345324,0.08,SC,thick_like,,unmatched,,,
UGC10477,UGC10477,UGC_10477,249.395203,37.286167,12.8,5.96,0.4656249999999999,2.1476510067114094,0.14,SC,thick_like,,unmatched,,,
PGC2286549,PGC2286549,PGC_2286549,249.396683,46.752628,4.5,1.51,0.3355555555555555,2.980132450331126,0.24,SB,thick_like,,unmatched,,,
PGC2392213,PGC2392213,PGC_2392213,249.397995,51.32597,3.86,1.58,0.4093264248704663,2.443037974683544,0.21,SC,thick_like,,unmatched,,,
UGC10485,UGC10485,UGC_10485,249.471313,39.249741,9.66,2.6,0.2691511387163561,3.715384615384616,0.23,SB,thick_like,,unmatched,,,
PGC3089012,PGC3089012,PGC_3089012,249.601303,31.236547,5.01,2.23,0.4451097804391217,2.2466367713004485,0.44,SA,thick_like,,unmatched,,,
PGC1360355,PGC1360355,PGC_1360355,249.63353,9.141936,6.58,1.19,0.1808510638297872,5.529411764705882,0.06,SD,intermediate,,unmatched,,,
PGC1837206,PGC1837206,PGC_1837206,249.725479,28.487764,4.22,1.82,0.4312796208530806,2.3186813186813184,0.14,SC,thick_like,,unmatched,,,
2MASXJ16385768+2011319,2MASXJ163857682011319,,249.740402,20.192274,3.8,1.78,0.4684210526315789,2.134831460674157,0.17,SC,thick_like,,unmatched,,,
PGC1165654,PGC1165654,PGC_1165654,249.810608,0.427472,5.65,1.17,0.2070796460176991,4.82905982905983,0.06,SD,thick_like,,unmatched,,,
PGC2073753,PGC2073753,PGC_2073753,249.829666,36.025059,4.97,1.39,0.2796780684104628,3.575539568345324,0.07,SC,thick_like,,unmatched,,,
UGC10498,UGC10498,UGC_10498,249.839691,29.369778,10.36,1.67,0.1611969111969112,6.203592814371257,0.18,SB,intermediate,,unmatched,,,
PGC1998455,PGC1998455,PGC_1998455,249.847641,32.47028,5.71,1.45,0.2539404553415061,3.937931034482759,0.14,SC,thick_like,,unmatched,,,
PGC2164845,PGC2164845,PGC_2164845,249.874283,40.374256,6.12,1.03,0.1683006535947712,5.941747572815534,0.05,SD,intermediate,,unmatched,,,
PGC91544,PGC91544,PGC_91544,249.917587,54.710083,6.18,2.34,0.3786407766990291,2.641025641025641,0.27,SB,thick_like,,unmatched,,,
PGC1624492,PGC1624492,PGC_1624492,249.919281,20.345009,6.26,0.87,0.1389776357827476,7.195402298850574,0.08,SD,intermediate,,unmatched,,,
NED,NED,,249.926178,34.249229,5.1,0.44,0.0862745098039215,11.59090909090909,0.04,SD,thin_like,,unmatched,,,
PGC1730258,PGC1730258,PGC_1730258,249.949265,25.252335,3.85,2.12,0.5506493506493506,1.8160377358490565,0.52,SA,thick_like,,unmatched,,,
PGC2082344,PGC2082344,PGC_2082344,249.955063,36.533497,4.49,1.22,0.2717149220489978,3.680327868852459,0.1,SC,thick_like,,unmatched,,,
PGC2392260,PGC2392260,PGC_2392260,250.052948,51.328518,2.54,1.41,0.5551181102362205,1.8014184397163122,0.12,SC,thick_like,,unmatched,,,
PGC2338978,PGC2338978,PGC_2338978,250.059265,49.297421,3.78,1.55,0.4100529100529101,2.438709677419354,0.16,SC,thick_like,,unmatched,,,
2MASXJ16401695+3323379,2MASXJ164016953323379,,250.070587,33.393742,2.66,0.82,0.3082706766917293,3.2439024390243905,0.12,SB,thick_like,,unmatched,,,
PGC2283743,PGC2283743,PGC_2283743,250.136337,46.588165,3.88,1.62,0.4175257731958763,2.3950617283950617,0.17,SB,thick_like,,unmatched,,,
PGC2434880,PGC2434880,PGC_2434880,250.272263,53.218979,4.39,2.01,0.4578587699316628,2.18407960199005,0.11,SC,thick_like,,unmatched,,,
NED,NED,,250.332611,77.196899,8.06,1.69,0.2096774193548387,4.76923076923077,0.09,SD,thick_like,,unmatched,,,
PGC2118793,PGC2118793,PGC_2118793,250.418747,38.136116,4.68,1.23,0.2628205128205128,3.804878048780488,0.11,SB,thick_like,,unmatched,,,
PGC3088339,PGC3088339,PGC_3088339,250.464447,37.119247,4.78,2.0,0.4184100418410041,2.39,0.38,SB,thick_like,,unmatched,,,
PGC2234337,PGC2234337,PGC_2234337,250.467621,44.007732,3.82,1.0,0.2617801047120419,3.82,0.07,SC,thick_like,,unmatched,,,
PGC1790493,PGC1790493,PGC_1790493,250.519669,26.85944,4.89,1.21,0.2474437627811861,4.041322314049586,0.12,SC,thick_like,,unmatched,,,
PGC91546,PGC91546,PGC_91546,250.576553,48.460369,6.57,1.9,0.289193302891933,3.4578947368421056,0.06,SD,thick_like,,unmatched,,,
PGC91545,PGC91545,PGC_91545,250.599991,20.013222,9.4,1.49,0.1585106382978723,6.308724832214765,0.06,SD,intermediate,,unmatched,,,
PGC3129710,PGC3129710,PGC_3129710,250.668015,40.169106,4.87,2.47,0.5071868583162218,1.97165991902834,0.33,SB,thick_like,,unmatched,,,
NED,NED,,250.704407,24.761036,4.96,0.39,0.0786290322580645,12.717948717948715,0.03,SD,thin_like,,unmatched,,,
PGC1784264,PGC1784264,PGC_1784264,250.745102,26.66226,3.93,1.46,0.371501272264631,2.6917808219178085,0.17,SC,thick_like,,unmatched,,,
PGC91548,PGC91548,PGC_91548,250.78743,48.878223,5.84,1.09,0.1866438356164383,5.357798165137615,0.05,SD,intermediate,,unmatched,,,
SDSSJ164325.93+391951.9,SDSSJ164325933919519,,250.858063,39.331108,4.93,1.85,0.3752535496957404,2.6648648648648647,0.12,SC,thick_like,,unmatched,,,
PGC2194881,PGC2194881,PGC_2194881,250.900909,42.234646,4.8,0.9,0.1875,5.333333333333333,0.05,SD,intermediate,,unmatched,,,
PGC1801489,PGC1801489,PGC_1801489,251.003647,27.224461,4.43,1.12,0.2528216704288939,3.9553571428571423,0.14,SB,thick_like,,unmatched,,,
SDSSJ164402.63+273405.4,SDSSJ164402632734054,,251.010956,27.568178,4.1,1.79,0.4365853658536586,2.2905027932960893,0.08,SC,thick_like,,unmatched,,,
PGC1433192,PGC1433192,PGC_1433192,251.058563,13.523829,10.61,3.97,0.3741753063147974,2.672544080604533,0.08,SC,thick_like,,unmatched,,,
SDSSJ164414.60+343354.0,SDSSJ164414603433540,,251.060852,34.565006,3.56,0.9,0.2528089887640449,3.955555555555556,0.08,SB,thick_like,,unmatched,,,
PGC1386842,PGC1386842,PGC_1386842,251.216324,10.952805,5.72,1.44,0.2517482517482518,3.9722222222222223,0.28,SB,thick_like,,unmatched,,,
PGC2210378,PGC2210378,PGC_2210378,251.221664,42.982761,5.37,1.54,0.286778398510242,3.487012987012987,0.33,SB,thick_like,,unmatched,,,
PGC1738825,PGC1738825,PGC_1738825,251.253647,25.499386,6.86,1.83,0.2667638483965014,3.748633879781421,0.07,SD,thick_like,,unmatched,,,
PGC1690678,PGC1690678,PGC_1690678,251.256561,23.624832,4.18,1.06,0.2535885167464115,3.9433962264150937,0.08,SD,thick_like,,unmatched,,,
SDSSJ164517.15+240846.8,SDSSJ164517152408468,,251.321457,24.146357,3.4,1.1,0.3235294117647059,3.0909090909090904,0.07,SD,thick_like,,unmatched,,,
2MASXJ16452196+1816454,2MASXJ164521961816454,,251.341415,18.279299,3.59,1.62,0.4512534818941505,2.216049382716049,0.19,SB,thick_like,,unmatched,,,
PGC2196443,PGC2196443,PGC_2196443,251.347244,42.314404,5.9,2.58,0.4372881355932203,2.2868217054263567,0.1,SC,thick_like,,unmatched,,,
PGC2152199,PGC2152199,PGC_2152199,251.4478,39.575417,4.51,1.27,0.2815964523281596,3.5511811023622046,0.16,SB,thick_like,,unmatched,,,
UGC10561,UGC10561,UGC_10561,251.649963,62.822739,17.94,4.21,0.2346711259754738,4.261282660332542,0.06,SB,thick_like,,unmatched,,,
PGC2144802,PGC2144802,PGC_2144802,251.681213,39.173874,4.57,1.83,0.4004376367614879,2.4972677595628414,0.21,SC,thick_like,,unmatched,,,
PGC1929801,PGC1929801,PGC_1929801,251.696396,31.058819,4.73,1.24,0.2621564482029598,3.8145161290322585,0.16,SB,thick_like,,unmatched,,,
PGC91554,PGC91554,PGC_91554,251.727142,31.885563,9.6,2.34,0.24375,4.102564102564103,0.05,IR,thick_like,,unmatched,,,
PGC1749950,PGC1749950,PGC_1749950,251.796295,25.790295,2.7,1.46,0.5407407407407407,1.8493150684931507,0.14,SC,thick_like,,unmatched,,,
PGC2204163,PGC2204163,PGC_2204163,251.903748,42.692646,5.46,2.65,0.4853479853479853,2.060377358490566,0.4,SA,thick_like,,unmatched,,,
PGC2150966,PGC2150966,PGC_2150966,251.978775,39.505371,7.55,1.67,0.2211920529801324,4.520958083832335,0.05,SD,thick_like,,unmatched,,,
PGC2657997,PGC2657997,PGC_2657997,252.025635,63.578857,3.71,1.72,0.4636118598382749,2.1569767441860463,0.24,SB,thick_like,,unmatched,,,
PGC1698993,PGC1698993,PGC_1698993,252.041443,24.063402,4.84,2.06,0.4256198347107438,2.349514563106796,0.45,SA,thick_like,,unmatched,,,
PGC1706093,PGC1706093,PGC_1706093,252.116821,24.382702,5.49,2.68,0.48816029143898,2.048507462686567,0.39,SA,thick_like,,unmatched,,,
PGC1798911,PGC1798911,PGC_1798911,252.193054,27.140053,5.3,2.06,0.3886792452830189,2.5728155339805823,0.37,SA,thick_like,,unmatched,,,
2MASXJ16485361+3636386,2MASXJ164853613636386,,252.223495,36.610649,3.98,1.25,0.314070351758794,3.184,0.17,SB,thick_like,,unmatched,,,
PGC91561,PGC91561,PGC_91561,252.244629,77.403397,6.78,2.11,0.3112094395280235,3.213270142180095,0.23,SB,thick_like,,unmatched,,,
PGC1928104,PGC1928104,PGC_1928104,252.250809,31.022079,3.9,0.88,0.2256410256410256,4.431818181818182,0.08,SD,thick_like,,unmatched,,,
PGC2148359,PGC2148359,PGC_2148359,252.353836,39.358238,5.17,1.33,0.2572533849129594,3.887218045112782,0.3,SB,thick_like,,unmatched,,,
PGC3138090,PGC3138090,PGC_3138090,252.474411,62.842052,5.27,1.12,0.2125237191650854,4.705357142857142,0.07,SD,thick_like,,unmatched,,,
NED,NED,,252.50824,30.324432,4.27,0.47,0.1100702576112412,9.085106382978722,0.09,SC,intermediate,,unmatched,,,
SDSSJ165005.44+392002.2,SDSSJ165005443920022,,252.522675,39.333996,4.12,0.57,0.1383495145631068,7.228070175438598,0.08,SD,intermediate,,unmatched,,,
PGC1707183,PGC1707183,PGC_1707183,252.523026,24.432688,4.32,1.18,0.2731481481481481,3.661016949152543,0.08,SC,thick_like,,unmatched,,,
NED,NED,,252.551849,16.62953,3.98,1.04,0.2613065326633166,3.8269230769230766,0.06,IR,thick_like,,unmatched,,,
PGC91557,PGC91557,PGC_91557,252.621475,40.787354,7.83,1.8,0.2298850574712643,4.35,0.06,SD,thick_like,,unmatched,,,
PGC1626782,PGC1626782,PGC_1626782,252.622284,20.420456,4.73,1.31,0.2769556025369978,3.610687022900764,0.15,SB,thick_like,,unmatched,,,
PGC1695844,PGC1695844,PGC_1695844,252.654953,23.904394,3.79,1.45,0.3825857519788918,2.613793103448276,0.09,SC,thick_like,,unmatched,,,
2MASXJ16504772+3944404,2MASXJ165047723944404,,252.699081,39.744537,3.53,1.13,0.320113314447592,3.1238938053097347,0.11,SB,thick_like,,unmatched,,,
PGC91558,PGC91558,PGC_91558,252.712982,39.367935,9.0,2.15,0.2388888888888888,4.186046511627907,0.05,SD,thick_like,,unmatched,,,
PGC59110,PGC59110,PGC_59110,252.723984,47.217972,5.53,1.36,0.2459312839059674,4.066176470588236,0.08,SD,thick_like,,unmatched,,,
PGC2066645,PGC2066645,PGC_2066645,252.858078,35.575298,5.29,1.35,0.2551984877126654,3.918518518518518,0.09,SC,thick_like,,unmatched,,,
UGC10585,UGC10585,UGC_10585,252.872833,19.416769,8.43,2.81,0.3333333333333333,3.0,0.39,SB,thick_like,,unmatched,,,
PGC91559,PGC91559,PGC_91559,252.939362,20.076208,7.39,1.79,0.2422192151556157,4.128491620111731,0.06,SD,thick_like,,unmatched,,,
PGC1599412,PGC1599412,PGC_1599412,252.978775,19.623642,3.59,1.46,0.4066852367688022,2.458904109589041,0.09,SC,thick_like,,unmatched,,,
PGC2401219,PGC2401219,PGC_2401219,253.058136,51.845402,7.86,1.67,0.2124681933842239,4.706586826347306,0.09,SB,thick_like,,unmatched,,,
PGC1692351,PGC1692351,PGC_1692351,253.092621,23.715992,5.36,2.68,0.5,2.0,0.38,SA,thick_like,,unmatched,,,
PGC1906223,PGC1906223,PGC_1906223,253.123123,30.499897,3.94,1.61,0.4086294416243655,2.4472049689441,0.14,SC,thick_like,,unmatched,,,
SDSSJ165237.46+425633.6,SDSSJ165237464256336,,253.156097,42.942661,6.04,0.79,0.1307947019867549,7.6455696202531644,0.07,SD,intermediate,,unmatched,,,
NED,NED,,253.182953,50.843685,6.0,0.94,0.1566666666666666,6.382978723404256,0.06,SD,intermediate,,unmatched,,,
NED,NED,,253.20726,50.472397,3.01,0.71,0.2358803986710963,4.23943661971831,0.07,SD,thick_like,,unmatched,,,
NED,NED,,253.315323,47.227119,6.58,2.72,0.4133738601823708,2.419117647058824,0.04,SC,thick_like,,unmatched,,,
PGC91567,PGC91567,PGC_91567,253.38942,62.65403,7.37,1.29,0.175033921302578,5.713178294573643,0.05,SD,intermediate,,unmatched,,,
PGC1693262,PGC1693262,PGC_1693262,253.455368,23.763193,4.72,2.0,0.423728813559322,2.36,0.51,SA,thick_like,,unmatched,,,
PGC1676730,PGC1676730,PGC_1676730,253.478012,22.824001,6.67,1.3,0.1949025487256372,5.13076923076923,0.07,SB,intermediate,,unmatched,,,
NED,NED,,253.635788,26.283545,7.4,1.42,0.1918918918918918,5.211267605633803,0.05,SD,intermediate,,unmatched,,,
SDSSJ165504.92+211555.7,SDSSJ165504922115557,,253.770264,21.265739,4.45,0.86,0.1932584269662921,5.174418604651163,0.09,SD,intermediate,,unmatched,,,
2MASXJ16550628+3934412,2MASXJ165506283934412,,253.776306,39.578018,13.32,1.11,0.0833333333333333,12.0,0.04,SD,thin_like,,unmatched,,,
NED,NED,,253.788849,44.575443,5.69,0.87,0.1528998242530755,6.540229885057472,0.04,SD,intermediate,,unmatched,,,
PGC2214072,PGC2214072,PGC_2214072,253.799088,43.148636,3.87,1.89,0.4883720930232558,2.047619047619048,0.13,SC,thick_like,,unmatched,,,
2MASXJ16551385+1840395,2MASXJ165513851840395,,253.807877,18.67774,3.62,1.27,0.3508287292817679,2.850393700787402,0.16,SB,thick_like,,unmatched,,,
PGC91568,PGC91568,PGC_91568,253.873108,18.049274,5.92,1.34,0.2263513513513513,4.4179104477611935,0.06,SD,thick_like,,unmatched,,,
PGC1895468,PGC1895468,PGC_1895468,253.877731,30.230848,3.7,1.54,0.4162162162162162,2.4025974025974026,0.08,SC,thick_like,,unmatched,,,
PGC1704465,PGC1704465,PGC_1704465,253.912674,24.31209,2.98,1.33,0.4463087248322148,2.2406015037593985,0.4,SB,thick_like,,unmatched,,,
PGC1724788,PGC1724788,PGC_1724788,253.959534,25.076803,7.1,1.9,0.2676056338028169,3.736842105263158,0.08,SD,thick_like,,unmatched,,,
NED,NED,,254.083313,38.453255,4.68,1.03,0.2200854700854701,4.543689320388349,0.07,SD,thick_like,,unmatched,,,
PGC1566708,PGC1566708,PGC_1566708,254.122986,18.672602,4.02,2.65,0.6592039800995025,1.5169811320754716,0.26,SB,thick_like,,unmatched,,,
PGC91569,PGC91569,PGC_91569,254.123016,27.760284,6.85,1.14,0.1664233576642335,6.008771929824562,0.14,SB,intermediate,,unmatched,,,
PGC1997912,PGC1997912,PGC_1997912,254.22699,32.458549,2.78,1.72,0.6187050359712231,1.6162790697674418,0.15,SC,thick_like,,unmatched,,,
PGC1567928,PGC1567928,PGC_1567928,254.271866,18.713764,6.13,2.66,0.433931484502447,2.3045112781954886,0.34,SA,thick_like,,unmatched,,,
PGC3129939,PGC3129939,PGC_3129939,254.289902,40.92667,3.9,1.93,0.4948717948717949,2.0207253886010363,0.38,SA,thick_like,,unmatched,,,
PGC2307390,PGC2307390,PGC_2307390,254.347046,47.943043,7.96,2.2,0.2763819095477387,3.6181818181818177,0.24,SB,thick_like,,unmatched,,,
PGC3096522,PGC3096522,PGC_3096522,254.56459,39.391495,6.44,2.24,0.3478260869565217,2.875,0.24,SB,thick_like,,unmatched,,,
PGC91574,PGC91574,PGC_91574,254.598587,73.327065,8.46,2.13,0.25177304964539,3.971830985915493,0.06,SD,thick_like,,unmatched,,,
UGC10634,UGC10634,UGC_10634,254.64386,15.219251,6.78,2.01,0.2964601769911504,3.3731343283582094,0.17,SB,thick_like,,unmatched,,,
PGC2006930,PGC2006930,PGC_2006930,254.644852,32.659451,5.9,1.38,0.2338983050847457,4.27536231884058,0.19,SB,thick_like,,unmatched,,,
PGC2212633,PGC2212633,PGC_2212633,254.645981,43.084911,6.47,1.15,0.1777434312210201,5.626086956521739,0.07,SD,intermediate,,unmatched,,,
PGC3138281,PGC3138281,PGC_3138281,254.753983,63.181877,3.9,1.06,0.2717948717948718,3.679245283018868,0.19,SB,thick_like,,unmatched,,,
PGC2143983,PGC2143983,PGC_2143983,254.779297,39.134113,4.79,1.05,0.2192066805845511,4.561904761904762,0.06,SD,thick_like,,unmatched,,,
PGC2155724,PGC2155724,PGC_2155724,254.819702,39.791504,3.85,1.03,0.2675324675324675,3.737864077669903,0.08,SC,thick_like,,unmatched,,,
PGC2206059,PGC2206059,PGC_2206059,254.874405,42.781532,4.04,1.41,0.349009900990099,2.8652482269503547,0.14,SD,thick_like,,unmatched,,,
PGC2173607,PGC2173607,PGC_2173607,254.916489,40.961357,5.14,2.29,0.4455252918287938,2.244541484716157,0.14,SC,thick_like,,unmatched,,,
NED,NED,,254.923462,30.132257,8.1,0.9,0.1111111111111111,9.0,0.04,SD,intermediate,,unmatched,,,
PGC1559626,PGC1559626,PGC_1559626,255.016602,18.438442,4.85,1.55,0.3195876288659794,3.129032258064516,0.16,SB,thick_like,,unmatched,,,
PGC1788562,PGC1788562,PGC_1788562,255.166382,26.793631,3.76,1.92,0.5106382978723404,1.9583333333333333,0.32,SB,thick_like,,unmatched,,,
NED,NED,,255.193314,10.598298,7.97,1.12,0.1405269761606022,7.116071428571428,0.03,SD,intermediate,,unmatched,,,
NED,NED,,255.226135,48.480484,3.95,1.7,0.430379746835443,2.323529411764706,0.11,SD,thick_like,,unmatched,,,
PGC1771869,PGC1771869,PGC_1771869,255.251877,26.324692,4.96,1.77,0.3568548387096774,2.8022598870056497,0.19,SC,thick_like,,unmatched,,,
PGC1919650,PGC1919650,PGC_1919650,255.312592,30.824865,5.08,1.69,0.3326771653543307,3.005917159763314,0.21,SB,thick_like,,unmatched,,,
2MASXJ17014023+3431133,2MASXJ170140233431133,,255.417877,34.520351,6.38,2.5,0.3918495297805642,2.552,0.44,SA,thick_like,,unmatched,,,
PGC1890714,PGC1890714,PGC_1890714,255.422729,30.111086,4.16,1.99,0.4783653846153846,2.090452261306533,0.16,SC,thick_like,,unmatched,,,
SDSSJ170144.90+402854.1,SDSSJ170144904028541,,255.437119,40.481682,6.15,0.98,0.1593495934959349,6.275510204081633,0.05,SD,intermediate,,unmatched,,,
PGC2108071,PGC2108071,PGC_2108071,255.527405,37.730549,6.01,2.44,0.4059900166389351,2.4631147540983607,0.14,SC,thick_like,,unmatched,,,
PGC1728481,PGC1728481,PGC_1728481,255.600739,25.19838,5.09,2.25,0.4420432220039292,2.2622222222222224,0.19,SC,thick_like,,unmatched,,,
PGC91575,PGC91575,PGC_91575,255.698914,44.792118,5.11,1.34,0.2622309197651663,3.8134328358208953,0.05,SD,thick_like,,unmatched,,,
SDSSJ170259.09+392433.5,SDSSJ170259093924335,,255.746246,39.40934,4.74,0.96,0.2025316455696202,4.9375,0.06,SD,thick_like,,unmatched,,,
NED,NED,,255.767624,17.174215,3.91,1.52,0.3887468030690537,2.572368421052632,0.08,SC,thick_like,,unmatched,,,
PGC2095969,PGC2095969,PGC_2095969,255.779709,37.239792,6.9,1.51,0.2188405797101449,4.569536423841059,0.09,SC,thick_like,,unmatched,,,
PGC2026200,PGC2026200,PGC_2026200,255.785721,33.200428,5.14,1.24,0.2412451361867704,4.14516129032258,0.1,SB,thick_like,,unmatched,,,
PGC2112900,PGC2112900,PGC_2112900,255.81337,37.914692,4.44,1.11,0.25,4.0,0.09,SC,thick_like,,unmatched,,,
NGC06295,NGC06295,NGC_6295,255.813934,60.337749,9.24,9.04,0.9783549783549782,1.02212389380531,0.22,SB,thick_like,,unmatched,,,
SDSSJ170317.33+605253.7,SDSSJ170317336052537,,255.82225,60.881626,3.28,0.92,0.2804878048780488,3.565217391304348,0.1,SB,thick_like,,unmatched,,,
PGC2220755,PGC2220755,PGC_2220755,255.822845,43.438564,3.39,1.41,0.415929203539823,2.404255319148936,0.15,SC,thick_like,,unmatched,,,
PGC1869654,PGC1869654,PGC_1869654,255.845856,29.542969,5.04,1.13,0.2242063492063492,4.460176991150443,0.05,SD,thick_like,,unmatched,,,
PGC1909936,PGC1909936,PGC_1909936,255.874191,30.593349,5.08,2.36,0.4645669291338582,2.152542372881356,0.29,SA,thick_like,,unmatched,,,
PGC2617572,PGC2617572,PGC_2617572,255.908279,61.417789,3.75,2.1,0.56,1.7857142857142856,0.2,SC,thick_like,,unmatched,,,
PGC2743642,PGC2743642,PGC_2743642,255.960251,71.49733,8.16,2.51,0.3075980392156862,3.250996015936255,0.22,SA,thick_like,,unmatched,,,
PGC1882920,PGC1882920,PGC_1882920,256.030762,29.914658,6.35,1.72,0.2708661417322834,3.691860465116279,0.05,SB,thick_like,,unmatched,,,
PGC2068733,PGC2068733,PGC_2068733,256.044983,35.703537,7.0,3.44,0.4914285714285714,2.0348837209302326,0.09,SC,thick_like,,unmatched,,,
PGC1730444,PGC1730444,PGC_1730444,256.049652,25.25827,4.9,1.66,0.3387755102040816,2.951807228915663,0.17,SB,thick_like,,unmatched,,,
NED,NED,,256.092407,28.530622,5.51,0.98,0.1778584392014519,5.622448979591836,0.04,SD,intermediate,,unmatched,,,
PGC2187730,PGC2187730,PGC_2187730,256.194305,41.837711,4.21,1.69,0.4014251781472684,2.4911242603550297,0.09,SC,thick_like,,unmatched,,,
UGC10694,UGC10694,UGC_10694,256.2341,43.242157,7.47,2.35,0.3145917001338688,3.1787234042553187,0.2,SD,thick_like,,unmatched,,,
PGC1389781,PGC1389781,PGC_1389781,256.261292,11.170764,3.38,1.62,0.4792899408284024,2.08641975308642,0.13,SC,thick_like,,unmatched,,,
NED,NED,,256.275146,39.30722,4.19,0.76,0.1813842482100238,5.5131578947368425,0.06,SC,intermediate,,unmatched,,,
PGC91578,PGC91578,PGC_91578,256.398407,25.565655,7.27,3.13,0.4305364511691885,2.322683706070288,0.33,SB,thick_like,,unmatched,,,
UGC10698,UGC10698,UGC_10698,256.417328,32.492256,6.46,2.94,0.4551083591331269,2.197278911564626,0.22,SB,thick_like,,unmatched,,,
PGC2083676,PGC2083676,PGC_2083676,256.464783,36.610226,4.62,1.5,0.3246753246753247,3.08,0.16,SC,thick_like,,unmatched,,,
PGC214587,PGC214587,PGC_214587,256.518585,75.381348,4.29,0.97,0.2261072261072261,4.422680412371134,0.08,SB,thick_like,,unmatched,,,
NED,NED,,256.64682,40.556011,9.6,1.9,0.1979166666666666,5.052631578947368,0.04,SD,intermediate,,unmatched,,,
2MASXJ17064809+3430289,2MASXJ170648093430289,,256.700378,34.508034,4.22,1.08,0.2559241706161138,3.907407407407407,0.11,SB,thick_like,,unmatched,,,
SDSSJ170703.98+324901.5,SDSSJ170703983249015,,256.766571,32.817101,4.71,1.98,0.4203821656050955,2.378787878787879,0.08,SC,thick_like,,unmatched,,,
UGC10714,UGC10714,UGC_10714,256.855164,30.22501,12.55,2.97,0.2366533864541832,4.225589225589226,0.26,SB,thick_like,,unmatched,,,
PGC1847370,PGC1847370,PGC_1847370,257.108673,28.833055,4.46,1.88,0.42152466367713,2.372340425531915,0.1,SC,thick_like,,unmatched,,,
PGC2022695,PGC2022695,PGC_2022695,257.279816,33.080158,4.04,1.63,0.4034653465346534,2.4785276073619635,0.11,SC,thick_like,,unmatched,,,
PGC1950320,PGC1950320,PGC_1950320,257.389496,31.502642,7.8,1.37,0.1756410256410256,5.693430656934306,0.06,SD,intermediate,,unmatched,,,
PGC1364481,PGC1364481,PGC_1364481,257.427826,9.394758,7.55,1.59,0.2105960264900662,4.748427672955975,0.24,SB,thick_like,,unmatched,,,
UGC10766,UGC10766,UGC_10766,257.676422,74.428879,8.03,1.53,0.1905354919053549,5.248366013071895,0.06,SD,intermediate,,unmatched,,,
PGC2221146,PGC2221146,PGC_2221146,257.677734,43.454159,5.97,2.36,0.3953098827470687,2.5296610169491527,0.27,SB,thick_like,,unmatched,,,
PGC2640033,PGC2640033,PGC_2640033,257.699127,62.616829,4.33,1.38,0.3187066974595842,3.13768115942029,0.1,SC,thick_like,,unmatched,,,
UGC10746,UGC10746,UGC_10746,257.707184,45.854183,13.52,2.46,0.1819526627218935,5.495934959349594,0.07,SD,intermediate,,unmatched,,,
PGC3088246,PGC3088246,PGC_3088246,257.741089,38.360161,6.9,2.56,0.3710144927536232,2.6953125,0.37,SA,thick_like,,unmatched,,,
PGC1867247,PGC1867247,PGC_1867247,257.917572,29.467653,4.47,2.4,0.5369127516778524,1.8625,0.18,SC,thick_like,,unmatched,,,
2MASXJ17120734+3757546,2MASXJ171207343757546,,258.030548,37.965149,5.18,2.47,0.4768339768339769,2.0971659919028336,0.2,SA,thick_like,,unmatched,,,
PGC1885006,PGC1885006,PGC_1885006,258.044312,29.968264,5.7,1.99,0.3491228070175438,2.864321608040201,0.12,SB,thick_like,,unmatched,,,
PGC2130095,PGC2130095,PGC_2130095,258.115326,38.549774,4.22,1.31,0.3104265402843602,3.2213740458015265,0.08,SC,thick_like,,unmatched,,,
PGC2133287,PGC2133287,PGC_2133287,258.20343,38.666801,5.58,1.32,0.2365591397849462,4.227272727272728,0.06,SD,thick_like,,unmatched,,,
PGC2155049,PGC2155049,PGC_2155049,258.222565,39.751503,5.23,2.98,0.5697896749521988,1.75503355704698,0.14,SC,thick_like,,unmatched,,,
PGC2177407,PGC2177407,PGC_2177407,258.28241,41.21064,8.33,2.5,0.3001200480192076,3.332,0.28,SB,thick_like,,unmatched,,,
PGC1876321,PGC1876321,PGC_1876321,258.29129,29.735992,6.11,0.71,0.11620294599018,8.605633802816902,0.07,SD,intermediate,,unmatched,,,
NED,NED,,258.31134,37.950039,5.4,0.66,0.1222222222222222,8.181818181818182,0.05,SD,intermediate,,unmatched,,,
PGC2648999,PGC2648999,PGC_2648999,258.335358,63.068233,6.1,1.04,0.1704918032786885,5.865384615384615,0.09,SB,intermediate,,unmatched,,,
PGC1642616,PGC1642616,PGC_1642616,258.442261,21.093081,5.02,1.6,0.3187250996015937,3.1375,0.09,SC,thick_like,,unmatched,,,
PGC91585,PGC91585,PGC_91585,258.563507,34.560841,6.57,1.43,0.2176560121765601,4.594405594405595,0.07,SD,thick_like,,unmatched,,,
PGC59909,PGC59909,PGC_59909,258.695953,57.854813,7.67,1.92,0.2503259452411995,3.994791666666667,0.21,SB,thick_like,,unmatched,,,
PGC1912295,PGC1912295,PGC_1912295,258.702393,30.652767,3.94,1.53,0.3883248730964467,2.57516339869281,0.19,SC,thick_like,,unmatched,,,
NGC06345,NGC06345,NGC_6345,258.851074,57.35046,7.11,2.62,0.3684950773558368,2.713740458015267,0.44,SB,thick_like,,unmatched,,,
PGC1380544,PGC1380544,PGC_1380544,258.995331,10.510461,4.74,1.94,0.4092827004219409,2.443298969072165,0.11,SC,thick_like,,unmatched,,,
PGC1713838,PGC1713838,PGC_1713838,259.15744,24.693354,6.48,1.61,0.2484567901234567,4.024844720496894,0.1,SD,thick_like,,unmatched,,,
PGC1867524,PGC1867524,PGC_1867524,259.211609,29.476786,5.56,1.75,0.3147482014388489,3.177142857142857,0.08,IR,thick_like,,unmatched,,,
PGC91589,PGC91589,PGC_91589,259.335266,25.122009,6.62,0.94,0.1419939577039274,7.042553191489362,0.05,SD,intermediate,,unmatched,,,
PGC2133598,PGC2133598,PGC_2133598,259.511292,38.677147,4.07,1.51,0.3710073710073709,2.695364238410596,0.1,SC,thick_like,,unmatched,,,
PGC91591,PGC91591,PGC_91591,259.633728,41.668468,8.83,1.75,0.1981879954699886,5.045714285714285,0.08,SD,intermediate,,unmatched,,,
NED,NED,,259.776825,25.152311,7.91,1.25,0.1580278128950695,6.328,0.04,SD,intermediate,,unmatched,,,
PGC2736586,PGC2736586,PGC_2736586,259.833527,70.513161,5.64,2.18,0.3865248226950355,2.587155963302752,0.08,SC,thick_like,,unmatched,,,
NED,NED,,259.92041,9.608185,5.78,1.64,0.2837370242214532,3.5243902439024395,0.08,SC,thick_like,,unmatched,,,
PGC2150756,PGC2150756,PGC_2150756,259.939484,39.49379,7.71,1.24,0.1608300907911803,6.217741935483871,0.04,SD,intermediate,,unmatched,,,
UGC10820,UGC10820,UGC_10820,260.239136,42.155472,10.63,4.34,0.4082784571966133,2.4493087557603688,0.27,SB,thick_like,,unmatched,,,
PGC1990826,PGC1990826,PGC_1990826,260.465973,32.30817,4.37,1.59,0.3638443935926773,2.748427672955975,0.2,SC,thick_like,,unmatched,,,
NED,NED,,260.527313,57.068413,7.86,0.89,0.1132315521628498,8.831460674157304,0.06,SD,intermediate,,unmatched,,,
2MASXJ17222224+3337131,2MASXJ172222243337131,,260.592529,33.620342,4.17,1.48,0.354916067146283,2.8175675675675675,0.13,SB,thick_like,,unmatched,,,
PGC2586909,PGC2586909,PGC_2586909,260.712433,59.134972,5.22,1.7,0.3256704980842912,3.0705882352941174,0.14,SB,thick_like,,unmatched,,,
PGC2761357,PGC2761357,PGC_2761357,260.714844,74.30117,3.74,1.78,0.4759358288770053,2.101123595505618,0.11,SC,thick_like,,unmatched,,,
PGC1796252,PGC1796252,PGC_1796252,260.726013,27.046061,7.62,1.19,0.1561679790026246,6.403361344537816,0.07,SB,intermediate,,unmatched,,,
PGC1814008,PGC1814008,PGC_1814008,260.90564,27.64163,3.74,1.2,0.320855614973262,3.116666666666667,0.09,SC,thick_like,,unmatched,,,
PGC3088253,PGC3088253,PGC_3088253,260.920929,37.995499,3.55,1.66,0.4676056338028169,2.13855421686747,0.4,SB,thick_like,,unmatched,,,
PGC1802357,PGC1802357,PGC_1802357,260.983337,27.252569,4.79,1.54,0.3215031315240083,3.1103896103896105,0.08,SB,thick_like,,unmatched,,,
NED,NED,,261.219757,68.572464,6.89,1.58,0.2293178519593614,4.360759493670885,0.05,SD,thick_like,,unmatched,,,
PGC2719670,PGC2719670,PGC_2719670,261.259308,68.525337,4.58,1.33,0.2903930131004367,3.443609022556391,0.11,SC,thick_like,,unmatched,,,
UGC10858,UGC10858,UGC_10858,261.410065,59.446743,6.14,2.15,0.3501628664495114,2.855813953488372,0.08,SB,thick_like,,unmatched,,,
PGC2601798,PGC2601798,PGC_2601798,261.65155,60.411015,5.09,1.25,0.2455795677799607,4.072,0.06,SD,thick_like,,unmatched,,,
UGC10872,UGC10872,UGC_10872,261.826599,61.177761,12.22,2.19,0.1792144026186579,5.579908675799088,0.03,SD,intermediate,,unmatched,,,
PGC91595,PGC91595,PGC_91595,261.845276,25.492367,7.19,2.21,0.3073713490959666,3.2533936651583715,0.14,SA,thick_like,,unmatched,,,
PGC1349703,PGC1349703,PGC_1349703,261.888184,8.583749,6.04,1.88,0.3112582781456953,3.2127659574468086,0.1,SB,thick_like,,unmatched,,,
PGC1347733,PGC1347733,PGC_1347733,263.064606,8.481016,5.52,2.28,0.4130434782608695,2.421052631578948,0.2,SC,thick_like,,unmatched,,,
PGC3136999,PGC3136999,PGC_3136999,263.244507,59.710968,3.17,1.27,0.4006309148264984,2.4960629921259843,0.11,SC,thick_like,,unmatched,,,
PGC60512,PGC60512,PGC_60512,263.635376,58.230156,6.78,2.55,0.3761061946902654,2.658823529411765,0.09,SC,thick_like,,unmatched,,,
2MASXJ17344398+3313128,2MASXJ173443983313128,,263.683624,33.220387,6.62,0.77,0.1163141993957704,8.597402597402597,0.06,SD,intermediate,,unmatched,,,
2MASXJ17351880+2532008,2MASXJ173518802532008,,263.828308,25.53355,4.29,0.97,0.2261072261072261,4.422680412371134,0.11,SC,thick_like,,unmatched,,,
PGC91603,PGC91603,PGC_91603,263.931305,67.438179,9.09,1.02,0.1122112211221122,8.911764705882353,0.05,SB,intermediate,,unmatched,,,
NGC06419,NGC06419,NGC_6419,264.024567,68.155785,9.25,4.09,0.4421621621621621,2.2616136919315406,0.36,SB,thick_like,,unmatched,,,
PGC2650493,PGC2650493,PGC_2650493,264.31842,63.148693,4.59,2.01,0.4379084967320261,2.283582089552239,0.22,SA,thick_like,,unmatched,,,
UGC10931,UGC10931,UGC_10931,264.334808,60.427792,8.88,2.9,0.3265765765765765,3.0620689655172417,0.1,SC,thick_like,,unmatched,,,
PGC2380162,PGC2380162,PGC_2380162,264.387238,50.705452,6.27,2.2,0.3508771929824562,2.85,0.23,SD,thick_like,,unmatched,,,
PGC1748872,PGC1748872,PGC_1748872,264.49704,25.763254,6.88,1.28,0.1860465116279069,5.375,0.15,SB,intermediate,,unmatched,,,
PGC1748146,PGC1748146,PGC_1748146,265.132416,25.745169,5.02,1.04,0.2071713147410359,4.826923076923077,0.07,SD,thick_like,,unmatched,,,
PGC2368229,PGC2368229,PGC_2368229,265.598907,50.276634,5.99,1.44,0.2404006677796327,4.159722222222222,0.07,SD,thick_like,,unmatched,,,
PGC2650835,PGC2650835,PGC_2650835,265.804199,63.166805,4.61,1.79,0.3882863340563991,2.575418994413408,0.16,SC,thick_like,,unmatched,,,
PGC2422008,PGC2422008,PGC_2422008,265.932648,52.722034,5.06,1.62,0.3201581027667984,3.1234567901234565,0.23,SB,thick_like,,unmatched,,,
NED,NED,,265.970581,47.165813,3.06,1.5,0.4901960784313725,2.04,0.1,SC,thick_like,,unmatched,,,
NED,NED,,266.042023,55.179729,9.13,0.66,0.072289156626506,13.833333333333334,0.03,SD,thin_like,,unmatched,,,
PGC60798,PGC60798,PGC_60798,266.258575,66.52092,6.08,1.55,0.2549342105263158,3.92258064516129,0.06,SD,thick_like,,unmatched,,,
PGC2640368,PGC2640368,PGC_2640368,266.420074,62.633606,4.41,1.59,0.3605442176870748,2.7735849056603774,0.19,SC,thick_like,,unmatched,,,
UGC10982,UGC10982,UGC_10982,266.508667,59.323647,11.04,2.61,0.2364130434782608,4.2298850574712645,0.07,IR,thick_like,,unmatched,,,
PGC2492777,PGC2492777,PGC_2492777,266.60791,55.16634,5.28,2.07,0.3920454545454545,2.55072463768116,0.12,SC,thick_like,,unmatched,,,
PGC1703264,PGC1703264,PGC_1703264,266.613861,24.260342,3.08,1.39,0.4512987012987012,2.2158273381294964,0.16,SB,thick_like,,unmatched,,,
PGC2520674,PGC2520674,PGC_2520674,266.671692,55.962944,4.77,1.07,0.2243186582809224,4.457943925233645,0.18,SB,thick_like,,unmatched,,,
PGC214637,PGC214637,PGC_214637,266.709351,59.279583,4.04,1.69,0.4183168316831683,2.3905325443786984,0.15,SC,thick_like,,unmatched,,,
UGC10986,UGC10986,UGC_10986,266.718384,57.067616,8.31,1.81,0.2178098676293622,4.591160220994476,0.07,SD,thick_like,,unmatched,,,
PGC91606,PGC91606,PGC_91606,266.95639,5.806711,16.23,3.12,0.1922365988909427,5.201923076923077,0.31,SB,intermediate,,unmatched,,,
2MASXJ17480903+6311443,2MASXJ174809036311443,,267.037842,63.195934,7.95,1.35,0.169811320754717,5.888888888888888,0.09,SB,intermediate,,unmatched,,,
PGC91610,PGC91610,PGC_91610,267.048065,53.152328,9.33,2.06,0.2207931404072883,4.5291262135922326,0.06,SD,thick_like,,unmatched,,,
NED,NED,,267.059235,62.331562,6.07,1.15,0.1894563426688632,5.278260869565218,0.07,SD,intermediate,,unmatched,,,
PGC2667372,PGC2667372,PGC_2667372,267.274628,64.367134,10.39,0.95,0.0914340712223291,10.93684210526316,0.1,SB,thin_like,,unmatched,,,
PGC2267753,PGC2267753,PGC_2267753,267.436432,45.609222,4.02,1.81,0.4502487562189055,2.220994475138121,0.12,SC,thick_like,,unmatched,,,
PGC2317960,PGC2317960,PGC_2317960,267.437866,48.459518,6.56,2.8,0.4268292682926829,2.342857142857143,0.19,SC,thick_like,,unmatched,,,
NED,NED,,267.446136,60.26384,8.36,1.61,0.1925837320574163,5.192546583850931,0.05,SC,intermediate,,unmatched,,,
NED,NED,,267.471436,24.764444,6.14,1.59,0.258957654723127,3.8616352201257858,0.07,SD,thick_like,,unmatched,,,
PGC2596258,PGC2596258,PGC_2596258,267.504425,59.959476,4.66,1.83,0.3927038626609442,2.546448087431694,0.38,SA,thick_like,,unmatched,,,
PGC2298055,PGC2298055,PGC_2298055,267.886078,47.431454,6.41,1.87,0.2917316692667707,3.427807486631016,0.08,SD,thick_like,,unmatched,,,
PGC2774415,PGC2774415,PGC_2774415,268.158997,77.667366,3.81,2.18,0.5721784776902887,1.7477064220183485,0.33,SA,thick_like,,unmatched,,,
NED,NED,,268.309845,51.876362,7.3,0.95,0.1301369863013698,7.684210526315789,0.05,SD,intermediate,,unmatched,,,
NED,NED,,268.358673,54.581654,3.64,1.41,0.3873626373626373,2.5815602836879434,0.1,SC,thick_like,,unmatched,,,
UGC11036,UGC11036,UGC_11036,268.40329,58.350319,17.95,2.49,0.1387186629526462,7.208835341365461,0.03,SD,intermediate,,unmatched,,,
PGC2441473,PGC2441473,PGC_2441473,268.668976,53.452003,7.0,1.06,0.1514285714285714,6.60377358490566,0.05,SD,intermediate,,unmatched,,,
PGC2494111,PGC2494111,PGC_2494111,268.795227,55.204212,4.92,1.43,0.290650406504065,3.440559440559441,0.1,SC,thick_like,,unmatched,,,
PGC1735113,PGC1735113,PGC_1735113,268.965363,25.398909,4.07,1.44,0.3538083538083538,2.8263888888888893,0.35,SA,thick_like,,unmatched,,,
PGC91616,PGC91616,PGC_91616,269.110107,77.755104,10.43,1.69,0.162032598274209,6.171597633136095,0.04,SD,intermediate,,unmatched,,,
PGC2350720,PGC2350720,PGC_2350720,269.201385,49.697605,4.06,1.79,0.4408866995073892,2.2681564245810053,0.11,SC,thick_like,,unmatched,,,
PGC2486739,PGC2486739,PGC_2486739,269.463074,54.985683,4.2,1.77,0.4214285714285714,2.3728813559322037,0.1,SC,thick_like,,unmatched,,,
PGC2147926,PGC2147926,PGC_2147926,269.468872,39.335194,4.69,2.23,0.4754797441364605,2.103139013452915,0.38,SA,thick_like,,unmatched,,,
PGC61204,PGC61204,PGC_61204,269.675323,42.412304,6.8,2.73,0.4014705882352941,2.490842490842491,0.12,SC,thick_like,,unmatched,,,
PGC2344828,PGC2344828,PGC_2344828,269.720642,49.50042,4.35,1.68,0.3862068965517241,2.589285714285714,0.32,SB,thick_like,,unmatched,,,
PGC2193940,PGC2193940,PGC_2193940,270.200562,42.186279,5.99,1.75,0.2921535893155259,3.422857142857143,0.33,SA,thick_like,,unmatched,,,
NED,NED,,270.254486,64.711334,7.89,0.98,0.1242078580481622,8.051020408163264,0.04,SD,intermediate,,unmatched,,,
PGC2303776,PGC2303776,PGC_2303776,270.596375,47.753246,6.73,1.47,0.2184249628528974,4.578231292517007,0.07,SD,thick_like,,unmatched,,,
PGC2212902,PGC2212902,PGC_2212902,270.686798,43.095234,3.88,1.52,0.3917525773195876,2.552631578947368,0.1,SC,thick_like,,unmatched,,,
PGC1683597,PGC1683597,PGC_1683597,273.09848,23.221478,5.5,2.0,0.3636363636363636,2.75,0.12,SC,thick_like,,unmatched,,,
PGC1670856,PGC1670856,PGC_1670856,273.915283,22.488522,4.85,1.35,0.2783505154639176,3.592592592592592,0.09,SC,thick_like,,unmatched,,,
PGC1655794,PGC1655794,PGC_1655794,274.079773,21.721146,5.25,2.36,0.4495238095238095,2.2245762711864407,0.23,SA,thick_like,,unmatched,,,
PGC1690468,PGC1690468,PGC_1690468,274.39743,23.613688,8.57,2.16,0.2520420070011668,3.967592592592593,0.19,SB,thick_like,,unmatched,,,
PGC2186609,PGC2186609,PGC_2186609,274.620331,41.774872,4.65,1.16,0.2494623655913978,4.008620689655173,0.08,SD,thick_like,,unmatched,,,
UGC11210,UGC11210,UGC_11210,275.532166,21.177395,12.33,2.28,0.1849148418491484,5.407894736842106,0.04,UN,intermediate,,unmatched,,,
PGC61825,PGC61825,PGC_61825,275.969666,21.051624,9.05,3.26,0.360220994475138,2.776073619631902,0.45,SA,thick_like,,unmatched,,,
UGC11230,UGC11230,UGC_11230,276.009674,65.306427,19.89,4.54,0.2282554047259929,4.381057268722467,0.17,SB,thick_like,,unmatched,,,
PGC2183587,PGC2183587,PGC_2183587,276.100739,41.595329,5.23,2.34,0.4474187380497131,2.2350427350427355,0.16,SC,thick_like,,unmatched,,,
PGC61855,PGC61855,PGC_61855,276.31543,20.91296,9.13,5.18,0.5673603504928806,1.7625482625482627,0.43,SA,thick_like,,unmatched,,,
NED,NED,,279.452545,63.221127,5.49,1.62,0.2950819672131147,3.388888888888889,0.07,SC,thick_like,,unmatched,,,
NED,NED,,280.406097,63.731411,4.15,0.71,0.1710843373493975,5.845070422535212,0.05,SD,intermediate,,unmatched,,,
2MASXJ18422848+7745017,2MASXJ184228487745017,,280.617859,77.749809,4.64,1.15,0.2478448275862069,4.034782608695652,0.07,SD,thick_like,,unmatched,,,
NED,NED,,280.986237,77.221451,5.99,2.74,0.4574290484140234,2.1861313868613137,0.07,IR,thick_like,,unmatched,,,
NED,NED,,281.210754,79.614258,5.95,1.82,0.3058823529411765,3.269230769230769,0.07,SC,thick_like,,unmatched,,,
NED,NED,,281.473602,77.367188,7.47,1.13,0.1512717536813922,6.610619469026549,0.04,SD,intermediate,,unmatched,,,
PGC2168535,PGC2168535,PGC_2168535,283.262878,40.621677,4.84,1.31,0.2706611570247934,3.694656488549618,0.07,SC,thick_like,,unmatched,,,
PGC2774173,PGC2774173,PGC_2774173,286.703033,77.584648,4.55,1.74,0.3824175824175824,2.6149425287356323,0.2,SB,thick_like,,unmatched,,,
NED,NED,,287.380585,38.635509,5.56,2.06,0.3705035971223022,2.699029126213592,0.24,SC,thick_like,,unmatched,,,
PGC2773324,PGC2773324,PGC_2773324,289.255432,77.260742,8.63,2.23,0.2584009269988412,3.869955156950673,0.09,SC,thick_like,,unmatched,,,
PGC2775342,PGC2775342,PGC_2775342,292.982697,78.012871,3.56,1.44,0.4044943820224719,2.4722222222222223,0.28,SA,thick_like,,unmatched,,,
PGC91662,PGC91662,PGC_91662,294.173187,77.102104,14.13,2.32,0.1641896673743807,6.090517241379311,0.03,UN,intermediate,,unmatched,,,
NED,NED,,294.283691,36.492496,4.85,1.34,0.2762886597938144,3.6194029850746254,0.08,SC,thick_like,,unmatched,,,
NED,NED,,294.928192,62.89138,4.84,1.38,0.2851239669421487,3.5072463768115942,0.07,SC,thick_like,,unmatched,,,
NED,NED,,296.061737,77.776932,5.12,1.36,0.265625,3.764705882352941,0.05,SD,thick_like,,unmatched,,,
NED,NED,,298.256683,60.756992,3.66,1.33,0.3633879781420765,2.7518796992481205,0.35,SA,thick_like,,unmatched,,,
PGC2591919,PGC2591919,PGC_2591919,300.496643,59.570377,9.0,2.06,0.2288888888888889,4.368932038834951,0.23,SB,thick_like,,unmatched,,,
PGC970261,PGC970261,PGC_970261,300.911224,-11.076508,4.68,1.88,0.4017094017094017,2.48936170212766,0.43,SA,thick_like,,unmatched,,,
PGC953024,PGC953024,PGC_953024,301.139008,-12.422117,4.84,1.13,0.2334710743801652,4.283185840707965,0.07,SD,thick_like,,unmatched,,,
PGC2589140,PGC2589140,PGC_2589140,303.867157,59.324284,3.2,1.29,0.403125,2.48062015503876,0.15,SC,thick_like,,unmatched,,,
PGC2590858,PGC2590858,PGC_2590858,304.643372,59.474442,6.99,2.25,0.3218884120171674,3.106666666666667,0.08,SC,thick_like,,unmatched,,,
PGC2607258,PGC2607258,PGC_2607258,304.866669,60.81242,5.13,1.51,0.2943469785575048,3.3973509933774837,0.22,SB,thick_like,,unmatched,,,
PGC186994,PGC186994,PGC_186994,305.279938,-12.723421,4.74,1.16,0.2447257383966244,4.086206896551724,0.08,SB,thick_like,,unmatched,,,
PGC92591,PGC92591,PGC_92591,306.152863,-21.299236,3.4,1.25,0.3676470588235294,2.72,0.09,SB,thick_like,,unmatched,,,
PGC922920,PGC922920,PGC_922920,306.695038,-14.569144,3.32,1.4,0.4216867469879518,2.3714285714285714,0.11,SC,thick_like,,unmatched,,,
NED,NED,,308.763794,75.844345,6.02,1.12,0.186046511627907,5.374999999999999,0.06,SD,intermediate,,unmatched,,,
NED,NED,,310.212799,-6.850266,11.91,0.82,0.0688497061293031,14.52439024390244,0.02,SD,thin_like,,unmatched,,,
PGC162599,PGC162599,PGC_162599,310.372772,0.13225,3.29,1.59,0.4832826747720365,2.0691823899371067,0.22,SA,thick_like,,unmatched,,,
PGC1042669,PGC1042669,PGC_1042669,310.467621,-5.599969,5.19,1.52,0.2928709055876686,3.4144736842105265,0.22,SC,thick_like,,unmatched,,,
NED,NED,,310.679901,-2.767435,13.48,2.49,0.1847181008902077,5.413654618473895,0.05,IR,intermediate,,unmatched,,,
PGC1027819,PGC1027819,PGC_1027819,310.734467,-6.857259,3.76,1.89,0.5026595744680851,1.9894179894179893,0.13,SC,thick_like,,unmatched,,,
PGC1180753,PGC1180753,PGC_1180753,311.408508,0.975887,11.58,1.5,0.1295336787564766,7.72,0.04,SD,intermediate,,unmatched,,,
NED,NED,,312.011078,4.157752,4.06,1.23,0.3029556650246305,3.300813008130081,0.08,SC,thick_like,,unmatched,,,
NED,NED,,312.133453,15.849373,3.85,0.83,0.2155844155844155,4.63855421686747,0.1,SB,thick_like,,unmatched,,,
PGC91681,PGC91681,PGC_91681,312.4263,-14.48311,8.07,1.71,0.2118959107806691,4.719298245614035,0.04,SD,thick_like,,unmatched,,,
PGC1262144,PGC1262144,PGC_1262144,312.597534,4.010339,9.99,1.6,0.1601601601601601,6.24375,0.06,SD,intermediate,,unmatched,,,
PGC1135030,PGC1135030,PGC_1135030,313.210388,-0.775495,3.32,1.27,0.3825301204819277,2.6141732283464565,0.3,SB,thick_like,,unmatched,,,
UGC11645,UGC11645,UGC_11645,313.3526,0.651999,8.8,3.07,0.3488636363636363,2.866449511400652,0.12,SC,thick_like,,unmatched,,,
NED,NED,,314.042755,16.653759,5.41,1.01,0.1866913123844732,5.356435643564357,0.06,SD,intermediate,,unmatched,,,
PGC91685,PGC91685,PGC_91685,314.846558,2.088185,9.93,2.8,0.2819738167170191,3.546428571428572,0.06,SB,thick_like,,unmatched,,,
PGC91686,PGC91686,PGC_91686,314.86969,-1.274568,8.86,2.33,0.262979683972912,3.802575107296137,0.05,SD,thick_like,,unmatched,,,
PGC1016164,PGC1016164,PGC_1016164,314.946442,-7.603767,5.49,1.09,0.1985428051001821,5.036697247706422,0.04,SD,intermediate,,unmatched,,,
SDSSJ210041.63-064034.2,SDSSJ210041630640342,,315.173462,-6.676251,2.84,0.79,0.278169014084507,3.594936708860759,0.06,SD,thick_like,,unmatched,,,
PGC3090547,PGC3090547,PGC_3090547,315.279877,16.694796,4.73,2.62,0.5539112050739957,1.8053435114503815,0.41,SA,thick_like,,unmatched,,,
PGC1185436,PGC1185436,PGC_1185436,315.49176,1.128947,4.1,1.54,0.375609756097561,2.662337662337662,0.35,SB,thick_like,,unmatched,,,
PGC91688,PGC91688,PGC_91688,315.557617,-17.397629,8.42,1.56,0.1852731591448931,5.397435897435897,0.12,SB,intermediate,,unmatched,,,
PGC1374005,PGC1374005,PGC_1374005,315.578796,10.061198,3.54,1.71,0.4830508474576271,2.0701754385964914,0.15,SB,thick_like,,unmatched,,,
PGC1167361,PGC1167361,PGC_1167361,315.904419,0.491156,5.47,1.24,0.226691042047532,4.411290322580645,0.07,SD,thick_like,,unmatched,,,
SDSSJ210355.84+004401.5,SDSSJ210355840044015,,315.982666,0.733774,5.35,0.66,0.1233644859813084,8.106060606060606,0.07,SD,intermediate,,unmatched,,,
PGC3104490,PGC3104490,PGC_3104490,315.984039,-6.805421,4.14,1.2,0.2898550724637681,3.45,0.13,SB,thick_like,,unmatched,,,
NED,NED,,316.124847,3.953545,8.12,1.07,0.1317733990147783,7.588785046728971,0.04,SD,intermediate,,unmatched,,,
PGC66048,PGC66048,PGC_66048,316.216522,0.447986,4.91,2.6,0.5295315682281059,1.8884615384615384,0.32,SA,thick_like,,unmatched,,,
NED,NED,,316.27655,4.369109,4.18,0.86,0.2057416267942584,4.8604651162790695,0.04,SD,thick_like,,unmatched,,,
PGC91695,PGC91695,PGC_91695,316.848877,17.86689,8.54,1.24,0.1451990632318501,6.887096774193548,0.07,SB,intermediate,,unmatched,,,
PGC91696,PGC91696,PGC_91696,316.897827,5.491825,8.73,1.88,0.2153493699885452,4.643617021276596,0.07,SD,thick_like,,unmatched,,,
SDSSJ210943.43-070000.4,SDSSJ210943430700004,,317.430908,-7.000185,8.6,1.11,0.1290697674418605,7.747747747747747,0.05,SD,intermediate,,unmatched,,,
2MASXJ21110015+1721591,2MASXJ211100151721591,,317.750549,17.366631,5.86,1.46,0.2491467576791808,4.013698630136987,0.15,SB,thick_like,,unmatched,,,
2MASXJ21135450+1857188,2MASXJ211354501857188,,318.47699,18.955112,6.04,1.52,0.2516556291390728,3.973684210526316,0.15,SC,thick_like,,unmatched,,,
PGC1157462,PGC1157462,PGC_1157462,318.486328,0.114458,4.13,1.11,0.2687651331719128,3.720720720720721,0.08,SC,thick_like,,unmatched,,,
PGC1151298,PGC1151298,PGC_1151298,318.758881,-0.126393,5.33,0.76,0.1425891181988743,7.0131578947368425,0.07,SD,intermediate,,unmatched,,,
UGC11711,UGC11711,UGC_11711,318.937775,17.359444,10.67,1.94,0.1818181818181818,5.5,0.06,SD,intermediate,,unmatched,,,
2MASXJ21160808+0454580,2MASXJ211608080454580,,319.0336,4.916231,3.65,1.71,0.4684931506849315,2.134502923976608,0.49,SA,thick_like,,unmatched,,,
PGC1136167,PGC1136167,PGC_1136167,319.091461,-0.730287,3.98,1.14,0.28643216080402,3.491228070175439,0.09,SC,thick_like,,unmatched,,,
NED,NED,,319.390015,6.276866,2.98,1.34,0.4496644295302013,2.2238805970149254,0.14,SC,thick_like,,unmatched,,,
PGC1157632,PGC1157632,PGC_1157632,319.919739,0.120935,6.16,2.57,0.4172077922077922,2.3968871595330743,0.15,SB,thick_like,,unmatched,,,
PGC91701,PGC91701,PGC_91701,319.998596,-6.532903,7.05,1.36,0.1929078014184397,5.1838235294117645,0.04,SD,intermediate,,unmatched,,,
SDSSJ212312.31+105218.1,SDSSJ212312311052181,,320.8013,10.87171,4.68,0.69,0.1474358974358974,6.782608695652174,0.06,SD,intermediate,,unmatched,,,
PGC91704,PGC91704,PGC_91704,320.818542,8.888802,7.0,1.93,0.2757142857142857,3.626943005181347,0.21,SB,thick_like,,unmatched,,,
NED,NED,,320.833801,5.032412,9.15,1.13,0.1234972677595628,8.097345132743364,0.05,SD,intermediate,,unmatched,,,
PGC1398534,PGC1398534,PGC_1398534,320.873657,11.772625,5.27,1.15,0.2182163187855787,4.582608695652174,0.1,SC,thick_like,,unmatched,,,
PGC91705,PGC91705,PGC_91705,320.924103,19.128851,6.73,1.91,0.2838038632986627,3.523560209424084,0.07,SD,thick_like,,unmatched,,,
NED,NED,,321.000549,5.068579,3.32,0.7,0.2108433734939759,4.742857142857143,0.07,SD,thick_like,,unmatched,,,
PGC1371556,PGC1371556,PGC_1371556,321.092926,9.892589,6.08,1.65,0.2713815789473684,3.684848484848485,0.07,SD,thick_like,,unmatched,,,
PGC91707,PGC91707,PGC_91707,321.126801,7.817184,7.29,1.53,0.2098765432098765,4.764705882352941,0.11,SB,thick_like,,unmatched,,,
PGC91706,PGC91706,PGC_91706,321.1315,-11.464296,6.57,1.47,0.2237442922374429,4.469387755102041,0.08,SB,thick_like,,unmatched,,,
PGC1280455,PGC1280455,PGC_1280455,321.249481,5.24925,5.46,2.04,0.3736263736263736,2.676470588235294,0.09,SC,thick_like,,unmatched,,,
PGC1271645,PGC1271645,PGC_1271645,321.443146,4.677335,4.83,1.01,0.2091097308488612,4.782178217821782,0.07,SD,thick_like,,unmatched,,,
NED,NED,,321.565369,5.730464,4.26,0.58,0.136150234741784,7.344827586206897,0.05,SD,intermediate,,unmatched,,,
PGC1165376,PGC1165376,PGC_1165376,321.957123,0.416517,4.09,1.37,0.3349633251833741,2.9854014598540144,0.15,SB,thick_like,,unmatched,,,
PGC1374286,PGC1374286,PGC_1374286,322.121094,10.081293,3.65,1.42,0.3890410958904109,2.5704225352112675,0.1,SC,thick_like,,unmatched,,,
PGC1281233,PGC1281233,PGC_1281233,322.188782,5.300442,3.78,1.01,0.2671957671957672,3.7425742574257423,0.17,SB,thick_like,,unmatched,,,
2MASXJ21292237+1029400,2MASXJ212922371029400,,322.343048,10.494491,5.16,1.24,0.2403100775193798,4.161290322580645,0.16,SB,thick_like,,unmatched,,,
NED,NED,,322.456268,-2.42671,5.13,0.64,0.124756335282651,8.015625,0.05,SD,intermediate,,unmatched,,,
SDSSJ212956.21+100610.4,SDSSJ212956211006104,,322.484222,10.102894,7.09,0.99,0.1396332863187588,7.161616161616162,0.04,SD,intermediate,,unmatched,,,
PGC1130487,PGC1130487,PGC_1130487,322.523102,-0.955848,6.7,2.97,0.4432835820895522,2.255892255892256,0.37,SB,thick_like,,unmatched,,,
PGC1396754,PGC1396754,PGC_1396754,322.892914,11.653994,3.21,1.34,0.4174454828660436,2.3955223880597014,0.07,SC,thick_like,,unmatched,,,
PGC1063384,PGC1063384,PGC_1063384,323.087799,-4.062094,4.14,1.43,0.3454106280193237,2.895104895104895,0.12,SC,thick_like,,unmatched,,,
SDSSJ213309.88+101547.4,SDSSJ213309881015474,,323.291168,10.263222,3.31,0.86,0.2598187311178248,3.8488372093023258,0.06,SC,thick_like,,unmatched,,,
PGC1084940,PGC1084940,PGC_1084940,323.413177,-2.701658,3.02,1.54,0.5099337748344371,1.961038961038961,0.12,SC,thick_like,,unmatched,,,
UGC11768,UGC11768,UGC_11768,323.64209,18.95096,15.62,2.31,0.1478873239436619,6.761904761904761,0.1,SD,intermediate,,unmatched,,,
PGC1032302,PGC1032302,PGC_1032302,323.741791,-6.48667,4.52,1.62,0.3584070796460177,2.790123456790123,0.16,SB,thick_like,,unmatched,,,
PGC1066388,PGC1066388,PGC_1066388,323.934814,-3.825002,3.8,1.57,0.4131578947368421,2.4203821656050954,0.1,SC,thick_like,,unmatched,,,
NED,NED,,323.987213,5.230393,5.35,0.99,0.1850467289719626,5.404040404040404,0.06,SD,intermediate,,unmatched,,,
UGC11778,UGC11778,UGC_11778,324.133423,5.738266,9.92,2.07,0.2086693548387096,4.792270531400966,0.12,SB,thick_like,,unmatched,,,
PGC189149,PGC189149,PGC_189149,324.214661,1.235103,6.14,1.75,0.2850162866449511,3.5085714285714285,0.18,SB,thick_like,,unmatched,,,
PGC1023723,PGC1023723,PGC_1023723,324.355194,-7.149081,7.31,1.23,0.1682626538987688,5.943089430894308,0.06,SD,intermediate,,unmatched,,,
PGC1008476,PGC1008476,PGC_1008476,324.6492,-8.09031,4.12,0.95,0.2305825242718446,4.336842105263158,0.09,SB,thick_like,,unmatched,,,
PGC1019085,PGC1019085,PGC_1019085,324.653351,-7.433793,4.82,0.89,0.1846473029045643,5.415730337078652,0.09,SC,intermediate,,unmatched,,,
UGC11785,UGC11785,UGC_11785,324.86145,2.826908,16.34,2.96,0.1811505507955936,5.52027027027027,0.09,SD,intermediate,,unmatched,,,
PGC91711,PGC91711,PGC_91711,324.94455,-0.113009,5.84,1.02,0.1746575342465753,5.725490196078432,0.11,SB,intermediate,,unmatched,,,
2MASXJ21395370+1135156,2MASXJ213953701135156,,324.973907,11.587674,5.15,2.03,0.3941747572815533,2.536945812807882,0.38,SA,thick_like,,unmatched,,,
PGC189424,PGC189424,PGC_189424,324.996338,-8.127199,5.51,3.48,0.6315789473684211,1.5833333333333333,0.14,SC,thick_like,,unmatched,,,
PGC189486,PGC189486,PGC_189486,325.054688,0.031106,4.13,1.72,0.4164648910411622,2.4011627906976742,0.39,SB,thick_like,,unmatched,,,
PGC67153,PGC67153,PGC_67153,325.087006,12.354804,6.36,3.59,0.5644654088050314,1.7715877437325906,0.17,SC,thick_like,,unmatched,,,
PGC1009975,PGC1009975,PGC_1009975,325.171814,-7.987752,4.14,0.58,0.1400966183574879,7.137931034482759,0.05,SD,intermediate,,unmatched,,,
2MASXJ21404801+0700136,2MASXJ214048010700136,,325.200043,7.003788,6.98,1.05,0.1504297994269341,6.647619047619048,0.13,SC,intermediate,,unmatched,,,
PGC93014,PGC93014,PGC_93014,325.623566,15.833054,6.28,1.25,0.1990445859872611,5.024,0.07,SC,intermediate,,unmatched,,,
PGC1640998,PGC1640998,PGC_1640998,325.770874,21.019382,5.1,1.41,0.2764705882352941,3.617021276595745,0.13,SC,thick_like,,unmatched,,,
PGC91714,PGC91714,PGC_91714,326.097809,-7.196204,7.23,2.17,0.3001383125864453,3.331797235023042,0.15,SB,thick_like,,unmatched,,,
PGC93016,PGC93016,PGC_93016,326.160187,6.959958,8.71,1.43,0.1641791044776119,6.090909090909092,0.23,SB,intermediate,,unmatched,,,
PGC67282,PGC67282,PGC_67282,326.164398,-6.689647,16.69,2.76,0.1653684841222288,6.047101449275363,0.04,SD,intermediate,,unmatched,,,
PGC1018982,PGC1018982,PGC_1018982,326.298706,-7.438819,5.79,0.73,0.1260794473229706,7.931506849315069,0.04,SD,intermediate,,unmatched,,,
PGC167526,PGC167526,PGC_167526,326.441162,46.413048,6.6,1.92,0.2909090909090909,3.4375,0.07,IR,thick_like,,unmatched,,,
PGC67336,PGC67336,PGC_67336,326.680847,13.140695,10.53,2.06,0.1956315289648623,5.1116504854368925,0.11,SA,intermediate,,unmatched,,,
PGC1481227,PGC1481227,PGC_1481227,326.698334,15.311573,5.03,1.93,0.3836978131212723,2.6062176165803117,0.27,SB,thick_like,,unmatched,,,
PGC1003693,PGC1003693,PGC_1003693,326.761108,-8.441165,5.34,1.71,0.3202247191011236,3.12280701754386,0.13,SC,thick_like,,unmatched,,,
PGC1005426,PGC1005426,PGC_1005426,326.76593,-8.305055,6.64,1.63,0.2454819277108433,4.073619631901841,0.17,SA,thick_like,,unmatched,,,
PGC91717,PGC91717,PGC_91717,326.906067,25.887762,5.46,1.67,0.3058608058608058,3.269461077844312,0.07,SD,thick_like,,unmatched,,,
PGC91718,PGC91718,PGC_91718,327.236359,-0.345582,7.68,1.78,0.2317708333333333,4.314606741573034,0.08,SD,thick_like,,unmatched,,,
PGC1406025,PGC1406025,PGC_1406025,327.98642,12.236746,3.23,1.87,0.5789473684210527,1.727272727272727,0.13,SC,thick_like,,unmatched,,,
PGC1031349,PGC1031349,PGC_1031349,328.075409,-6.568832,3.46,1.36,0.3930635838150289,2.544117647058824,0.11,SC,thick_like,,unmatched,,,
PGC90397,PGC90397,PGC_90397,328.10849,-8.173603,5.0,3.14,0.628,1.592356687898089,0.47,SB,thick_like,,unmatched,,,
UGC11838,UGC11838,UGC_11838,328.149841,28.306345,20.41,3.84,0.1881430671239588,5.315104166666667,0.06,IR,intermediate,,unmatched,,,
PGC1022610,PGC1022610,PGC_1022610,328.212128,-7.217462,5.68,1.0,0.176056338028169,5.68,0.09,SD,intermediate,,unmatched,,,
PGC67598,PGC67598,PGC_67598,328.489502,6.748465,7.27,2.04,0.2806052269601101,3.563725490196078,0.21,SB,thick_like,,unmatched,,,
PGC1301865,PGC1301865,PGC_1301865,328.592102,6.497232,4.03,1.48,0.3672456575682382,2.722972972972973,0.11,SC,thick_like,,unmatched,,,
2MASXJ21550694+2143174,2MASXJ215506942143174,,328.778748,21.721491,6.67,1.21,0.1814092953523238,5.5123966942148765,0.09,SB,intermediate,,unmatched,,,
PGC190762,PGC190762,PGC_190762,328.783112,-9.223385,5.52,1.29,0.233695652173913,4.27906976744186,0.13,SB,thick_like,,unmatched,,,
SDSSJ215517.92-004030.0,SDSSJ215517920040300,,328.82431,-0.674732,3.68,0.99,0.2690217391304347,3.7171717171717176,0.05,IR,thick_like,,unmatched,,,
2MASXJ21552683-0656483,2MASXJ215526830656483,,328.861847,-6.946954,4.28,1.44,0.3364485981308411,2.9722222222222223,0.12,SC,thick_like,,unmatched,,,
PGC214792,PGC214792,PGC_214792,329.057739,-1.162051,5.15,1.18,0.2291262135922329,4.364406779661017,0.06,SD,thick_like,,unmatched,,,
UGC11859,UGC11859,UGC_11859,329.530212,1.008698,13.94,5.46,0.3916786226685796,2.553113553113553,0.47,SC,thick_like,,unmatched,,,
PGC1012110,PGC1012110,PGC_1012110,329.661865,-7.84507,5.59,1.73,0.3094812164579607,3.23121387283237,0.27,SB,thick_like,,unmatched,,,
PGC1124612,PGC1124612,PGC_1124612,329.957214,-1.192417,6.19,1.34,0.2164781906300484,4.619402985074627,0.08,SD,thick_like,,unmatched,,,
SDSSJ220004.24-073542.9,SDSSJ220004240735429,,330.0177,-7.595221,6.66,1.41,0.2117117117117117,4.723404255319149,0.06,SD,thick_like,,unmatched,,,
PGC1392729,PGC1392729,PGC_1392729,330.124268,11.380184,3.38,1.64,0.4852071005917159,2.0609756097560976,0.28,SC,thick_like,,unmatched,,,
PGC91724,PGC91724,PGC_91724,330.371979,3.564792,5.87,1.7,0.2896081771720613,3.4529411764705884,0.04,IR,thick_like,,unmatched,,,
PGC91722,PGC91722,PGC_91722,330.540527,8.26833,9.62,1.76,0.1829521829521829,5.465909090909091,0.05,SD,intermediate,,unmatched,,,
UGC11876,UGC11876,UGC_11876,330.621002,2.83379,9.11,1.71,0.1877058177826564,5.327485380116959,0.06,SD,intermediate,,unmatched,,,
PGC992520,PGC992520,PGC_992520,331.025574,-9.319703,5.58,1.51,0.2706093189964157,3.695364238410596,0.07,SB,thick_like,,unmatched,,,
PGC1160132,PGC1160132,PGC_1160132,331.025818,0.218663,3.35,1.1,0.3283582089552239,3.0454545454545454,0.08,SD,thick_like,,unmatched,,,
PGC91726,PGC91726,PGC_91726,331.179688,-2.972603,5.64,1.67,0.2960992907801418,3.377245508982036,0.08,SD,thick_like,,unmatched,,,
PGC191340,PGC191340,PGC_191340,331.36795,-7.456237,5.7,2.25,0.3947368421052631,2.533333333333333,0.39,SA,thick_like,,unmatched,,,
PGC91727,PGC91727,PGC_91727,331.640259,-8.035201,8.39,2.4,0.2860548271752085,3.4958333333333336,0.06,SD,thick_like,,unmatched,,,
NED,NED,,331.69104,-7.688121,3.68,1.0,0.2717391304347826,3.68,0.05,SD,thick_like,,unmatched,,,
2MASXJ22071576+2153064,2MASXJ220715762153064,,331.815735,21.885151,4.73,1.29,0.2727272727272727,3.666666666666667,0.16,SB,thick_like,,unmatched,,,
PGC91730,PGC91730,PGC_91730,332.464447,7.429644,16.86,1.57,0.0931198102016607,10.738853503184712,0.04,SD,thin_like,,unmatched,,,
PGC1634527,PGC1634527,PGC_1634527,332.634125,20.726162,6.83,2.04,0.2986822840409956,3.3480392156862746,0.09,SC,thick_like,,unmatched,,,
PGC91731,PGC91731,PGC_91731,332.744324,22.775028,6.88,1.9,0.2761627906976744,3.621052631578948,0.17,SD,thick_like,,unmatched,,,
PGC214805,PGC214805,PGC_214805,332.840118,11.781703,4.19,0.92,0.2195704057279236,4.554347826086957,0.09,SD,thick_like,,unmatched,,,
PGC1445127,PGC1445127,PGC_1445127,332.899658,13.954094,7.01,2.59,0.369472182596291,2.7065637065637067,0.09,SC,thick_like,,unmatched,,,
PGC87268,PGC87268,PGC_87268,332.910187,15.718379,7.17,1.45,0.202231520223152,4.944827586206896,0.05,SD,thick_like,,unmatched,,,
PGC1175917,PGC1175917,PGC_1175917,333.751587,0.804065,4.67,1.62,0.3468950749464668,2.882716049382716,0.28,SB,thick_like,,unmatched,,,
UGC11964,UGC11964,UGC_11964,333.870941,19.220615,18.99,3.92,0.2064244339125855,4.844387755102041,0.04,SD,thick_like,,unmatched,,,
PGC3091887,PGC3091887,PGC_3091887,333.911652,6.541355,4.42,2.14,0.4841628959276018,2.0654205607476634,0.36,SA,thick_like,,unmatched,,,
PGC1424022,PGC1424022,PGC_1424022,334.00174,13.147812,4.12,1.7,0.4126213592233009,2.423529411764706,0.35,SB,thick_like,,unmatched,,,
PGC1433787,PGC1433787,PGC_1433787,334.241272,13.542964,4.7,2.26,0.4808510638297871,2.0796460176991154,0.24,SC,thick_like,,unmatched,,,
PGC1444799,PGC1444799,PGC_1444799,334.375824,13.942398,5.87,1.3,0.221465076660988,4.515384615384615,0.13,SB,thick_like,,unmatched,,,
SDSSJ221812.74+125006.8,SDSSJ221812741250068,,334.553131,12.83521,4.35,1.06,0.2436781609195402,4.10377358490566,0.06,SD,thick_like,,unmatched,,,
PGC1448927,PGC1448927,PGC_1448927,335.095673,14.088711,7.43,1.51,0.2032301480484522,4.920529801324503,0.12,SB,thick_like,,unmatched,,,
PGC1181410,PGC1181410,PGC_1181410,335.317505,0.997124,4.69,1.48,0.3155650319829424,3.1689189189189197,0.25,SB,thick_like,,unmatched,,,
PGC214822,PGC214822,PGC_214822,335.390594,12.522866,5.13,2.29,0.4463937621832359,2.2401746724890828,0.11,SC,thick_like,,unmatched,,,
SDSSJ222134.54+120154.3,SDSSJ222134541201543,,335.39386,12.031825,4.08,0.79,0.1936274509803921,5.1645569620253164,0.07,SD,intermediate,,unmatched,,,
PGC1678871,PGC1678871,PGC_1678871,335.553833,22.95163,4.43,2.17,0.489841986455982,2.0414746543778803,0.22,SB,thick_like,,unmatched,,,
PGC1682711,PGC1682711,PGC_1682711,335.7146,23.171404,8.53,1.3,0.1524032825322391,6.56153846153846,0.1,SC,intermediate,,unmatched,,,
NED,NED,,335.825592,39.422855,8.13,1.6,0.1968019680196802,5.08125,0.07,SC,intermediate,,unmatched,,,
PGC997487,PGC997487,PGC_997487,335.853668,-8.92319,5.46,1.57,0.2875457875457876,3.4777070063694264,0.21,SB,thick_like,,unmatched,,,
NED,NED,,335.860413,37.359848,5.12,1.38,0.26953125,3.710144927536232,0.1,SD,thick_like,,unmatched,,,
NED,NED,,335.866577,0.277493,7.24,0.43,0.0593922651933701,16.837209302325583,0.05,SD,thin_like,,unmatched,,,
NED,NED,,336.170197,39.953274,2.28,1.87,0.8201754385964913,1.2192513368983957,0.13,SD,thick_like,,unmatched,,,
2MASXJ22244326-0850544,2MASXJ222443260850544,,336.180206,-8.848421,5.96,1.21,0.2030201342281879,4.925619834710744,0.08,SD,thick_like,,unmatched,,,
UGC12031,UGC12031,UGC_12031,336.325714,39.489712,13.53,3.15,0.2328159645232816,4.295238095238095,0.13,SB,thick_like,,unmatched,,,
PGC91739,PGC91739,PGC_91739,336.434296,39.402195,12.55,2.42,0.1928286852589641,5.185950413223141,0.05,IR,intermediate,,unmatched,,,
PGC986931,PGC986931,PGC_986931,336.654388,-9.749098,5.58,2.26,0.4050179211469533,2.4690265486725664,0.32,SA,thick_like,,unmatched,,,
PGC3088472,PGC3088472,PGC_3088472,336.717072,36.796898,7.74,2.78,0.359173126614987,2.784172661870504,0.47,SA,thick_like,,unmatched,,,
PGC1310013,PGC1310013,PGC_1310013,336.852417,6.913803,6.27,1.26,0.200956937799043,4.976190476190475,0.08,SB,thick_like,,unmatched,,,
SDSSJ222724.66+142630.8,SDSSJ222724661426308,,336.852753,14.441924,3.47,0.88,0.2536023054755043,3.9431818181818175,0.08,SC,thick_like,,unmatched,,,
PGC91740,PGC91740,PGC_91740,336.919403,-7.716839,8.91,1.81,0.2031425364758698,4.922651933701657,0.06,SD,thick_like,,unmatched,,,
PGC1448145,PGC1448145,PGC_1448145,337.071136,14.058667,6.0,1.31,0.2183333333333333,4.580152671755725,0.09,SC,thick_like,,unmatched,,,
PGC192399,PGC192399,PGC_192399,337.187988,-8.72768,4.81,1.79,0.3721413721413721,2.6871508379888267,0.1,SC,thick_like,,unmatched,,,
PGC192418,PGC192418,PGC_192418,337.219849,-9.081272,5.35,2.25,0.4205607476635514,2.3777777777777778,0.36,SB,thick_like,,unmatched,,,
PGC192427,PGC192427,PGC_192427,337.228088,-9.6193,5.62,2.2,0.3914590747330961,2.5545454545454542,0.12,SC,thick_like,,unmatched,,,
PGC91741,PGC91741,PGC_91741,337.314453,29.386356,8.43,2.15,0.2550415183867141,3.92093023255814,0.11,SB,thick_like,,unmatched,,,
UGC12054,UGC12054,UGC_12054,337.385193,7.726024,10.53,3.82,0.3627730294396961,2.756544502617801,0.11,SC,thick_like,,unmatched,,,
NED,NED,,337.672974,22.359243,5.16,1.24,0.2403100775193798,4.161290322580645,0.06,SD,thick_like,,unmatched,,,
PGC1138310,PGC1138310,PGC_1138310,337.806091,-0.63986,4.6,1.01,0.2195652173913043,4.554455445544554,0.08,SB,thick_like,,unmatched,,,
PGC989456,PGC989456,PGC_989456,337.905457,-9.561072,3.53,1.65,0.4674220963172804,2.139393939393939,0.09,SC,thick_like,,unmatched,,,
PGC1422014,PGC1422014,PGC_1422014,337.906586,13.061878,4.77,1.17,0.2452830188679245,4.076923076923077,0.07,SD,thick_like,,unmatched,,,
NED,NED,,338.031097,21.332157,5.77,1.2,0.2079722703639514,4.808333333333334,0.06,SD,thick_like,,unmatched,,,
PGC990701,PGC990701,PGC_990701,338.116364,-9.465551,7.56,1.64,0.2169312169312169,4.609756097560975,0.18,SB,thick_like,,unmatched,,,
PGC1181255,PGC1181255,PGC_1181255,338.550995,0.992252,4.1,1.84,0.4487804878048781,2.2282608695652173,0.26,SB,thick_like,,unmatched,,,
SDSSJ223440.37+122207.6,SDSSJ223440371222076,,338.668274,12.368752,4.62,1.07,0.2316017316017316,4.317757009345795,0.08,SD,thick_like,,unmatched,,,
PGC166824,PGC166824,PGC_166824,338.794525,0.846241,4.99,1.12,0.2244488977955911,4.455357142857142,0.08,SB,thick_like,,unmatched,,,
PGC193065,PGC193065,PGC_193065,338.882507,-9.668966,7.34,2.21,0.3010899182561308,3.321266968325792,0.17,SB,thick_like,,unmatched,,,
PGC1423653,PGC1423653,PGC_1423653,338.958771,13.133035,4.92,0.88,0.1788617886178861,5.590909090909091,0.06,SD,intermediate,,unmatched,,,
PGC2052629,PGC2052629,PGC_2052629,338.983978,34.661297,4.82,1.51,0.3132780082987552,3.19205298013245,0.07,SC,thick_like,,unmatched,,,
PGC2070328,PGC2070328,PGC_2070328,339.248322,35.810371,5.32,1.67,0.3139097744360902,3.1856287425149703,0.08,SC,thick_like,,unmatched,,,
PGC1169353,PGC1169353,PGC_1169353,339.292267,0.564996,5.55,1.06,0.190990990990991,5.235849056603773,0.05,SD,intermediate,,unmatched,,,
UGC12112,UGC12112,UGC_12112,339.306122,11.95067,12.36,2.5,0.2022653721682848,4.944,0.1,SB,thick_like,,unmatched,,,
PGC3088708,PGC3088708,PGC_3088708,339.372528,34.750347,6.81,3.4,0.4992657856093979,2.002941176470588,0.47,SA,thick_like,,unmatched,,,
PGC992735,PGC992735,PGC_992735,339.395477,-9.302496,3.79,1.28,0.337730870712401,2.9609375,0.07,SC,thick_like,,unmatched,,,
UGC12123,UGC12123,UGC_12123,339.471313,25.191521,8.85,2.38,0.2689265536723164,3.7184873949579833,0.07,SD,thick_like,,unmatched,,,
PGC1672109,PGC1672109,PGC_1672109,339.494843,22.554461,3.67,1.5,0.4087193460490463,2.4466666666666668,0.13,SC,thick_like,,unmatched,,,
PGC69378,PGC69378,PGC_69378,339.604706,35.366032,6.75,3.99,0.5911111111111111,1.6917293233082706,0.36,SA,thick_like,,unmatched,,,
2MASXJ22390826+1441464,2MASXJ223908261441464,,339.784485,14.696002,4.0,1.08,0.27,3.7037037037037033,0.09,SC,thick_like,,unmatched,,,
PGC1010012,PGC1010012,PGC_1010012,339.817657,-7.984755,4.04,1.03,0.2549504950495049,3.9223300970873782,0.07,SB,thick_like,,unmatched,,,
NED,NED,,339.883362,34.506905,7.5,1.58,0.2106666666666666,4.746835443037974,0.07,SC,thick_like,,unmatched,,,
UGC12133,UGC12133,UGC_12133,339.883575,8.612636,14.06,3.9,0.2773826458036984,3.605128205128205,0.18,SB,thick_like,,unmatched,,,
NED,NED,,339.888702,33.78537,4.21,0.74,0.175771971496437,5.6891891891891895,0.05,SD,intermediate,,unmatched,,,
PGC91747,PGC91747,PGC_91747,339.906525,33.579838,9.55,2.35,0.2460732984293193,4.0638297872340425,0.05,SD,thick_like,,unmatched,,,
SDSSJ223939.90+123114.5,SDSSJ223939901231145,,339.91626,12.520716,5.59,1.12,0.2003577817531306,4.991071428571428,0.07,SD,thick_like,,unmatched,,,
NGC07347,NGC07347,NGC_7347,339.984283,11.027592,12.83,5.16,0.402182385035074,2.486434108527132,0.1,SC,thick_like,,unmatched,,,
PGC1146855,PGC1146855,PGC_1146855,340.138458,-0.298016,5.63,1.15,0.2042628774422735,4.895652173913044,0.17,SB,thick_like,,unmatched,,,
PGC1319383,PGC1319383,PGC_1319383,340.173615,7.336559,5.74,1.79,0.3118466898954704,3.206703910614525,0.11,SC,thick_like,,unmatched,,,
PGC1123197,PGC1123197,PGC_1123197,340.239929,-1.252425,6.8,2.84,0.4176470588235294,2.3943661971830985,0.31,SB,thick_like,,unmatched,,,
PGC1138807,PGC1138807,PGC_1138807,340.486755,-0.621053,4.1,1.84,0.4487804878048781,2.2282608695652173,0.14,SC,thick_like,,unmatched,,,
PGC69571,PGC69571,PGC_69571,340.768463,-3.787393,20.42,2.67,0.1307541625857002,7.647940074906367,0.04,SD,intermediate,,unmatched,,,
PGC91749,PGC91749,PGC_91749,340.811554,8.432858,9.42,1.86,0.197452229299363,5.064516129032258,0.05,SD,intermediate,,unmatched,,,
PGC214863,PGC214863,PGC_214863,341.095459,-0.114349,3.51,1.19,0.339031339031339,2.949579831932773,0.26,SB,thick_like,,unmatched,,,
PGC91751,PGC91751,PGC_91751,341.104645,-5.725445,6.17,2.9,0.4700162074554295,2.127586206896552,0.12,SC,thick_like,,unmatched,,,
PGC1324022,PGC1324022,PGC_1324022,341.133942,7.525336,3.95,1.52,0.3848101265822785,2.598684210526316,0.2,SC,thick_like,,unmatched,,,
PGC1162122,PGC1162122,PGC_1162122,341.143463,0.293644,3.78,1.27,0.335978835978836,2.976377952755905,0.09,SC,thick_like,,unmatched,,,
PGC91752,PGC91752,PGC_91752,341.158508,-4.95992,10.73,2.22,0.2068965517241379,4.833333333333333,0.06,SD,thick_like,,unmatched,,,
PGC993365,PGC993365,PGC_993365,341.174835,-9.251163,3.91,2.03,0.5191815856777493,1.9261083743842369,0.22,SB,thick_like,,unmatched,,,
PGC1413781,PGC1413781,PGC_1413781,341.427612,12.661882,4.79,2.41,0.5031315240083507,1.9875518672199168,0.25,SC,thick_like,,unmatched,,,
PGC1010402,PGC1010402,PGC_1010402,341.814423,-7.956491,7.3,1.42,0.1945205479452054,5.140845070422535,0.16,SB,intermediate,,unmatched,,,
PGC1001338,PGC1001338,PGC_1001338,341.857025,-8.621651,4.07,1.01,0.2481572481572481,4.02970297029703,0.07,SD,thick_like,,unmatched,,,
2MASXJ22472567-0115214,2MASXJ224725670115214,,341.857056,-1.255419,10.12,0.76,0.075098814229249,13.315789473684209,0.04,SD,thin_like,,unmatched,,,
PGC999879,PGC999879,PGC_999879,341.965729,-8.734256,4.41,1.18,0.2675736961451247,3.7372881355932206,0.1,SB,thick_like,,unmatched,,,
PGC91754,PGC91754,PGC_91754,342.000397,12.067614,8.12,2.01,0.2475369458128078,4.039800995024875,0.09,SB,thick_like,,unmatched,,,
PGC91753,PGC91753,PGC_91753,342.009094,1.192963,5.49,1.14,0.2076502732240437,4.815789473684212,0.06,SB,thick_like,,unmatched,,,
UGC12190,UGC12190,UGC_12190,342.026917,28.292683,17.35,3.43,0.1976945244956772,5.058309037900875,0.2,SC,intermediate,,unmatched,,,
NED,NED,,342.242981,5.761426,5.09,0.87,0.1709233791748526,5.850574712643678,0.05,SB,intermediate,,unmatched,,,
PGC1293803,PGC1293803,PGC_1293803,342.461914,6.057236,4.74,0.76,0.160337552742616,6.236842105263158,0.08,SB,intermediate,,unmatched,,,
PGC986750,PGC986750,PGC_986750,342.867859,-9.762478,3.69,1.51,0.4092140921409214,2.443708609271523,0.11,SC,thick_like,,unmatched,,,
NGC07396,NGC07396,NGC_7396,343.094269,1.092583,18.8,22.54,1.198936170212766,0.8340727595385982,0.44,SB,thick_like,,unmatched,,,
PGC1140203,PGC1140203,PGC_1140203,343.165344,-0.566687,3.66,0.83,0.2267759562841529,4.409638554216868,0.06,SD,thick_like,,unmatched,,,
PGC91761,PGC91761,PGC_91761,343.187958,33.397793,7.93,1.88,0.2370744010088272,4.218085106382979,0.08,SD,thick_like,,unmatched,,,
PGC91763,PGC91763,PGC_91763,343.364929,33.651825,9.37,1.94,0.2070437566702241,4.829896907216495,0.1,SD,thick_like,,unmatched,,,
PGC992651,PGC992651,PGC_992651,343.447968,-9.309247,4.12,1.73,0.4199029126213592,2.3815028901734103,0.35,SA,thick_like,,unmatched,,,
PGC993027,PGC993027,PGC_993027,343.456421,-9.278735,4.32,1.17,0.2708333333333333,3.692307692307693,0.07,SC,thick_like,,unmatched,,,
PGC1007026,PGC1007026,PGC_1007026,343.490936,-8.187051,8.15,1.39,0.1705521472392638,5.8633093525179865,0.07,SC,intermediate,,unmatched,,,
PGC981830,PGC981830,PGC_981830,343.61142,-10.144777,7.57,2.33,0.3077939233817701,3.2489270386266096,0.11,SC,thick_like,,unmatched,,,
UGC12249,UGC12249,UGC_12249,343.833771,28.346497,10.62,1.87,0.1760828625235405,5.679144385026738,0.06,SD,intermediate,,unmatched,,,
PGC1185937,PGC1185937,PGC_1185937,343.864166,1.145894,5.83,1.76,0.3018867924528302,3.3125,0.1,SC,thick_like,,unmatched,,,
UGC12253,UGC12253,UGC_12253,344.007599,12.766572,14.24,3.3,0.2317415730337078,4.315151515151515,0.32,SA,thick_like,,unmatched,,,
PGC194508,PGC194508,PGC_194508,344.173798,0.161688,5.13,2.57,0.5009746588693957,1.9961089494163424,0.55,SA,thick_like,,unmatched,,,
PGC91764,PGC91764,PGC_91764,344.182922,1.858188,11.88,2.0,0.1683501683501683,5.94,0.18,SB,intermediate,,unmatched,,,
PGC989821,PGC989821,PGC_989821,344.245392,-9.534147,4.11,0.76,0.1849148418491484,5.407894736842105,0.06,SD,intermediate,,unmatched,,,
PGC1187467,PGC1187467,PGC_1187467,344.33844,1.19698,4.79,1.62,0.3382045929018789,2.95679012345679,0.1,SC,thick_like,,unmatched,,,
NED,NED,,344.36438,1.044202,8.0,0.82,0.1025,9.75609756097561,0.05,SD,intermediate,,unmatched,,,
UGC12264,UGC12264,UGC_12264,344.412933,12.915834,11.93,1.77,0.1483654652137468,6.740112994350282,0.05,SD,intermediate,,unmatched,,,
PGC194576,PGC194576,PGC_194576,344.420197,-9.648737,3.37,1.46,0.4332344213649851,2.308219178082192,0.14,SC,thick_like,,unmatched,,,
PGC1452177,PGC1452177,PGC_1452177,344.447205,14.212008,6.43,1.3,0.2021772939346812,4.9461538461538455,0.06,SD,thick_like,,unmatched,,,
SDSSJ225749.29+141119.2,SDSSJ225749291411192,,344.455414,14.188671,10.49,0.73,0.0695900857959961,14.36986301369863,0.07,SB,thin_like,,unmatched,,,
PGC1759841,PGC1759841,PGC_1759841,344.597534,26.028719,5.32,1.68,0.3157894736842105,3.166666666666667,0.07,SD,thick_like,,unmatched,,,
PGC89518,PGC89518,PGC_89518,344.664062,19.068642,9.52,2.38,0.25,4.0,0.07,SD,thick_like,,unmatched,,,
PGC91767,PGC91767,PGC_91767,344.72821,5.981138,11.01,2.33,0.2116257947320617,4.725321888412017,0.24,SA,thick_like,,unmatched,,,
PGC1767552,PGC1767552,PGC_1767552,344.800201,26.21542,6.12,1.52,0.2483660130718954,4.026315789473684,0.06,SD,thick_like,,unmatched,,,
SDSSJ225913.05+133615.6,SDSSJ225913051336156,,344.802795,13.60635,17.85,5.35,0.299719887955182,3.3364485981308416,0.03,IR,thick_like,,unmatched,,,
PGC91768,PGC91768,PGC_91768,344.806305,26.389454,6.62,1.47,0.2220543806646525,4.503401360544218,0.07,SD,thick_like,,unmatched,,,
UGC12290,UGC12290,UGC_12290,344.906433,24.847757,13.32,3.38,0.2537537537537537,3.940828402366864,0.07,SB,thick_like,,unmatched,,,
PGC999668,PGC999668,PGC_999668,344.971558,-8.751103,3.58,1.45,0.4050279329608938,2.46896551724138,0.32,SB,thick_like,,unmatched,,,
PGC91769,PGC91769,PGC_91769,345.015656,15.019616,3.75,1.69,0.4506666666666666,2.218934911242604,0.11,SC,thick_like,,unmatched,,,
PGC1427926,PGC1427926,PGC_1427926,345.066223,13.313347,4.9,0.99,0.2020408163265306,4.94949494949495,0.13,SB,thick_like,,unmatched,,,
NED,NED,,345.139709,30.873367,5.16,1.35,0.2616279069767442,3.822222222222222,0.06,SD,thick_like,,unmatched,,,
PGC1330521,PGC1330521,PGC_1330521,345.171234,7.774739,3.89,2.22,0.570694087403599,1.752252252252252,0.36,SA,thick_like,,unmatched,,,
PGC1295836,PGC1295836,PGC_1295836,345.175385,6.172121,5.13,1.29,0.2514619883040935,3.976744186046512,0.17,SB,thick_like,,unmatched,,,
PGC1321514,PGC1321514,PGC_1321514,345.17627,7.425991,4.94,3.96,0.8016194331983805,1.2474747474747476,0.22,SA,thick_like,,unmatched,,,
UGC12304,UGC12304,UGC_12304,345.284149,5.654254,18.56,4.11,0.2214439655172414,4.51581508515815,0.05,UN,thick_like,,unmatched,,,
PGC1314784,PGC1314784,PGC_1314784,345.297272,7.142311,3.2,1.3,0.40625,2.4615384615384617,0.36,SB,thick_like,,unmatched,,,
PGC1324008,PGC1324008,PGC_1324008,345.368195,7.524858,4.44,1.51,0.34009009009009,2.940397350993378,0.1,SC,thick_like,,unmatched,,,
2MASXJ23020251+0652155,2MASXJ230202510652155,,345.510437,6.87086,3.71,1.42,0.3827493261455525,2.6126760563380285,0.09,SC,thick_like,,unmatched,,,
UGC12320,UGC12320,UGC_12320,345.517029,30.764406,13.89,2.35,0.1691864650827933,5.910638297872341,0.06,SD,intermediate,,unmatched,,,
PGC3091892,PGC3091892,PGC_3091892,345.542053,6.837778,3.4,1.64,0.4823529411764706,2.073170731707317,0.42,SA,thick_like,,unmatched,,,
PGC1459098,PGC1459098,PGC_1459098,345.54892,14.474539,3.81,2.05,0.5380577427821521,1.8585365853658535,0.2,SB,thick_like,,unmatched,,,
NED,NED,,345.604584,13.815735,4.7,0.63,0.1340425531914893,7.46031746031746,0.06,SD,intermediate,,unmatched,,,
PGC91772,PGC91772,PGC_91772,345.615784,11.6351,10.11,1.35,0.1335311572700296,7.488888888888888,0.05,SD,intermediate,,unmatched,,,
SDSSJ230253.66-095124.9,SDSSJ230253660951249,,345.723572,-9.85694,4.09,0.91,0.2224938875305623,4.494505494505495,0.1,SB,thick_like,,unmatched,,,
UGC12324,UGC12324,UGC_12324,345.735657,8.579967,18.02,2.66,0.1476137624861265,6.774436090225564,0.27,SB,intermediate,,unmatched,,,
PGC1667599,PGC1667599,PGC_1667599,345.959442,22.313614,5.64,2.52,0.4468085106382979,2.238095238095238,0.2,SB,thick_like,,unmatched,,,
SDSSJ230353.32+001610.1,SDSSJ230353320016101,,345.972229,0.269557,4.62,1.68,0.3636363636363636,2.75,0.08,SC,thick_like,,unmatched,,,
PGC91775,PGC91775,PGC_91775,345.99884,-8.795609,14.63,2.32,0.1585782638414217,6.306034482758622,0.04,SD,intermediate,,unmatched,,,
2MASXJ23043802+2425254,2MASXJ230438022425254,,346.158386,24.423754,5.33,1.77,0.3320825515947467,3.0112994350282487,0.12,SC,thick_like,,unmatched,,,
PGC1176113,PGC1176113,PGC_1176113,346.27887,0.811904,4.19,1.89,0.4510739856801908,2.216931216931217,0.29,SB,thick_like,,unmatched,,,
NGC07480,NGC07480,NGC_7480,346.306793,2.549438,11.82,5.55,0.4695431472081218,2.1297297297297297,0.35,SA,thick_like,,unmatched,,,
PGC1304359,PGC1304359,PGC_1304359,346.533691,6.623524,3.86,0.96,0.2487046632124352,4.020833333333333,0.07,SD,thick_like,,unmatched,,,
NED,NED,,346.593964,-0.822004,6.66,0.88,0.1321321321321321,7.568181818181818,0.05,SD,intermediate,,unmatched,,,
PGC1654844,PGC1654844,PGC_1654844,346.604675,21.674543,4.42,1.78,0.4027149321266968,2.4831460674157304,0.11,SC,thick_like,,unmatched,,,
PGC91778,PGC91778,PGC_91778,346.652618,6.113567,8.36,2.22,0.2655502392344498,3.765765765765765,0.06,SD,thick_like,,unmatched,,,
PGC91780,PGC91780,PGC_91780,346.684509,18.233904,7.09,1.84,0.2595204513399154,3.853260869565217,0.08,SD,thick_like,,unmatched,,,
PGC1163693,PGC1163693,PGC_1163693,346.764374,0.349659,5.24,1.07,0.2041984732824427,4.897196261682243,0.08,SC,thick_like,,unmatched,,,
PGC91782,PGC91782,PGC_91782,346.877106,-6.326889,5.58,1.89,0.3387096774193548,2.952380952380953,0.27,SB,thick_like,,unmatched,,,
UGC12382,UGC12382,UGC_12382,346.97934,5.161137,6.8,2.42,0.3558823529411765,2.809917355371901,0.19,SC,thick_like,,unmatched,,,
PGC985457,PGC985457,PGC_985457,347.062836,-9.864979,4.42,0.95,0.2149321266968325,4.652631578947369,0.11,SC,thick_like,,unmatched,,,
2MASXJ23082901-0826422,2MASXJ230829010826422,,347.121002,-8.444931,7.24,1.78,0.2458563535911602,4.067415730337078,0.06,SB,thick_like,,unmatched,,,
SDSSJ230831.61+010513.5,SDSSJ230831610105135,,347.131714,1.087095,3.83,0.77,0.2010443864229765,4.974025974025974,0.07,SB,thick_like,,unmatched,,,
PGC70557,PGC70557,PGC_70557,347.133545,13.20973,7.69,2.52,0.3276983094928478,3.051587301587302,0.13,SD,thick_like,,unmatched,,,
PGC1336181,PGC1336181,PGC_1336181,347.223419,7.990088,3.37,1.62,0.4807121661721068,2.080246913580247,0.14,SC,thick_like,,unmatched,,,
PGC1129823,PGC1129823,PGC_1129823,347.310364,-0.982392,4.12,1.17,0.2839805825242718,3.5213675213675217,0.08,SD,thick_like,,unmatched,,,
PGC1657890,PGC1657890,PGC_1657890,347.315308,21.816971,4.98,1.41,0.2831325301204819,3.5319148936170217,0.07,SD,thick_like,,unmatched,,,
PGC1337285,PGC1337285,PGC_1337285,347.337158,8.034076,6.5,1.89,0.2907692307692308,3.4391534391534395,0.37,SB,thick_like,,unmatched,,,
PGC3323961,PGC3323961,PGC_3323961,347.528046,-9.664911,10.16,2.24,0.2204724409448819,4.535714285714286,0.26,SA,thick_like,,unmatched,,,
PGC1305351,PGC1305351,PGC_1305351,347.808655,6.67436,5.43,1.61,0.2965009208103131,3.372670807453416,0.43,SA,thick_like,,unmatched,,,
PGC974160,PGC974160,PGC_974160,347.880371,-10.754975,7.01,2.42,0.3452211126961483,2.896694214876033,0.1,SC,thick_like,,unmatched,,,
UGC12410,UGC12410,UGC_12410,347.959747,31.021038,15.88,2.72,0.1712846347607053,5.838235294117647,0.17,SB,intermediate,,unmatched,,,
PGC91783,PGC91783,PGC_91783,348.005981,-0.39689,8.56,1.39,0.1623831775700934,6.158273381294965,0.04,SD,intermediate,,unmatched,,,
PGC1308804,PGC1308804,PGC_1308804,348.014404,6.854636,3.84,1.56,0.40625,2.461538461538461,0.14,SC,thick_like,,unmatched,,,
PGC91784,PGC91784,PGC_91784,348.262451,-1.242723,9.8,1.7,0.173469387755102,5.764705882352942,0.05,SD,intermediate,,unmatched,,,
NED,NED,,348.366882,21.661686,6.37,1.1,0.1726844583987441,5.79090909090909,0.04,SD,intermediate,,unmatched,,,
NED,NED,,348.385468,6.566879,13.47,3.58,0.2657757980697847,3.7625698324022343,0.06,SD,thick_like,,unmatched,,,
PGC1441247,PGC1441247,PGC_1441247,348.421326,13.812536,4.38,1.34,0.3059360730593607,3.2686567164179103,0.19,SB,thick_like,,unmatched,,,
PGC91785,PGC91785,PGC_91785,348.459808,22.16065,11.29,1.21,0.1071744906997342,9.330578512396691,0.1,SB,intermediate,,unmatched,,,
PGC1317879,PGC1317879,PGC_1317879,348.49292,7.275319,4.95,2.46,0.4969696969696969,2.0121951219512195,0.1,SC,thick_like,,unmatched,,,
SDSSJ231453.12+133448.1,SDSSJ231453121334481,,348.721375,13.580022,4.65,0.81,0.1741935483870967,5.7407407407407405,0.04,SD,intermediate,,unmatched,,,
UGC12452,UGC12452,UGC_12452,348.761353,1.435607,14.18,3.21,0.2263751763046544,4.417445482866044,0.14,SA,thick_like,,unmatched,,,
UGC12458,UGC12458,UGC_12458,348.787048,30.946665,9.95,1.95,0.1959798994974874,5.102564102564102,0.16,SB,intermediate,,unmatched,,,
NED,NED,,348.980469,7.231433,5.16,0.65,0.125968992248062,7.938461538461539,0.06,SD,intermediate,,unmatched,,,
PGC195282,PGC195282,PGC_195282,349.008026,-1.014067,4.87,1.87,0.3839835728952772,2.60427807486631,0.29,SA,thick_like,,unmatched,,,
PGC1151397,PGC1151397,PGC_1151397,349.018097,-0.122543,5.92,0.75,0.1266891891891892,7.893333333333333,0.04,SD,intermediate,,unmatched,,,
PGC91788,PGC91788,PGC_91788,349.041992,26.009975,5.45,0.97,0.1779816513761467,5.618556701030928,0.05,SD,intermediate,,unmatched,,,
NED,NED,,349.061584,16.637819,6.71,0.86,0.1281669150521609,7.802325581395348,0.04,SD,intermediate,,unmatched,,,
PGC1635563,PGC1635563,PGC_1635563,349.13092,20.771378,4.12,1.52,0.3689320388349514,2.710526315789474,0.19,SC,thick_like,,unmatched,,,
NGC07572,NGC07572,NGC_7572,349.209869,18.48307,10.41,7.39,0.7098943323727185,1.408660351826793,0.53,SB,thick_like,,unmatched,,,
PGC91790,PGC91790,PGC_91790,349.434082,7.488446,6.49,2.27,0.349768875192604,2.859030837004405,0.07,IR,thick_like,,unmatched,,,
PGC91791,PGC91791,PGC_91791,349.447662,28.673925,9.04,1.5,0.165929203539823,6.026666666666666,0.07,SD,intermediate,,unmatched,,,
2MASXJ23180429-0001520,2MASXJ231804290001520,,349.517822,-0.031005,4.69,1.28,0.2729211087420042,3.6640625,0.09,SC,thick_like,,unmatched,,,
UGC12489,UGC12489,UGC_12489,349.680237,22.874172,11.43,3.08,0.2694663167104112,3.7110389610389607,0.08,SB,thick_like,,unmatched,,,
PGC91789,PGC91789,PGC_91789,349.694641,7.417852,7.24,2.53,0.3494475138121546,2.861660079051384,0.11,SC,thick_like,,unmatched,,,
PGC91793,PGC91793,PGC_91793,349.707611,19.182251,4.94,1.68,0.3400809716599189,2.9404761904761907,0.08,SD,thick_like,,unmatched,,,
SDSSJ231853.20-005631.4,SDSSJ231853200056314,,349.721649,-0.942079,5.77,0.68,0.1178509532062391,8.485294117647058,0.06,SD,intermediate,,unmatched,,,
PGC979580,PGC979580,PGC_979580,349.725281,-10.328408,8.3,2.48,0.2987951807228915,3.3467741935483875,0.34,SB,thick_like,,unmatched,,,
PGC1503349,PGC1503349,PGC_1503349,349.897522,16.208237,3.72,1.68,0.4516129032258064,2.2142857142857144,0.25,SB,thick_like,,unmatched,,,
PGC93029,PGC93029,PGC_93029,349.959839,1.069615,6.11,2.38,0.3895253682487725,2.5672268907563027,0.1,SC,thick_like,,unmatched,,,
UGC12533,UGC12533,UGC_12533,350.219818,23.807413,16.17,2.32,0.1434755720470006,6.969827586206898,0.1,SC,intermediate,,unmatched,,,
PGC1464674,PGC1464674,PGC_1464674,350.412018,14.694084,4.0,2.31,0.5775,1.7316017316017316,0.17,SC,thick_like,,unmatched,,,
PGC91798,PGC91798,PGC_91798,350.885803,8.623795,7.85,1.71,0.2178343949044586,4.590643274853801,0.06,SD,thick_like,,unmatched,,,
2MASXJ23234234+1725013,2MASXJ232342341725013,,350.926422,17.416956,5.14,1.71,0.3326848249027238,3.005847953216374,0.36,SA,thick_like,,unmatched,,,
PGC1461387,PGC1461387,PGC_1461387,350.95108,14.5671,3.59,1.62,0.4512534818941505,2.216049382716049,0.14,SC,thick_like,,unmatched,,,
PGC91799,PGC91799,PGC_91799,350.978668,9.813004,9.74,2.02,0.2073921971252566,4.821782178217822,0.05,SD,thick_like,,unmatched,,,
NED,NED,,351.005829,20.686813,16.55,2.89,0.1746223564954682,5.726643598615917,0.19,SB,intermediate,,unmatched,,,
NED,NED,,351.109894,13.806656,4.65,0.71,0.1526881720430107,6.549295774647888,0.05,SD,intermediate,,unmatched,,,
PGC979190,PGC979190,PGC_979190,351.199554,-10.360514,4.0,1.5,0.375,2.6666666666666665,0.21,SB,thick_like,,unmatched,,,
PGC1426915,PGC1426915,PGC_1426915,351.245941,13.273737,4.6,0.98,0.2130434782608695,4.693877551020408,0.08,SC,thick_like,,unmatched,,,
UGC12590,UGC12590,UGC_12590,351.297302,15.199887,6.86,2.95,0.4300291545189504,2.325423728813559,0.41,SA,thick_like,,unmatched,,,
SDSSJ232524.35-002109.8,SDSSJ232524350021098,,351.35144,-0.352653,4.72,0.68,0.1440677966101695,6.941176470588235,0.04,SD,intermediate,,unmatched,,,
PGC1482823,PGC1482823,PGC_1482823,351.382172,15.369903,3.78,1.24,0.3280423280423281,3.048387096774193,0.07,SC,thick_like,,unmatched,,,
PGC2800840,PGC2800840,PGC_2800840,351.410614,15.354415,7.7,2.28,0.2961038961038961,3.377192982456141,0.24,SB,thick_like,,unmatched,,,
NGC07659,NGC07659,NGC_7659,351.482025,14.209832,10.52,8.76,0.8326996197718631,1.2009132420091324,0.56,SA,thick_like,,unmatched,,,
PGC1000103,PGC1000103,PGC_1000103,351.633514,-8.716777,4.47,1.44,0.3221476510067114,3.1041666666666665,0.09,SC,thick_like,,unmatched,,,
PGC1408238,PGC1408238,PGC_1408238,351.714233,12.365741,4.09,1.16,0.2836185819070904,3.5258620689655173,0.12,SC,thick_like,,unmatched,,,
PGC1472450,PGC1472450,PGC_1472450,351.725281,14.993543,3.76,1.52,0.4042553191489362,2.4736842105263155,0.26,SB,thick_like,,unmatched,,,
PGC1133679,PGC1133679,PGC_1133679,351.826538,-0.828773,6.5,1.31,0.2015384615384615,4.961832061068702,0.07,SC,thick_like,,unmatched,,,
NED,NED,,352.036774,7.713326,4.84,1.03,0.2128099173553719,4.699029126213592,0.07,SB,thick_like,,unmatched,,,
PGC991842,PGC991842,PGC_991842,352.113251,-9.375029,4.84,2.31,0.4772727272727273,2.095238095238096,0.22,SB,thick_like,,unmatched,,,
PGC91804,PGC91804,PGC_91804,352.188782,24.746035,9.28,1.51,0.1627155172413793,6.14569536423841,0.08,SB,intermediate,,unmatched,,,
2MASXJ23290953+1343030,2MASXJ232909531343030,,352.289703,13.717258,3.94,1.03,0.2614213197969543,3.8252427184466016,0.1,SC,thick_like,,unmatched,,,
NED,NED,,352.742462,6.941227,4.8,1.73,0.3604166666666666,2.7745664739884397,0.16,SC,thick_like,,unmatched,,,
PGC1443145,PGC1443145,PGC_1443145,352.802338,13.882433,5.45,1.22,0.2238532110091743,4.467213114754099,0.1,SC,thick_like,,unmatched,,,
PGC91805,PGC91805,PGC_91805,352.971558,-0.826498,6.01,1.71,0.2845257903494176,3.514619883040936,0.06,SD,thick_like,,unmatched,,,
PGC91806,PGC91806,PGC_91806,353.019867,-2.378581,12.92,2.33,0.1803405572755418,5.545064377682404,0.12,SB,intermediate,,unmatched,,,
PGC91807,PGC91807,PGC_91807,353.071472,-0.797738,5.75,1.57,0.2730434782608695,3.662420382165605,0.05,SD,thick_like,,unmatched,,,
NED,NED,,353.144012,50.107944,5.38,0.8,0.1486988847583643,6.725,0.05,SD,intermediate,,unmatched,,,
PGC91808,PGC91808,PGC_91808,353.21463,22.935146,9.37,2.2,0.2347918890074707,4.259090909090909,0.1,SB,thick_like,,unmatched,,,
PGC91809,PGC91809,PGC_91809,353.302216,28.745714,10.07,1.75,0.1737835153922542,5.754285714285714,0.04,SD,intermediate,,unmatched,,,
NED,NED,,353.351837,51.477715,5.95,0.89,0.1495798319327731,6.685393258426966,0.05,SD,intermediate,,unmatched,,,
PGC91810,PGC91810,PGC_91810,353.370331,-2.189587,7.21,1.63,0.2260748959778085,4.423312883435584,0.05,SD,thick_like,,unmatched,,,
PGC1164057,PGC1164057,PGC_1164057,353.512665,0.365297,4.52,2.07,0.4579646017699115,2.183574879227053,0.44,SA,thick_like,,unmatched,,,
PGC982798,PGC982798,PGC_982798,353.700073,-10.067557,5.11,0.85,0.1663405088062622,6.011764705882354,0.04,SD,intermediate,,unmatched,,,
SDSSJ233536.54-005833.6,SDSSJ233536540058336,,353.902252,-0.976026,4.03,0.53,0.1315136476426799,7.60377358490566,0.06,SD,intermediate,,unmatched,,,
NGC07710,NGC07710,NGC_7710,353.942322,-2.880935,7.68,6.44,0.8385416666666667,1.1925465838509317,0.52,SB,thick_like,,unmatched,,,
SDSSJ233546.22-085029.3,SDSSJ233546220850293,,353.942596,-8.841489,6.52,1.13,0.1733128834355828,5.769911504424779,0.07,SB,intermediate,,unmatched,,,
NED,NED,,354.408905,10.009996,3.96,1.3,0.3282828282828283,3.046153846153846,0.08,SC,thick_like,,unmatched,,,
PGC91811,PGC91811,PGC_91811,354.528992,32.356972,8.44,1.93,0.2286729857819905,4.373056994818652,0.07,SD,thick_like,,unmatched,,,
PGC214970,PGC214970,PGC_214970,354.608185,15.940875,6.45,1.55,0.2403100775193798,4.161290322580645,0.07,SC,thick_like,,unmatched,,,
PGC1491139,PGC1491139,PGC_1491139,354.806793,15.696987,6.98,1.05,0.1504297994269341,6.647619047619048,0.06,SD,intermediate,,unmatched,,,
UGC12723,UGC12723,UGC_12723,354.850037,10.85005,8.2,2.9,0.3536585365853659,2.827586206896552,0.06,SD,thick_like,,unmatched,,,
PGC997142,PGC997142,PGC_997142,354.865112,-8.951251,6.18,1.04,0.1682847896440129,5.942307692307692,0.07,SD,intermediate,,unmatched,,,
PGC1369657,PGC1369657,PGC_1369657,354.920654,9.759106,5.27,1.52,0.2884250474383302,3.4671052631578942,0.14,SB,thick_like,,unmatched,,,
NED,NED,,354.924561,5.035567,3.95,1.56,0.3949367088607595,2.532051282051282,0.06,SC,thick_like,,unmatched,,,
PGC1342733,PGC1342733,PGC_1342733,354.931396,8.248493,4.59,1.49,0.3246187363834423,3.0805369127516777,0.16,SB,thick_like,,unmatched,,,
PGC1366433,PGC1366433,PGC_1366433,354.955048,9.531242,7.8,2.2,0.2820512820512821,3.545454545454545,0.36,SB,thick_like,,unmatched,,,
PGC2281226,PGC2281226,PGC_2281226,354.988983,46.438885,4.75,1.39,0.2926315789473684,3.41726618705036,0.08,SC,thick_like,,unmatched,,,
PGC2799407,PGC2799407,PGC_2799407,355.09967,0.089729,4.85,1.02,0.2103092783505155,4.754901960784314,0.09,SB,thick_like,,unmatched,,,
NED,NED,,355.127625,5.09643,4.32,1.07,0.2476851851851851,4.037383177570094,0.05,SB,thick_like,,unmatched,,,
UGC12731,UGC12731,UGC_12731,355.161652,20.441101,12.3,4.07,0.3308943089430894,3.022113022113022,0.14,IR,thick_like,,unmatched,,,
PGC1461899,PGC1461899,PGC_1461899,355.213837,14.588557,4.75,0.98,0.2063157894736842,4.846938775510204,0.09,SD,thick_like,,unmatched,,,
PGC982448,PGC982448,PGC_982448,355.365326,-10.09469,5.3,1.18,0.2226415094339622,4.491525423728814,0.15,SB,thick_like,,unmatched,,,
SDSSJ234252.05+145336.9,SDSSJ234252051453369,,355.716888,14.893591,4.57,0.9,0.1969365426695842,5.077777777777778,0.06,SD,intermediate,,unmatched,,,
PGC91815,PGC91815,PGC_91815,355.761841,-4.524994,7.45,2.24,0.3006711409395973,3.3258928571428568,0.05,SC,thick_like,,unmatched,,,
PGC91816,PGC91816,PGC_91816,355.765259,2.889781,7.46,1.14,0.1528150134048257,6.543859649122807,0.19,SB,intermediate,,unmatched,,,
NED,NED,,356.168121,5.25736,7.89,1.8,0.2281368821292775,4.383333333333333,0.05,SD,thick_like,,unmatched,,,
PGC91821,PGC91821,PGC_91821,356.284668,22.670832,7.27,2.8,0.3851444291609353,2.5964285714285715,0.23,SB,thick_like,,unmatched,,,
PGC1150766,PGC1150766,PGC_1150766,356.328949,-0.147063,3.92,1.68,0.4285714285714285,2.333333333333333,0.39,SB,thick_like,,unmatched,,,
2MASXJ23464554+0559535,2MASXJ234645540559535,,356.689789,5.998092,4.02,1.27,0.3159203980099503,3.165354330708661,0.09,SD,thick_like,,unmatched,,,
SDSSJ234701.64+151211.7,SDSSJ234701641512117,,356.756866,15.203252,4.9,0.83,0.1693877551020408,5.903614457831326,0.06,SB,intermediate,,unmatched,,,
PGC1346464,PGC1346464,PGC_1346464,356.786377,8.420484,5.25,0.93,0.1771428571428571,5.64516129032258,0.21,SB,intermediate,,unmatched,,,
2MASXJ23473651+4008299,2MASXJ234736514008299,,356.902069,40.141811,5.67,0.87,0.1534391534391534,6.517241379310345,0.08,SB,intermediate,,unmatched,,,
IC05359,IC05359,IC_5359,356.907593,-2.316949,13.96,2.75,0.1969914040114613,5.076363636363637,0.09,SD,intermediate,,unmatched,,,
PGC91822,PGC91822,PGC_91822,356.986938,28.131428,13.22,2.27,0.1717095310136157,5.823788546255507,0.06,SD,intermediate,,unmatched,,,
PGC996950,PGC996950,PGC_996950,357.13031,-8.966912,3.51,0.98,0.2792022792022792,3.581632653061224,0.1,SC,thick_like,,unmatched,,,
PGC91825,PGC91825,PGC_91825,357.256653,27.949675,7.33,2.09,0.2851296043656207,3.507177033492823,0.14,SB,thick_like,,unmatched,,,
2MASXJ23491193+0612586,2MASXJ234911930612586,,357.299683,6.216249,5.24,1.83,0.349236641221374,2.863387978142077,0.38,SA,thick_like,,unmatched,,,
NED,NED,,357.373413,8.048023,4.61,0.96,0.2082429501084598,4.802083333333334,0.06,SD,thick_like,,unmatched,,,
PGC91827,PGC91827,PGC_91827,357.500305,-7.083987,5.99,1.56,0.2604340567612688,3.83974358974359,0.07,SD,thick_like,,unmatched,,,
PGC995641,PGC995641,PGC_995641,357.531799,-9.066481,6.04,0.96,0.1589403973509933,6.291666666666667,0.04,SD,intermediate,,unmatched,,,
UGC12802,UGC12802,UGC_12802,357.659546,14.481033,12.25,2.18,0.1779591836734694,5.619266055045872,0.04,SD,intermediate,,unmatched,,,
PGC1449872,PGC1449872,PGC_1449872,357.664154,14.124369,5.2,1.43,0.2749999999999999,3.6363636363636367,0.12,SC,thick_like,,unmatched,,,
UGC12807,UGC12807,UGC_12807,357.750092,35.782124,10.96,1.87,0.1706204379562043,5.86096256684492,0.05,SD,intermediate,,unmatched,,,
PGC1485016,PGC1485016,PGC_1485016,357.756805,15.453092,3.94,1.51,0.383248730964467,2.609271523178808,0.39,SA,thick_like,,unmatched,,,
PGC1761655,PGC1761655,PGC_1761655,357.782074,26.075409,5.63,1.3,0.2309058614564831,4.330769230769231,0.07,SD,thick_like,,unmatched,,,
PGC91828,PGC91828,PGC_91828,357.865173,-3.857841,6.03,1.35,0.2238805970149253,4.466666666666667,0.08,SD,thick_like,,unmatched,,,
2MASXJ23513647+0648286,2MASXJ235136470648286,,357.901978,6.808036,6.58,2.08,0.3161094224924012,3.1634615384615383,0.39,SA,thick_like,,unmatched,,,
PGC72653,PGC72653,PGC_72653,357.949982,6.000837,5.68,1.12,0.1971830985915493,5.07142857142857,0.08,SD,intermediate,,unmatched,,,
NED,NED,,358.090271,7.974848,17.27,2.82,0.163288940359004,6.124113475177305,0.05,SD,intermediate,,unmatched,,,
PGC1728419,PGC1728419,PGC_1728419,358.257782,25.195974,4.25,2.04,0.48,2.083333333333333,0.1,SC,thick_like,,unmatched,,,
UGC12828,UGC12828,UGC_12828,358.31543,19.39167,13.99,3.12,0.2230164403145103,4.483974358974359,0.06,IR,thick_like,,unmatched,,,
PGC1197389,PGC1197389,PGC_1197389,358.341248,1.519942,6.8,1.56,0.2294117647058823,4.358974358974359,0.07,SC,thick_like,,unmatched,,,
PGC91831,PGC91831,PGC_91831,358.39035,2.250264,10.72,1.54,0.1436567164179104,6.961038961038962,0.06,SB,intermediate,,unmatched,,,
PGC988199,PGC988199,PGC_988199,358.441223,-9.655501,5.12,1.04,0.203125,4.923076923076923,0.13,SB,thick_like,,unmatched,,,
PGC1315454,PGC1315454,PGC_1315454,358.570251,7.172973,5.31,0.84,0.1581920903954802,6.321428571428571,0.07,SD,intermediate,,unmatched,,,
PGC1087721,PGC1087721,PGC_1087721,358.673279,-2.593999,5.5,1.87,0.34,2.941176470588235,0.11,SC,thick_like,,unmatched,,,
PGC91834,PGC91834,PGC_91834,358.71814,-3.764265,6.18,2.0,0.3236245954692557,3.09,0.08,SD,thick_like,,unmatched,,,
PGC91835,PGC91835,PGC_91835,358.724304,34.681919,7.8,1.69,0.2166666666666666,4.615384615384616,0.07,SD,thick_like,,unmatched,,,
PGC1199894,PGC1199894,PGC_1199894,358.732147,1.601222,4.22,1.64,0.3886255924170616,2.573170731707317,0.11,SC,thick_like,,unmatched,,,
PGC1082248,PGC1082248,PGC_1082248,358.790649,-2.813359,5.14,1.39,0.2704280155642023,3.697841726618705,0.08,SC,thick_like,,unmatched,,,
PGC2021136,PGC2021136,PGC_2021136,358.844147,33.028233,4.44,1.75,0.3941441441441441,2.5371428571428574,0.12,SC,thick_like,,unmatched,,,
PGC1842833,PGC1842833,PGC_1842833,359.041626,28.681004,4.66,1.12,0.240343347639485,4.160714285714286,0.11,SC,thick_like,,unmatched,,,
PGC197387,PGC197387,PGC_197387,359.126801,-3.101967,5.76,2.21,0.3836805555555556,2.60633484162896,0.17,SC,thick_like,,unmatched,,,
NED,NED,,359.155457,33.667183,9.66,0.5,0.05175983436853,19.32,0.06,SD,thin_like,,unmatched,,,
PGC2102375,PGC2102375,PGC_2102375,359.158081,37.505161,4.72,1.25,0.2648305084745763,3.776,0.11,SC,thick_like,,unmatched,,,
PGC197452,PGC197452,PGC_197452,359.216919,-8.87464,7.05,2.32,0.3290780141843971,3.038793103448276,0.26,SB,thick_like,,unmatched,,,
NED,NED,,359.257202,-10.150643,4.22,0.91,0.2156398104265403,4.637362637362637,0.07,SD,thick_like,,unmatched,,,
NED,NED,,359.29718,29.705811,4.38,1.3,0.2968036529680365,3.3692307692307693,0.08,SC,thick_like,,unmatched,,,
SDSSJ235726.00+143324.3,SDSSJ235726001433243,,359.358368,14.556754,3.46,1.19,0.3439306358381502,2.907563025210084,0.08,SC,thick_like,,unmatched,,,
PGC1329426,PGC1329426,PGC_1329426,359.387299,7.732745,6.98,1.95,0.2793696275071633,3.57948717948718,0.12,SC,thick_like,,unmatched,,,
PGC91839,PGC91839,PGC_91839,359.430695,-3.595199,12.09,1.98,0.1637717121588089,6.106060606060606,0.06,SD,intermediate,,unmatched,,,
PGC3101017,PGC3101017,PGC_3101017,359.460144,-9.7182,6.21,2.18,0.3510466988727858,2.848623853211009,0.1,SC,thick_like,,unmatched,,,
