data/raw/Our galaxy Halo Stellar Kinematics/galstreams/source_snapshot/galstreams-main/galstreams/tracks/track.st.Orphan-Chenab.koposov2019.ecsv
# %ECSV 1.0
# ---
# datatype:
# - {name: ra, unit: deg, datatype: float64}
# - {name: dec, unit: deg, datatype: float64}
# - {name: distance, unit: kpc, datatype: float64}
# - {name: pm_ra_cosdec, unit: mas / yr, datatype: float64}
# - {name: pm_dec, unit: mas / yr, datatype: float64}
# - {name: radial_velocity, unit: km / s, datatype: float64}
# delimiter: ','
# meta: !!omap
# - __serialized_columns__:
#     dec:
#       __class__: astropy.coordinates.angles.Latitude
#       unit: &id001 !astropy.units.Unit {unit: deg}
#       value: !astropy.table.SerializedColumn {name: dec}
#     distance:
#       __class__: astropy.coordinates.distances.Distance
#       unit: !astropy.units.Unit {unit: kpc}
#       value: !astropy.table.SerializedColumn {name: distance}
#     pm_dec:
#       __class__: astropy.units.quantity.Quantity
#       unit: !astropy.units.Unit {unit: mas / yr}
#       value: !astropy.table.SerializedColumn {name: pm_dec}
#     pm_ra_cosdec:
#       __class__: astropy.units.quantity.Quantity
#       unit: !astropy.units.Unit {unit: mas / yr}
#       value: !astropy.table.SerializedColumn {name: pm_ra_cosdec}
#     ra:
#       __class__: astropy.coordinates.angles.Longitude
#       unit: *id001
#       value: !astropy.table.SerializedColumn {name: ra}
#       wrap_angle: !astropy.coordinates.Angle
#         unit: *id001
#         value: 360.0
#     radial_velocity:
#       __class__: astropy.units.quantity.Quantity
#       unit: !astropy.units.Unit {unit: km / s}
#       value: !astropy.table.SerializedColumn {name: radial_velocity}
# schema: astropy-2.0
ra,dec,distance,pm_ra_cosdec,pm_dec,radial_velocity
[from data line 16003]
163.47823121624734,-6.305608003735924,18.220269617496964,-1.8142201819196004,0.9326644618509725,236.2072688418079
163.47430288195807,-6.296277038544145,18.221790567356425,-1.8138797414692776,0.9318576813930238,236.21582961618353
163.47037468613794,-6.28694604560566,18.223311517215887,-1.8135393276607328,0.931050867068587,236.22439039055917
163.46644662852992,-6.27761502499026,18.22483246707535,-1.8131989404543538,0.930244018896008,236.2329511649348
163.46251870887684,-6.268283976767583,18.226353416934813,-1.8128585798105288,0.9294371368936193,236.24151193931044
163.45859092692172,-6.258952901007409,18.227874366794275,-1.812518245689651,0.9286302210797541,236.25007271368605
163.4546632824075,-6.249621797779365,18.22939531665374,-1.812177938052115,0.9278232714727335,236.2586334880617
163.45073577507725,-6.240290667153205,18.2309162665132,-1.8118376568583234,0.9270162880908763,236.26719426243722
163.4468084046739,-6.230959509198544,18.23243721637266,-1.8114974020686736,0.926209270952489,236.27575503681285
163.44288117094064,-6.221628323985131,18.233958166232124,-1.8111571736435756,0.9254022200758799,236.2843158111885
163.4389540736205,-6.212297111582555,18.23547911609159,-1.8108169715434346,0.9245951354793407,236.29287658556416
163.43502711245662,-6.202965872060549,18.237000065951044,-1.8104767957286647,0.9237880171811668,236.30143735993977
163.43110028719215,-6.193634605488713,18.23852101581051,-1.8101366461596786,0.922980865199638,236.30999813431538
163.42717359757032,-6.184303311936723,18.240041965669974,-1.8097965227968964,0.922173679553033,236.31855890869093
163.4232470433343,-6.174971991474215,18.241562915529435,-1.8094564256007375,0.9213664602596253,236.32711968306663
163.41932062422737,-6.165640644170821,18.243083865388897,-1.8091163545316284,0.9205592073376758,236.33568045744224
163.41539433999276,-6.156309270096163,18.24460481524836,-1.808776309549995,0.9197519208054459,236.34424123181782
163.41146819037382,-6.1469778693198585,18.24612576510782,-1.8084362906162685,0.9189446006811832,236.35280200619343
163.40754217511386,-6.137646441911526,18.24764671496728,-1.8080962976908816,0.9181372469831359,236.36136278056904
163.40361629395628,-6.128314987940749,18.249167664826746,-1.8077563307342726,0.9173298597295388,236.36992355494473
163.39969054664442,-6.1189835074771635,18.25068861468621,-1.8074163897068818,0.9165224389386288,236.37848432932026
163.39576493292168,-6.109652000590317,18.25220956454567,-1.8070764745691492,0.9157149846286275,236.38704510369598
163.3918394525316,-6.100320467349829,18.25373051440513,-1.806736585281526,0.9149074968177564,236.39560587807156
163.3879141052176,-6.090988907825248,18.255251464264596,-1.8063967218044568,0.9140999755242254,236.40416665244715
163.38398889072317,-6.081657322086137,18.25677241412406,-1.8060568840983957,0.9132924207662422,236.41272742682284
163.38006380879187,-6.072325710202109,18.258293363983523,-1.805717072123799,0.9124848325620087,236.42128820119842
163.3761388591673,-6.062994072242656,18.259814313842988,-1.8053772858411248,0.9116772109297149,236.4298489755741
163.372214041593,-6.0536624082773995,18.261335263702446,-1.805037525210834,0.9108695558875513,236.43840974994973
163.3682893558126,-6.044330718375801,18.262856213561907,-1.8046977901933925,0.910061867453694,236.4469705243252
163.36436480156976,-6.034999002607462,18.264377163421372,-1.8043580807492647,0.9092541456463216,236.45553129870086
163.36044037860816,-6.025667261041844,18.265898113280834,-1.8040183968389258,0.9084463904835973,236.46409207307653
163.35651608667152,-6.016335493748542,18.267419063140295,-1.8036787384228474,0.9076386019836875,236.47265284745217
163.35259192550353,-6.007003700796999,18.26894001299976,-1.8033391054615056,0.906830780164742,236.48121362182778
163.34866789484803,-5.997671882256798,18.270460962859218,-1.8029994979153838,0.906022925044915,236.48977439620325
163.34474399444872,-5.988340038197359,18.271981912718683,-1.8026599157449592,0.905215036642343,236.49833517057897
163.34082022404948,-5.979008168688251,18.27350286257814,-1.8023203589107228,0.9044071149751669,236.50689594495458
163.33689658339412,-5.969676273798887,18.275023812437606,-1.8019808273731601,0.9035991600615108,236.51545671933013
163.3329733614402,-5.960344281552917,18.27658658451097,-1.801642703661696,0.9027983231134078,236.52371928947315
163.32905044805636,-5.9510122193929185,18.278175291788408,-1.801305462412779,0.9020018876524103,236.53179693426404
163.3251276636338,-5.941680132067257,18.27976399906585,-1.800968246184944,0.9012054190342986,236.539874579055
163.3212050079165,-5.93234801964543,18.281352706343288,-1.8006310549392588,0.9004089172770693,236.5479522238459
163.3172824806485,-5.923015882196815,18.282941413620726,-1.8002938886367852,0.8996123823987052,236.55602986863687
163.31336008157385,-5.913683719790882,18.284530120898165,-1.799956747238591,0.8988158144171894,236.56410751342764
163.30943781043658,-5.904351532496997,18.28611882817561,-1.7996196307057455,0.8980192133504925,236.57218515821862
163.30551566698085,-5.895019320384639,18.287707535453038,-1.7992825389993237,0.8972225792165852,236.58026280300953
163.30159365095076,-5.885687083523143,18.289296242730483,-1.798945472080399,0.8964259120334249,236.58834044780048
163.29767176209052,-5.876354821981952,18.290884950007925,-1.7986084299100533,0.8956292118189704,236.5964180925914
163.29375000014426,-5.867022535830431,18.292473657285363,-1.7982714124493673,0.8948324785911664,236.60449573738228
163.2898283648562,-5.85769022513796,18.294062364562805,-1.7979344196594256,0.8940357123679576,236.61257338217322
163.2859068559706,-5.8483578899739594,18.29565107184024,-1.7975974515013187,0.8932389131672819,236.6206510269641
163.28198547323174,-5.8390255304077465,18.297239779117685,-1.7972605079361323,0.8924420810070645,236.62872867175506
163.2780642163839,-5.829693146508747,18.298828486395116,-1.7969235889249642,0.8916452159052345,236.63680631654591
163.27414308517137,-5.8203607383462455,18.300417193672562,-1.7965866944289077,0.890848317879704,236.6448839613369
163.2702220793386,-5.8110283059896615,18.302005900949997,-1.7962498244090657,0.890051386948389,236.65296160612772
163.26630119862986,-5.801695849508271,18.30359460822744,-1.7959129788265367,0.88925442312919,236.66103925091872
163.2623804427896,-5.792363368971496,18.305183315504877,-1.7955761576424272,0.8884574264400108,236.6691168957096
163.2584598115623,-5.783030864448579,18.306772022782315,-1.7952393608178459,0.8876603968987393,236.67719454050052
163.25453930469237,-5.77369833600893,18.30836073005975,-1.794902588313903,0.8868633345232657,236.6852721852914
163.25061892192429,-5.764365783721786,18.309949437337192,-1.7945658400917115,0.8860662393314669,236.69334983008238
163.2466986630026,-5.755033207656533,18.311538144614634,-1.794229116112388,0.8852691113412201,236.70142747487327
163.2427785276718,-5.745700607882412,18.31312685189207,-1.7938924163370515,0.8844719505703911,236.70950511966424
163.23885851567653,-5.736367984468753,18.31471555916951,-1.7935557407268248,0.883674757036841,236.71758276445507
163.23493862676133,-5.727035337484883,18.316304266446952,-1.7932190892428328,0.8828775307584292,236.72566040924596
163.23101886067084,-5.7177026670000215,18.31789297372439,-1.792882461846202,0.8820802717530013,236.7337380540369
163.22709921714974,-5.708369973083521,18.319481681001825,-1.7925458584980647,0.8812829800384039,236.74181569882788
163.2231796959426,-5.69903725580457,18.321070388279267,-1.7922092791595512,0.8804856556324709,236.7498933436188
163.2192602967943,-5.6897045152325285,18.322659095556705,-1.791872723791803,0.8796882985530363,236.7579709884096
163.2153410194494,-5.680371751436578,18.32424780283415,-1.7915361923559532,0.8788909088179224,236.76604863320063
163.21142186365276,-5.67103896448604,18.325836510111586,-1.7911996848131466,0.878093486444951,236.77412627799148
163.20750282914906,-5.661706154450089,18.327425217389028,-1.7908632011245267,0.8772960314519314,236.78220392278246
163.20358391568325,-5.652373321398047,18.329013924666466,-1.7905267412512413,0.8764985438566735,236.79028156757335
163.19966512300005,-5.643040465399076,18.330602631943908,-1.7901903051544394,0.875701023676975,236.79835921236426
163.19574645084435,-5.633707586522451,18.332191339221346,-1.7898538927952752,0.874903470930631,236.80643685715518
163.1918278989611,-5.624374684837402,18.333780046498777,-1.789517504134905,0.8741058856354338,236.814514501946
163.18790946709512,-5.61504176041311,18.335368753776226,-1.789181139134482,0.8733082678091588,236.82259214673698
163.18399115499142,-5.605708813318814,18.336957461053654,-1.788844797755175,0.8725106174695898,236.8306697915279
163.18007296239492,-5.596375843623706,18.3385461683311,-1.7885084799581392,0.8717129346344911,236.8387474363189
163.17615488905065,-5.5870428513969905,18.340134875608538,-1.7881721857045478,0.87091521932163,236.84682508110976
163.17223693470362,-5.57770983670785,18.34172358288598,-1.7878359149555672,0.8701174715487621,236.85490272590067
163.16831909909885,-5.568376799625485,18.343312290163418,-1.7874996676723711,0.8693196913336425,236.86298037069153
163.16440138198143,-5.559043740219064,18.34490099744086,-1.7871634438161292,0.8685218786940141,236.87105801548242
163.16048378309648,-5.549710658557764,18.346489704718298,-1.7868272433480261,0.867724033647621,236.8791356602734
163.1565663021891,-5.540377554710752,18.348078411995736,-1.7864910662292361,0.8669261562121919,236.88721330506434
163.15264996195896,-5.53104417403971,18.349703931753268,-1.7861562052914768,0.8661347872690366,236.8950338730612
163.14873465709078,-5.5217105427798705,18.35136248476291,-1.7858225276446227,0.8653492553792264,236.9026237561782
163.14481946938034,-5.5123768895644965,18.353021037772546,-1.7854888730698617,0.8645636912043289,236.91021363929534
163.140904398573,-5.503043214462686,18.354679590782183,-1.7851552415290037,0.8637780947619245,236.91780352241247
163.1369894444142,-5.493709517543422,18.35633814379182,-1.7848216329838604,0.8629924660695838,236.9253934055294
163.1330746066493,-5.484375798875791,18.357996696801457,-1.7844880473962466,0.8622068051448779,236.93298328864654
163.12915988502377,-5.475042058528775,18.359655249811095,-1.7841544847279773,0.8614211120053656,236.94057317176365
163.125245279283,-5.465708296571473,18.36131380282073,-1.7838209449408746,0.8606353866686063,236.94816305488072
163.12133078917256,-5.456374513072824,18.362972355830372,-1.7834874279967585,0.8598496291521462,236.9557529379978
163.11741641443794,-5.447040708101911,18.36463090884001,-1.7831539338574562,0.8590638394735339,236.9633428211149
163.11350215482466,-5.437706881727692,18.36628946184965,-1.7828204624847912,0.8582780176503024,236.97093270423193
163.10958801007828,-5.428373034019228,18.36794801485928,-1.7824870138405977,0.8574921636999902,236.978522587349
163.10567397994444,-5.4190391650454375,18.369606567868924,-1.7821535878867065,0.8567062776401169,236.9861124704661
163.10176006416867,-5.409705274875369,18.37126512087856,-1.7818201845849524,0.855920359488207,236.99370235358322
163.0978462624967,-5.40037136357801,18.372923673888195,-1.781486803897173,0.8551344092617768,237.00129223670027
163.09393257467414,-5.391037431222308,18.374582226897836,-1.7811534457852103,0.8543484269783312,237.00888211981732
163.09001900044666,-5.381703477877261,18.37624077990747,-1.7808201102109047,0.8535624126553767,237.01647200293442
163.08610553956,-5.3723695036118135,18.377899332917114,-1.780486797136102,0.8527763663104053,237.0240618860515
163.08219219175993,-5.363035508494956,18.379557885926747,-1.7801535065226521,0.851990287960914,237.03165176916855
163.0782789567922,-5.353701492595616,18.381216438936388,-1.7798202383324038,0.851204177624383,237.03924165228557
163.07436583440253,-5.34436745598277,18.38287499194602,-1.7794869925272105,0.8504180353182964,237.04683153540276
163.07045282433683,-5.335033398725336,18.384533544955666,-1.779153769068928,0.8496318610601226,237.05442141851978
163.06653992634088,-5.325699320892273,18.386192097965296,-1.7788205679194151,0.8488456548673344,237.06201130163683
163.06262714016057,-5.316365222552494,18.387850650974936,-1.7784873890405302,0.8480594167573896,237.06960118475405
163.05871446554178,-5.307031103774957,18.389509203984574,-1.7781542323941393,0.8472731467477481,237.0771910678711
163.05480190223042,-5.297696964628538,18.391167756994207,-1.7778210979421052,0.846486844855856,237.0847809509881
163.05088944997246,-5.288362805182173,18.39282631000385,-1.7774879856462986,0.8457005110991593,237.0923708341051
163.0469771085138,-5.279028625504807,18.39448486301349,-1.7771548954685894,0.8449141454951001,237.09996071722227
163.04306487760044,-5.26969442566528,18.396143416023122,-1.7768218273708491,0.8441277480611061,237.1075506003393
163.03915275697844,-5.2603602057325505,18.39780196903276,-1.7764887813149568,0.8433413188146086,237.11514048345637
163.03524074639378,-5.251025965775453,18.399460522042396,-1.7761557572627862,0.8425548577730249,237.12273036657342
163.03132884559255,-5.2416917058629355,18.401119075052037,-1.77582275517622,0.8417683649537746,237.13032024969064
163.02741705432084,-5.232357426063813,18.402777628061678,-1.775489775017143,0.840981840374263,237.1379101328076
163.0235053723247,-5.223023126447031,18.404436181071308,-1.775156816747439,0.8401952840518994,237.14550001592477
163.01959379935033,-5.213688807081388,18.406094734080952,-1.774823880328995,0.839408696004076,237.15308989904185
163.01568233514388,-5.2043544680358185,18.40775328709059,-1.7744909657237038,0.83862207624819,237.16067978215884
163.01177097945148,-5.195020109379109,18.409411840100226,-1.774158072893457,0.8378354248016249,237.16826966527597
163.0078597320194,-5.185685731180146,18.411070393109863,-1.7738252018001495,0.837048741681764,237.17585954839302
163.0039485925938,-5.176351333507816,18.412728946119497,-1.7734923524056798,0.8362620269059825,237.1834494315101
163.00003756092102,-5.167016916430906,18.41438749912914,-1.7731595246719491,0.8354752804916474,237.19103931462712
162.99612663674722,-5.1576824800182814,18.41604605213877,-1.7728267185608577,0.8346885024561268,237.19862919774428
162.99221581981877,-5.148348024338748,18.417704605148412,-1.7724939340343122,0.8339016928167733,237.20621908086127
162.98830510988202,-5.139013549461149,18.419363158158045,-1.7721611710542204,0.8331148515909443,237.2138089639784
162.98439450668326,-5.129679055454296,18.421021711167686,-1.771828429582491,0.8323279787959825,237.22139884709546
162.98048400996888,-5.120344542387014,18.422680264177323,-1.7714957095810364,0.8315410744492324,237.22898873021254
162.9765736194853,-5.111010010328097,18.42433881718696,-1.7711630110117726,0.8307541385680255,237.23657861332958
162.97266482531919,-5.101675088406809,18.42602879629303,-1.7708314972841213,0.8299729491020824,237.24395339883586
162.96875805784686,-5.092339669519039,18.427759283349086,-1.7705015044698695,0.8291991758851912,237.251050925495
162.96485139575444,-5.083004231880994,18.42948977040514,-1.7701715328129453,0.8284253712511411,237.2581484521542
162.96094483878875,-5.073668775561361,18.431220257461206,-1.7698415822759461,0.8276515352170974,237.2652459788133
162.95703838669644,-5.0643333006286895,18.43295074451726,-1.7695116528214738,0.8268776678002167,237.27234350547238
162.95313203922436,-5.054997807151647,18.434681231573318,-1.7691817444121334,0.8261037690176538,237.2794410321316
162.94922579611924,-5.0456622951987935,18.43641171862938,-1.7688518570105254,0.8253298388865538,237.28653855879082
162.94531965712795,-5.036326764838792,18.43814220568543,-1.768521990579265,0.824555877424062,237.29363608544986
162.94141362199727,-5.026991216140179,18.439872692741492,-1.7681921450809561,0.823781884647311,237.30073361210907
162.9375076904741,-5.017655649171601,18.441603179797546,-1.767862320478215,0.8230078605734352,237.3078311387682
162.93360186230535,-5.008320064001601,18.4433336668536,-1.7675325167336564,0.8222338052195557,237.3149286654273
