data/raw/Our galaxy Halo Stellar Kinematics/galstreams/source_snapshot/galstreams-main/galstreams/tracks/track.st.Orphan-Chenab.koposov2019.ecsv
# %ECSV 1.0
# ---
# datatype:
# - {name: ra, unit: deg, datatype: float64}
# - {name: dec, unit: deg, datatype: float64}
# - {name: distance, unit: kpc, datatype: float64}
# - {name: pm_ra_cosdec, unit: mas / yr, datatype: float64}
# - {name: pm_dec, unit: mas / yr, datatype: float64}
# - {name: radial_velocity, unit: km / s, datatype: float64}
# delimiter: ','
# meta: !!omap
# - __serialized_columns__:
#     dec:
#       __class__: astropy.coordinates.angles.Latitude
#       unit: &id001 !astropy.units.Unit {unit: deg}
#       value: !astropy.table.SerializedColumn {name: dec}
#     distance:
#       __class__: astropy.coordinates.distances.Distance
#       unit: !astropy.units.Unit {unit: kpc}
#       value: !astropy.table.SerializedColumn {name: distance}
#     pm_dec:
#       __class__: astropy.units.quantity.Quantity
#       unit: !astropy.units.Unit {unit: mas / yr}
#       value: !astropy.table.SerializedColumn {name: pm_dec}
#     pm_ra_cosdec:
#       __class__: astropy.units.quantity.Quantity
#       unit: !astropy.units.Unit {unit: mas / yr}
#       value: !astropy.table.SerializedColumn {name: pm_ra_cosdec}
#     ra:
#       __class__: astropy.coordinates.angles.Longitude
#       unit: *id001
#       value: !astropy.table.SerializedColumn {name: ra}
#       wrap_angle: !astropy.coordinates.Angle
#         unit: *id001
#         value: 360.0
#     radial_velocity:
#       __class__: astropy.units.quantity.Quantity
#       unit: !astropy.units.Unit {unit: km / s}
#       value: !astropy.table.SerializedColumn {name: radial_velocity}
# schema: astropy-2.0
ra,dec,distance,pm_ra_cosdec,pm_dec,radial_velocity
[from data line 10458]
187.86565779627455,-58.47168940464839,17.130942131451604,-3.6558399378527624,2.6289594125802713,8.420767129872338e-14
187.8563213876503,-58.46296334218836,17.129636838312997,-3.6554133191605764,2.629368380383604,1.0104920555846805e-13
187.8469896561218,-58.45423658891241,17.128331545174387,-3.654986875121733,2.6297769782365457,6.73661370389787e-14
187.83766259814493,-58.4455091453981,17.127026252035776,-3.654560605686487,2.6301852064655713,3.368306851948935e-14
187.8283402101787,-58.436781012222475,17.125720958897166,-3.6541345108050374,2.6305930653968304,8.420767129872338e-14
187.8190180263936,-58.42805349182924,17.12443136238219,-3.653706291891883,2.630998606422972,0.0
187.80969653561255,-58.41932644083266,17.123155738240527,-3.6532762023368637,2.6314020428240594,1.0104920555846805e-13
187.80037970709103,-58.41059870065611,17.121880114098868,-3.652846288426775,2.6318051094233574,3.368306851948935e-14
187.79106753729968,-58.40187027187513,17.12060448995721,-3.652416550110956,2.6322078065471057,1.1789073981821273e-13
187.78176002271246,-58.393141155064775,17.119328865815547,-3.651986987338684,2.6326101345212063,3.368306851948935e-14
187.77245715980612,-58.384411350799425,17.118053241673884,-3.651557600059168,2.633012093671237,8.420767129872338e-14
187.76315894506064,-58.37568085965295,17.11677761753223,-3.6511283882215544,2.6334136843224387,6.73661370389787e-14
187.75386537495905,-58.366949682198566,17.11550199339057,-3.6506993517749224,2.6338149067997194,5.0524602779234026e-14
187.74457644598732,-58.35821781900894,17.11422636924891,-3.6502704906682877,2.6342157614276602,5.0524602779234026e-14
187.73529215463458,-58.34948527065617,17.11295074510725,-3.649841804850604,2.6346162485305156,1.0104920555846805e-13
187.726012497393,-58.3407520377117,17.111675120965586,-3.6494132942707544,2.635016368432198,8.420767129872338e-14
187.71673747075772,-58.33201812074649,17.110399496823927,-3.648984958877565,2.6354161214562986,6.73661370389787e-14
187.70746707122697,-58.32328352033085,17.109123872682268,-3.6485567986197918,2.635815507926077,8.420767129872338e-14
187.6982012953021,-58.31454823703448,17.107848248540606,-3.6481288134461347,2.6362145281644622,1.0104920555846805e-13
187.68894013948736,-58.30581227142658,17.106572624398947,-3.6477010033052215,2.636613182494055,0.0
187.67968360029008,-58.2970756240757,17.105297000257288,-3.6472733681456235,2.6370114712371326,8.420767129872338e-14
187.67043167422068,-58.288338295549856,17.10402137611563,-3.6468459079158513,2.637409394715636,1.347322740779574e-13
187.66118435779256,-58.27960028641647,17.102745751973966,-3.6464186225643456,2.637806953251179,6.73661370389787e-14
187.65194164752214,-58.27086159724234,17.101470127832307,-3.6459915120394872,2.6382041471650566,8.420767129872338e-14
187.64270353992887,-58.26212222859375,17.10019450369065,-3.6455645762895985,2.638600976778224,8.420767129872338e-14
187.63347003153527,-58.2533821810364,17.098918879548986,-3.645137815262937,2.6389974424113207,1.0104920555846805e-13
187.62424111886682,-58.24464145513536,17.09764325540733,-3.6447112289076995,2.6393935443846526,6.73661370389787e-14
187.61501679845205,-58.235900051455154,17.096367631265664,-3.6442848171720232,2.6397892830182044,8.420767129872338e-14
187.60579706682248,-58.22715797055976,17.095092007124006,-3.643858580003981,2.6401846586316315,1.347322740779574e-13
187.59658192051268,-58.21841521301252,17.093816382982347,-3.643432517351588,2.6405796715442587,1.0104920555846805e-13
187.58737135606017,-58.209671779376265,17.092540758840684,-3.6430066291627954,2.640974322075099,1.515738083377021e-13
187.57816537000556,-58.20092767021322,17.09126513469903,-3.6425809153854987,2.6413686105428282,5.0524602779234026e-14
187.56896395889237,-58.192182886085014,17.089989510557366,-3.64215537596753,2.6417625372658042,8.420767129872338e-14
187.5597671192672,-58.18343742755274,17.088713886415707,-3.6417300108566604,2.6421561025620575,1.0104920555846805e-13
187.5505748476796,-58.17469129517689,17.08743826227404,-3.6413048200006077,2.6425493067492973,1.347322740779574e-13
187.5413871406821,-58.16594448951744,17.086162638132386,-3.640879803347021,2.642942150144907,1.1789073981821273e-13
187.53220399483033,-58.15719701113373,17.08488701399073,-3.6404549608434964,2.6433346330659457,1.1789073981821273e-13
187.5230254066828,-58.148448860584566,17.083611389849064,-3.640030292437575,2.6437267558291557,8.420767129872338e-14
187.51385137280099,-58.139700038428145,17.082335765707402,-3.63960579807673,2.6441185187509504,1.6841534259744677e-13
187.50468188974952,-58.13095054522217,17.081060141565743,-3.6391814777083815,2.644509922147421,6.73661370389787e-14
187.49551695409582,-58.122200381523726,17.079784517424084,-3.63875733127989,2.6449009663343426,8.420767129872338e-14
187.4863565624104,-58.1134495478893,17.078508893282425,-3.6383333587385596,2.6452916516271645,1.1789073981821273e-13
187.47720071126673,-58.10469804487488,17.077233269140763,-3.6379095600316376,2.6456819783410115,1.347322740779574e-13
187.46804939724126,-58.095945873035845,17.075957644999104,-3.637485935106309,2.6460719467906957,1.347322740779574e-13
187.45890261691338,-58.08719303292703,17.07468202085745,-3.6370624839097028,2.6464615572907033,1.6841534259744677e-13
187.44976036686543,-58.07843952510271,17.073406396715786,-3.6366392063888995,2.6468508101552004,1.1789073981821273e-13
187.44062264368284,-58.06968535011654,17.072130772574123,-3.6362161024909105,2.6472397056980355,1.1789073981821273e-13
187.4314894439539,-58.06093050852169,17.070855148432464,-3.6357931721626975,2.6476282442327363,1.1789073981821273e-13
187.42236076426985,-58.0521750008707,17.069579524290802,-3.635370415351167,2.648016426072508,1.515738083377021e-13
187.41323660122495,-58.04341882771562,17.068303900149143,-3.6349478320031627,2.648404251530244,8.420767129872338e-14
187.40411695141637,-58.03466198960785,17.06702827600748,-3.6345254220654803,2.648791720918515,1.6841534259744677e-13
187.39499872135642,-58.02590538519813,17.0657658103935,-3.634101319669478,2.6491771755394353,1.8525687685719145e-13
187.3858810486538,-58.017149264454375,17.064520168467865,-3.6336750059306273,2.6495601526115062,1.1789073981821273e-13
187.37676788138035,-58.00839247938365,17.063274526542234,-3.633248866652012,2.6499427731683642,1.515738083377021e-13
187.36765921614446,-57.99963503053597,17.062028884616605,-3.6328229017795914,2.6503250375226504,1.347322740779574e-13
187.3585550495576,-57.990876918460756,17.060783242690974,-3.6323971112592663,2.6507069459866845,1.8525687685719145e-13
187.34945537823413,-57.98211814370687,17.059537600765342,-3.631971495036884,2.6510884988724683,1.0104920555846805e-13
187.34036019879125,-57.97335870682262,17.05829195883971,-3.6315460530582366,2.651469696491688,1.0104920555846805e-13
187.33126950784924,-57.96459860835574,17.057046316914075,-3.6311207852690646,2.651850539155714,2.020984111169361e-13
187.32218330203125,-57.95583784885348,17.055800674988447,-3.63069569161505,2.6522310271755902,1.347322740779574e-13
187.31310157796338,-57.94707642886243,17.054555033062815,-3.6302707720418272,2.6526111608620537,1.1789073981821273e-13
187.3040243322746,-57.93831434892869,17.053309391137184,-3.6298460264949752,2.652990940525524,8.420767129872338e-14
187.29495156159683,-57.92955160959777,17.052063749211545,-3.629421454920018,2.6533703664761017,1.347322740779574e-13
187.28588326256497,-57.920788211414695,17.050818107285917,-3.6289970572624273,2.6537494390235725,1.347322740779574e-13
187.27681943181682,-57.91202415492386,17.04957246536029,-3.6285728334676244,2.6541281584774032,1.1789073981821273e-13
187.26776006599297,-57.90325944066915,17.048326823434653,-3.6281487834809774,2.654506525146755,1.0104920555846805e-13
187.25870516173714,-57.89449406919388,17.04708118150902,-3.627724907247801,2.6548845393404656,1.6841534259744677e-13
187.24965471569578,-57.885728041040835,17.045835539583393,-3.627301204713359,2.65526220136706,1.0104920555846805e-13
187.24060872451835,-57.87696135675221,17.044589897657758,-3.626877675822863,2.6556395115347535,6.73661370389787e-14
187.23156718485714,-57.86819401686971,17.043344255732123,-3.6264543205214745,2.656016470151445,8.420767129872338e-14
187.22253009336742,-57.859426021934425,17.042098613806495,-3.6260311387542976,2.656393077524715,8.420767129872338e-14
187.21349744670738,-57.850657372486936,17.040852971880863,-3.6256081304663965,2.6567693339618383,5.0524602779234026e-14
187.20446924153796,-57.84188806906728,17.03960732995523,-3.6251852956027744,2.6571452397697755,1.0104920555846805e-13
187.19544547452315,-57.83311811221493,17.0383616880296,-3.6247626341083885,2.657520795255172,1.1789073981821273e-13
187.18642614232976,-57.82434750246882,17.037116046103968,-3.6243401459281426,2.657896000724361,8.420767129872338e-14
187.17741124162757,-57.815576240367335,17.035870404178333,-3.623917831006899,2.658270856483367,6.73661370389787e-14
187.16840076908915,-57.806804326448315,17.034624762252708,-3.6234956892894563,2.6586453628379014,8.420767129872338e-14
187.15939472138996,-57.798031761249064,17.03337912032707,-3.6230737207205754,2.659019520093365,1.0104920555846805e-13
187.15039309520841,-57.789258545306325,17.03213347840144,-3.6226519252449596,2.6593933285548443,1.515738083377021e-13
187.1413958872258,-57.78048467915633,17.03088783647581,-3.6222303028072673,2.6597667885271203,8.420767129872338e-14
187.13240309412623,-57.77171016333472,17.029642194550178,-3.621808853352107,2.6601399003146633,1.0104920555846805e-13
187.1234147125967,-57.76293499837663,17.028396552624546,-3.6213875768240373,2.66051266422163,1.515738083377021e-13
187.11443073932716,-57.75415918481666,17.027150910698914,-3.620966473167569,2.660885080551871,1.347322740779574e-13
187.10545117101032,-57.74538272318882,17.025905268773283,-3.620545542327163,2.6612571496089266,1.1789073981821273e-13
187.09647600434187,-57.73660561402664,17.02465962684765,-3.6201247842472353,2.661628871696025,6.73661370389787e-14
187.0875052360202,-57.72782785786307,17.023413984922023,-3.6197041988721472,2.662000247116094,1.347322740779574e-13
187.07853886274677,-57.71904945523053,17.02216834299639,-3.619283786146218,2.662371276171745,1.0104920555846805e-13
187.06957688122577,-57.710270406660925,17.020922701070756,-3.6188635460137215,2.6627419591652846,1.515738083377021e-13
187.06061928816428,-57.701490712685604,17.019677059145124,-3.6184434784188775,2.663112296398715,1.0104920555846805e-13
187.05166608027224,-57.69271037383536,17.018431417219492,-3.61802358330586,2.6634822881737223,8.420767129872338e-14
187.04271725426244,-57.6839293906405,17.017185775293864,-3.6176038606187984,2.6638519347916954,1.6841534259744676e-14
187.03377280685052,-57.67514776363072,17.015940133368233,-3.6171843103017753,2.6642212365537117,8.420767129872338e-14
187.02483273475497,-57.666365493335256,17.014694491442597,-3.6167649322988256,2.664590193760544,3.368306851948935e-14
187.0158970346971,-57.65758258028277,17.013448849516966,-3.6163457265539365,2.664958806712656,3.368306851948935e-14
187.00696570340114,-57.64879902500139,17.012203207591334,-3.615926693011052,2.6653270757102105,1.515738083377021e-13
186.99803873759407,-57.64001482801874,17.010957565665702,-3.6155078316140665,2.6656950010530602,1.0104920555846805e-13
186.98911613400577,-57.63122998986187,17.00971192374007,-3.615089142306833,2.6660625830407554,6.73661370389787e-14
186.98019591279305,-57.622445083415414,17.008476845753737,-3.6146691755317137,2.66642847296744,6.73661370389787e-14
186.9712763566813,-57.61366060535802,17.007261499263212,-3.614246674124919,2.6667914995765187,5.0524602779234026e-14
186.96236115491368,-57.60487548689103,17.00604615277268,-3.6138243458147854,2.667154182442273,6.73661370389787e-14
186.95345030423087,-57.59608972853998,17.004830806282154,-3.6134021905443414,2.667516521864293,6.73661370389787e-14
186.94454380137645,-57.587303330829876,17.003615459791632,-3.612980208256578,2.667878518141869,1.347322740779574e-13
186.93564164309674,-57.57851629428525,17.0024001133011,-3.612558398894439,2.668240171573983,5.0524602779234026e-14
186.92674382614092,-57.56972861943007,17.001184766810574,-3.6121367624008207,2.6686014824593105,8.420767129872338e-14
186.917850347261,-57.560940306787764,16.99996942032005,-3.611715298718579,2.6689624510962315,6.73661370389787e-14
186.9089612032118,-57.55215135688124,16.998754073829524,-3.6112940077905256,2.669323077782814,0.0
186.90007639075085,-57.543361770232906,16.997538727339,-3.610872889559429,2.66968336281683,1.6841534259744676e-14
186.89119590663867,-57.534571547364614,16.99632338084847,-3.610451943968012,2.670043306495744,8.420767129872338e-14
186.88231974763846,-57.52578068879769,16.995108034357944,-3.6100311709589565,2.670402909116715,1.0104920555846805e-13
186.87344791051623,-57.516989195052986,16.99389268786742,-3.6096105704748997,2.670762170976608,8.420767129872338e-14
186.8645803920409,-57.508197066650716,16.992677341376886,-3.609190142458439,2.6711210923719815,1.1789073981821273e-13
186.85571718898402,-57.49940430411072,16.99146199488636,-3.6087698868521247,2.6714796735990913,1.0104920555846805e-13
186.8468582981201,-57.49061090795219,16.99024664839584,-3.6083498035984674,2.6718379149538922,8.420767129872338e-14
186.83800371622635,-57.481816878693856,16.989031301905317,-3.6079298926399352,2.6721958167320397,3.368306851948935e-14
186.82915344008282,-57.47302221685391,16.987815955414785,-3.6075101539189562,2.672553379228889,5.0524602779234026e-14
186.82030746647223,-57.46422692295004,16.98660060892426,-3.607090587377911,2.672910602739497,1.0104920555846805e-13
186.81146579218031,-57.45543099749937,16.985385262433734,-3.606671192959145,2.6732674875586095,3.368306851948935e-14
186.80262841399536,-57.44663444101856,16.984169915943205,-3.606251970604959,2.6736240339806887,6.73661370389787e-14
186.7937953287086,-57.43783725402371,16.98295456945268,-3.605832920257611,2.673980242299883,5.0524602779234026e-14
186.78496653311396,-57.429039437030404,16.981739222962155,-3.605414041859322,2.6743361128100522,1.6841534259744676e-14
186.77614202400818,-57.42024099055373,16.98052387647163,-3.6049953353522683,2.6746916458047507,8.420767129872338e-14
186.76732179819072,-57.411441915108256,16.979308529981104,-3.60457680067859,2.6750468415772386,-1.6841534259744676e-14
186.75850585246388,-57.40264221120797,16.97809318349058,-3.604158437780379,2.675401700420475,5.0524602779234026e-14
186.74969418363276,-57.393841879366455,16.976877837000046,-3.603740246599699,2.6757562226271254,3.368306851948935e-14
186.7408867885051,-57.38504092009669,16.97566249050952,-3.603322227078559,2.6761104084895493,3.368306851948935e-14
186.73208366389147,-57.37623933391118,16.974447144018995,-3.602904379158942,2.676464258299817,5.0524602779234026e-14
186.72328480660528,-57.3674371213219,16.973231797528474,-3.6024867027827807,2.6768177723497004,3.368306851948935e-14
186.7144902134626,-57.35863428284029,16.97201645103794,-3.6020691978919768,2.677170950930672,3.368306851948935e-14
186.70569988128227,-57.34983081897733,16.970801104547416,-3.6016518644283844,2.6775237943339105,8.420767129872338e-14
186.69691380688593,-57.34102673024344,16.969585758056887,-3.601234702333825,2.6778763028502968,3.368306851948935e-14
186.68813198709793,-57.33222201714854,16.968370411566365,-3.6008177115500763,2.6782284767704176,1.6841534259744676e-14
186.67935441874536,-57.323416680202044,16.96715506507584,-3.600400892018881,2.6785803163845663,6.73661370389787e-14
186.67058109865815,-57.31461071991286,16.96593971858531,-3.599984243681943,2.678931821982735,8.420767129872338e-14
186.6618120236689,-57.30580413678937,16.964724372094786,-3.5995677664809262,2.679282993854629,8.420767129872338e-14
186.65304719061288,-57.296996931339436,16.96350902560426,-3.599151460357456,2.679633832289652,8.420767129872338e-14
186.6442865963283,-57.288189104070476,16.96229367911373,-3.5987353252531227,2.679984337576916,3.368306851948935e-14
