data/raw/Our galaxy Halo Stellar Kinematics/galstreams/source_snapshot/galstreams-main/galstreams/tracks/track.st.Orphan-Chenab.koposov2019.ecsv
# %ECSV 1.0
# ---
# datatype:
# - {name: ra, unit: deg, datatype: float64}
# - {name: dec, unit: deg, datatype: float64}
# - {name: distance, unit: kpc, datatype: float64}
# - {name: pm_ra_cosdec, unit: mas / yr, datatype: float64}
# - {name: pm_dec, unit: mas / yr, datatype: float64}
# - {name: radial_velocity, unit: km / s, datatype: float64}
# delimiter: ','
# meta: !!omap
# - __serialized_columns__:
#     dec:
#       __class__: astropy.coordinates.angles.Latitude
#       unit: &id001 !astropy.units.Unit {unit: deg}
#       value: !astropy.table.SerializedColumn {name: dec}
#     distance:
#       __class__: astropy.coordinates.distances.Distance
#       unit: !astropy.units.Unit {unit: kpc}
#       value: !astropy.table.SerializedColumn {name: distance}
#     pm_dec:
#       __class__: astropy.units.quantity.Quantity
#       unit: !astropy.units.Unit {unit: mas / yr}
#       value: !astropy.table.SerializedColumn {name: pm_dec}
#     pm_ra_cosdec:
#       __class__: astropy.units.quantity.Quantity
#       unit: !astropy.units.Unit {unit: mas / yr}
#       value: !astropy.table.SerializedColumn {name: pm_ra_cosdec}
#     ra:
#       __class__: astropy.coordinates.angles.Longitude
#       unit: *id001
#       value: !astropy.table.SerializedColumn {name: ra}
#       wrap_angle: !astropy.coordinates.Angle
#         unit: *id001
#         value: 360.0
#     radial_velocity:
#       __class__: astropy.units.quantity.Quantity
#       unit: !astropy.units.Unit {unit: km / s}
#       value: !astropy.table.SerializedColumn {name: radial_velocity}
# schema: astropy-2.0
ra,dec,distance,pm_ra_cosdec,pm_dec,radial_velocity
[from data line 12675]
174.88637492243237,-37.959771474853945,16.07698486747595,-2.902501118865472,2.7731800906978052,-3.368306851948935e-14
174.88307283212026,-37.95009510735024,16.077337370246113,-2.9022372458653933,2.773025123068979,1.6841534259744676e-14
174.87977165930928,-37.94041864008822,16.077689873016276,-2.9019734324238984,2.7728700940793125,0.0
174.87647140348366,-37.93074207312436,16.07804237578643,-2.901709678510526,2.7727150037673973,5.0524602779234026e-14
174.87317206412806,-37.92106540651519,16.078394878556594,-2.90144598409483,2.7725598521717867,5.0524602779234026e-14
174.86987364072743,-37.91138864031719,16.078747381326753,-2.9011823491463873,2.7724046393310076,1.6841534259744676e-14
174.86657613276716,-37.90171177458676,16.07909988409692,-2.9009187736347903,2.772249365283556,5.0524602779234026e-14
174.86327953973293,-37.89203480938029,16.079452386867075,-2.9006552575296576,2.7720940300678967,3.368306851948935e-14
174.85998386111083,-37.88235774475413,16.079804889637234,-2.9003918008006173,2.7719386337224607,0.0
174.85668909638727,-37.87268058076457,16.080157392407397,-2.900128403417325,2.771783176285652,0.0
174.85339524504906,-37.8630033174679,16.08050989517756,-2.8998650653494504,2.7716276577958396,-5.0524602779234026e-14
174.85010230658332,-37.85332595492032,16.080862397947715,-2.8996017865666857,2.7714720782913704,1.6841534259744676e-14
174.84681028047757,-37.84364849317801,16.08121490071788,-2.8993385670387393,2.7713164378105475,3.368306851948935e-14
174.8435191662197,-37.83397093229714,16.081567403488037,-2.8990754067353417,2.7711607363916544,0.0
174.84022896329785,-37.8242932723338,16.081919906258197,-2.898812305626241,2.7710049740729374,6.73661370389787e-14
174.8369396712007,-37.81461551334406,16.082272409028363,-2.898549263681203,2.770849150892613,-3.368306851948935e-14
174.8336512894171,-37.80493765538394,16.08262491179852,-2.8982862808700163,2.7706932668888724,-1.6841534259744676e-14
174.83036381743636,-37.79525969850942,16.08297741456868,-2.8980233571624843,2.7705373220998677,-5.0524602779234026e-14
174.82707725474813,-37.785581642776464,16.08332991733884,-2.897760492528433,2.7703813165637294,-1.6841534259744676e-14
174.82379160084244,-37.77590348824095,16.083682420109,-2.897497686937706,2.7702252503185467,0.0
174.8205068552096,-37.766225234958775,16.08403492287916,-2.8972349403601645,2.7700691234023895,-1.6841534259744676e-14
174.81722301734035,-37.75654688298575,16.08438742564932,-2.8969722527656914,2.7699129358532892,-3.368306851948935e-14
174.81394008672575,-37.746868432377674,16.08473992841948,-2.896709624124187,2.7697566877092497,-5.0524602779234026e-14
174.81065806285721,-37.73718988319028,16.085092431189647,-2.896447054405572,2.7696003790082444,1.6841534259744676e-14
174.80737694522654,-37.72751123547928,16.085444933959803,-2.8961845435797846,2.7694440097882174,-1.6841534259744676e-14
174.80409673332585,-37.717832489300356,16.085797436729965,-2.895922091616782,2.769287580087078,1.6841534259744676e-14
174.8008174266476,-37.708153644709135,16.086149939500125,-2.895659698486542,2.7691310899427117,5.0524602779234026e-14
174.79753902468465,-37.69847470176121,16.086502442270284,-2.8953973641590594,2.7689745393929672,-3.368306851948935e-14
174.79426152693017,-37.6887956605121,16.086854945040443,-2.8951350886043494,2.7688179284756678,1.0104920555846805e-13
174.79098493287773,-37.67911652101738,16.087207447810606,-2.8948728717924452,2.7686612572286027,-1.6841534259744676e-14
174.78770924202124,-37.66943728333246,16.08755995058076,-2.8946107136934,2.7685045256895338,0.0
174.78443445385489,-37.659757947512816,16.087912453350924,-2.894348614277282,2.7683477338961913,6.73661370389787e-14
174.78116056787334,-37.65007851361383,16.08826495612109,-2.894086573514185,2.768190881886274,-3.368306851948935e-14
174.7778875835715,-37.64039898169084,16.088617458891246,-2.8938245913742193,2.7680339696974547,-3.368306851948935e-14
174.77461550044467,-37.63071935179919,16.08896996166141,-2.893562667827508,2.7678769973673703,1.6841534259744676e-14
174.77134431798848,-37.62103962399416,16.089322464431568,-2.893300802844202,2.7677199649336357,1.6841534259744676e-14
174.76807403569902,-37.61135979833095,16.089674967201727,-2.8930389963944654,2.767562872433826,0.0
174.76480465307253,-37.60167987486481,16.09002746997189,-2.8927772484484815,2.767405719905492,5.0524602779234026e-14
174.76153616960585,-37.591999853650876,16.09037997274205,-2.892515558976457,2.7672485073861526,-6.73661370389787e-14
174.75826858479587,-37.58231973474425,16.09073247551221,-2.892253927948611,2.7670912349132997,5.0524602779234026e-14
174.75500189814014,-37.57263951820006,16.09108497828237,-2.8919923553351854,2.76693390252439,0.0
174.75173610913632,-37.56295920407332,16.09143748105253,-2.8917308411064404,2.766776510256857,-1.6841534259744676e-14
174.7484712172825,-37.553278792419064,16.09178998382269,-2.8914693852326523,2.7666190581480974,-3.368306851948935e-14
174.74520722207725,-37.54359828329221,16.092142486592852,-2.8912079876841217,2.7664615462354814,0.0
174.7419441230192,-37.533917676747734,16.09249498936301,-2.8909466484311612,2.766303974556352,-1.6841534259744676e-14
174.73868191960764,-37.5242369728405,16.092847492133174,-2.8906853674441066,2.766146343148015,0.0
174.73542343312624,-37.51455540976109,16.093202486017127,-2.8904239838720396,2.7659882416940462,1.6841534259744676e-14
174.7321886174697,-37.50486759997216,16.093577589983337,-2.89016136003593,2.7658267681906956,-1.6841534259744676e-14
174.72895468998848,-37.495179694544426,16.093952693949547,-2.8898987940086944,2.765665235572066,5.0524602779234026e-14
174.7257216501871,-37.485491693531806,16.094327797915756,-2.8896362857608215,2.7655036438751024,6.73661370389787e-14
174.72248949757036,-37.475803596988065,16.094702901881973,-2.8893738352628175,2.765341993136717,0.0
174.71925823164335,-37.466115404966985,16.095078005848183,-2.889111442485207,2.765180283393797,5.0524602779234026e-14
174.71602785191155,-37.456427117522324,16.09545310981439,-2.888849107398535,2.765018514683197,8.420767129872338e-14
174.7127983578808,-37.44673873470778,16.095828213780603,-2.8885868299733635,2.764856687041742,3.368306851948935e-14
174.7095697490573,-37.437050256576995,16.096203317746813,-2.888324610180275,2.764694800506229,1.6841534259744676e-14
174.70634202494745,-37.427361683183626,16.096578421713026,-2.8880624479898667,2.7645328551134236,1.6841534259744676e-14
174.70311518505818,-37.41767301458125,16.096953525679233,-2.8878003433727604,2.7643708509000655,-5.0524602779234026e-14
174.69988922889664,-37.40798425082339,16.097328629645443,-2.887538296299591,2.7642087879028625,3.368306851948935e-14
174.6966641559704,-37.39829539196359,16.097703733611656,-2.8872763067410157,2.7640466661584933,0.0
174.69343996578732,-37.388606438055334,16.098078837577866,-2.8870143746677064,2.763884485703607,1.6841534259744676e-14
174.6902166578556,-37.37891738915202,16.09845394154408,-2.8867525000503576,2.763722246574826,5.0524602779234026e-14
174.6869942316838,-37.36922824530711,16.09882904551029,-2.886490682859682,2.7635599488087417,1.0104920555846805e-13
174.68377268678083,-37.35953900657391,16.0992041494765,-2.8862289230664064,2.763397592441914,8.420767129872338e-14
174.6805520226559,-37.34984967300579,16.09957925344271,-2.8859672206412816,2.7632351775108774,5.0524602779234026e-14
174.67733223881862,-37.340160244656005,16.09995435740892,-2.8857055755550745,2.763072704052137,6.73661370389787e-14
174.6741133347789,-37.330470721577825,16.100329461375132,-2.885443987778569,2.7629101721021643,0.0
174.67089531004697,-37.32078110382445,16.100704565341346,-2.8851824572825695,2.7627475816974085,5.0524602779234026e-14
174.66767816413346,-37.31109139144907,16.101079669307552,-2.8849209840378993,2.7625849328742866,8.420767129872338e-14
174.6644618965493,-37.30140158450481,16.101454773273762,-2.8846595680153984,2.762422225669183,3.368306851948935e-14
174.66124650680575,-37.29171168304479,16.101829877239975,-2.8843982091859264,2.762259460118459,6.73661370389787e-14
174.65803199441442,-37.28202168712207,16.102204981206185,-2.88413690752036,2.7620966362584443,3.368306851948935e-14
174.65481835888727,-37.27233159678966,16.102580085172395,-2.8838756629895967,2.761933754125439,0.0
174.65160559973657,-37.262641412100564,16.102955189138605,-2.88361447556455,2.7617708137557155,3.368306851948935e-14
174.64839371647497,-37.25295113310775,16.103330293104815,-2.883353345216154,2.761607815185517,3.368306851948935e-14
174.6451827086154,-37.24326075986412,16.10370539707103,-2.8830922719153573,2.761444758451057,8.420767129872338e-14
174.6419725756712,-37.23357029242254,16.104080501037238,-2.8828312556331332,2.7612816435885223,5.0524602779234026e-14
174.638763317156,-37.223879730835876,16.104455605003444,-2.882570296340467,2.76111847063407,1.0104920555846805e-13
174.6355549325837,-37.21418907515692,16.104830708969665,-2.882309394008365,2.760955239623825,1.347322740779574e-13
174.6323474214687,-37.204498325438465,16.10520581293587,-2.8820485486078544,2.760791950593889,8.420767129872338e-14
174.62914078332562,-37.1948074817332,16.10558091690208,-2.881787760109975,2.760628603580332,8.420767129872338e-14
174.6259350176694,-37.18511654409386,16.10595602086829,-2.8815270284857903,2.760465198619195,3.368306851948935e-14
174.6227301240154,-37.175425512573085,16.106331124834504,-2.881266353706378,2.760301735746494,8.420767129872338e-14
174.61952610187925,-37.16573438722348,16.106706228800714,-2.8810057357428365,2.7601382149982108,1.0104920555846805e-13
174.61632295077692,-37.15604316809766,16.107081332766924,-2.8807451745662838,2.7599746364103006,3.368306851948935e-14
174.61312067022473,-37.14635185524815,16.107456436733138,-2.880484670147851,2.7598110000186935,3.368306851948935e-14
174.60991925973934,-37.13666044872747,16.107831540699348,-2.8802242224586925,2.7596473058592856,5.0524602779234026e-14
174.60671871883775,-37.12696894858809,16.108206644665557,-2.8799638314699783,2.759483553967951,5.0524602779234026e-14
174.60351904703725,-37.11727735488247,16.108581748631767,-2.879703497152897,2.759319744380528,1.1789073981821273e-13
174.60032024385552,-37.10758566766299,16.10895685259798,-2.8794432194786577,2.759155877132832,1.0104920555846805e-13
174.5971223088105,-37.097893886982014,16.109331956564187,-2.879182998418483,2.7589919522606463,8.420767129872338e-14
174.59392524142058,-37.08820201289187,16.1097070605304,-2.8789228339436184,2.758827969799727,6.73661370389787e-14
174.59072904120436,-37.07851004544485,16.11008216449661,-2.8786627260253246,2.758663929785805,6.73661370389787e-14
174.58753413484266,-37.06881786934029,16.110457698949364,-2.878402640642752,2.7584997535485765,1.6841534259744677e-13
174.58436098040588,-37.05911995987548,16.110854284194065,-2.8781409494178294,2.758331671300555,1.6841534259744676e-14
174.58118868679557,-37.04942195848517,16.11125086943876,-2.8778793144154884,2.7581635319875595,1.1789073981821273e-13
174.578017253535,-37.03972386522085,16.111647454683457,-2.877617735607101,2.7579953356450226,8.420767129872338e-14
174.57484668014766,-37.030025680133875,16.112044039928154,-2.877356212964053,2.757827082308349,5.0524602779234026e-14
174.57167696615744,-37.02032740327562,16.112440625172848,-2.8770947464577574,2.75765877201292,6.73661370389787e-14
174.56850811108853,-37.01062903469743,16.112837210417545,-2.876833336059637,2.7574904047940842,8.420767129872338e-14
174.56534011446544,-37.00093057445058,16.113233795662243,-2.876571981741135,2.7573219806871627,1.347322740779574e-13
174.56217297581304,-36.99123202258632,16.11363038090694,-2.876310683473714,2.757153499727449,1.0104920555846805e-13
174.5590066946565,-36.98153337915589,16.114026966151634,-2.876049441228855,2.756984961950211,0.0
174.55584127052128,-36.971834644210446,16.11442355139633,-2.8757882549780547,2.7568163673906856,3.368306851948935e-14
174.55267670293324,-36.96213581780114,16.11482013664103,-2.8755271246928293,2.756647716084082,8.420767129872338e-14
174.54951299141854,-36.9524368999791,16.115216721885727,-2.875266050344712,2.7564790080655825,8.420767129872338e-14
174.5463501355037,-36.942737890795385,16.11561330713042,-2.875005031905257,2.7563102433703417,3.368306851948935e-14
174.54318813471545,-36.93303879030105,16.116009892375118,-2.874744069346032,2.7561414220334868,8.420767129872338e-14
174.54002698858096,-36.923339598547095,16.116406477619815,-2.874483162638627,2.755972544090114,6.73661370389787e-14
174.5368666966277,-36.91364031558446,16.116803062864513,-2.8742223117546466,2.7558036095752967,1.1789073981821273e-13
174.53370725838346,-36.90394094146414,16.11719964810921,-2.8739615166657173,2.755634618524075,5.0524602779234026e-14
174.53054867337633,-36.894241476237006,16.117596233353908,-2.8737007773434784,2.7554655709714675,3.368306851948935e-14
174.52739094113477,-36.88454191995392,16.1179928185986,-2.873440093759591,2.75529646695246,1.6841534259744676e-14
174.5242340611875,-36.8748422726657,16.1183894038433,-2.873179465885732,2.7551273065020117,0.0
174.52107803306367,-36.86514253442316,16.118785989087996,-2.872918893693599,2.754958089655055,5.0524602779234026e-14
174.51792285629264,-36.85544270527704,16.119182574332694,-2.872658377154904,2.7547888164464953,3.368306851948935e-14
174.51476853040415,-36.84574278527806,16.11957915957739,-2.872397916241381,2.7546194869112077,1.347322740779574e-13
174.51161505492826,-36.83604277447692,16.119975744822085,-2.8721375109247753,2.7544501010840428,1.0104920555846805e-13
174.50846242939537,-36.826342672924305,16.120372330066782,-2.8718771611768594,2.7542806589998223,-1.6841534259744676e-14
174.50531065333615,-36.81664248067076,16.12076891531148,-2.871616866969414,2.7541111606933395,5.0524602779234026e-14
174.50215972628163,-36.80694219776692,16.12116550055618,-2.8713566282742433,2.7539416061993625,0.0
174.4990096477632,-36.7972418242633,16.121562085800875,-2.8710964450631717,2.7537719955526296,1.6841534259744676e-14
174.49586041731243,-36.78754136021044,16.12195867104557,-2.870836317308034,2.7536023287878524,-1.6841534259744676e-14
174.49271203446142,-36.77784080565881,16.122355256290266,-2.870576244980687,2.7534326059397154,6.73661370389787e-14
174.48956449874242,-36.76814016065885,16.122751841534967,-2.8703162280530052,2.7532628270428745,1.6841534259744676e-14
174.4864178096881,-36.75843942526096,16.123148426779657,-2.8700562664968845,2.753092992131962,-1.6841534259744676e-14
174.48327196683138,-36.748738599515505,16.12354501202436,-2.869796360284228,2.7529231012415765,0.0
174.48012696970554,-36.739037683472866,16.123941597269052,-2.8695365093869674,2.752753154406296,6.73661370389787e-14
174.47698281784417,-36.72933667718328,16.124338182513746,-2.8692767137770483,2.752583151660666,8.420767129872338e-14
174.47383951078126,-36.71963558069707,16.124734767758447,-2.8690169734264335,2.7524130930392054,5.0524602779234026e-14
174.47069704805094,-36.70993439406444,16.125131353003145,-2.868757288307102,2.7522429785764113,0.0
174.46755542918785,-36.700233117335614,16.12552793824784,-2.868497658391054,2.7520728083067456,-1.6841534259744676e-14
174.4644146537268,-36.6905317505607,16.125924523492536,-2.8682380836503047,2.75190258226465,-1.6841534259744676e-14
174.461274721203,-36.680830293789896,16.126321108737237,-2.8679785640568887,2.7517323004845338,1.6841534259744676e-14
174.45813563115198,-36.67112874707323,16.126717693981934,-2.8677190995828568,2.75156196300078,6.73661370389787e-14
174.45499738310957,-36.66142711046085,16.127114279226628,-2.86745969020028,2.7513915698477494,1.6841534259744676e-14
174.4518599766119,-36.651725384002674,16.127510864471326,-2.867200335881243,2.7512211210597695,0.0
174.44872341119543,-36.64202356774876,16.127907449716023,-2.86694103659785,2.7510506166711437,8.420767129872338e-14
174.445587686397,-36.632321661749046,16.128304034960717,-2.8666817923222245,2.7508800567161478,-6.73661370389787e-14
