data/raw/Our galaxy Halo Stellar Kinematics/galstreams/source_snapshot/galstreams-main/galstreams/tracks/track.st.Orphan-Chenab.koposov2019.ecsv
# %ECSV 1.0
# ---
# datatype:
# - {name: ra, unit: deg, datatype: float64}
# - {name: dec, unit: deg, datatype: float64}
# - {name: distance, unit: kpc, datatype: float64}
# - {name: pm_ra_cosdec, unit: mas / yr, datatype: float64}
# - {name: pm_dec, unit: mas / yr, datatype: float64}
# - {name: radial_velocity, unit: km / s, datatype: float64}
# delimiter: ','
# meta: !!omap
# - __serialized_columns__:
#     dec:
#       __class__: astropy.coordinates.angles.Latitude
#       unit: &id001 !astropy.units.Unit {unit: deg}
#       value: !astropy.table.SerializedColumn {name: dec}
#     distance:
#       __class__: astropy.coordinates.distances.Distance
#       unit: !astropy.units.Unit {unit: kpc}
#       value: !astropy.table.SerializedColumn {name: distance}
#     pm_dec:
#       __class__: astropy.units.quantity.Quantity
#       unit: !astropy.units.Unit {unit: mas / yr}
#       value: !astropy.table.SerializedColumn {name: pm_dec}
#     pm_ra_cosdec:
#       __class__: astropy.units.quantity.Quantity
#       unit: !astropy.units.Unit {unit: mas / yr}
#       value: !astropy.table.SerializedColumn {name: pm_ra_cosdec}
#     ra:
#       __class__: astropy.coordinates.angles.Longitude
#       unit: *id001
#       value: !astropy.table.SerializedColumn {name: ra}
#       wrap_angle: !astropy.coordinates.Angle
#         unit: *id001
#         value: 360.0
#     radial_velocity:
#       __class__: astropy.units.quantity.Quantity
#       unit: !astropy.units.Unit {unit: km / s}
#       value: !astropy.table.SerializedColumn {name: radial_velocity}
# schema: astropy-2.0
ra,dec,distance,pm_ra_cosdec,pm_dec,radial_velocity
[from data line 12535]
175.36734895694025,-39.310920452436854,16.034556169252284,-2.939755333402294,2.7932781810010114,3.368306851948935e-14
175.36377092619472,-39.30129700331319,16.034807068062598,-2.9394862446010226,2.7931453052834154,8.420767129872338e-14
175.36021176206484,-39.29166862236643,16.035070720387104,-2.939216919207125,2.79301101249168,8.420767129872338e-14
175.35667365841738,-39.28203471739752,16.035348700063725,-2.9389473192249747,2.7928751371194735,3.368306851948935e-14
175.3531365729188,-39.272400697634374,16.035626679740346,-2.9386777850546575,2.7927391924022436,3.368306851948935e-14
175.34960050498393,-39.26276656314344,16.03590465941697,-2.9384083166624517,2.792603178384395,0.0
175.3460654540279,-39.25313231399111,16.036182639093596,-2.938138914014662,2.792467095110304,8.420767129872338e-14
175.34253141946633,-39.24349795024377,16.036460618770217,-2.9378695770776106,2.7923309426243033,1.1789073981821273e-13
175.33899840071524,-39.23386347196774,16.03673859844684,-2.9376003058176425,2.792194720970693,0.0
175.33546639719106,-39.22422887922926,16.037016578123463,-2.937331100201121,2.7920584301937375,-1.6841534259744676e-14
175.33193540831058,-39.21459417209457,16.037294557800085,-2.9370619601944328,2.7919220703376633,1.6841534259744676e-14
175.32840543349107,-39.20495935062985,16.037572537476706,-2.936792885763985,2.7917856414466615,5.0524602779234026e-14
175.32487647215024,-39.19532441490121,16.03785051715333,-2.936523876876208,2.791649143564884,8.420767129872338e-14
175.32134852370615,-39.185689364974735,16.038128496829952,-2.936254933497549,2.7915125767364524,0.0
175.31782158757724,-39.176054200916425,16.038406476506573,-2.9359860555944772,2.791375941005446,6.73661370389787e-14
175.3142956631825,-39.16641892279229,16.038684456183198,-2.935717243133488,2.7912392364159118,5.0524602779234026e-14
175.31077074994118,-39.15678353066824,16.03896243585982,-2.9354484960810887,2.7911024630118613,3.368306851948935e-14
175.30724684727306,-39.14714802461017,16.03924041553644,-2.935179814403817,2.790965620837267,-1.6841534259744676e-14
175.30372395459824,-39.1375124046839,16.039518395213065,-2.934911198068225,2.7908287099360676,6.73661370389787e-14
175.3002020713373,-39.127876670955246,16.039796374889686,-2.9346426470408877,2.790691730352164,3.368306851948935e-14
175.29668119691124,-39.11824082348991,16.04007435456631,-2.934374161288402,2.790554682129422,5.0524602779234026e-14
175.29316133074138,-39.1086048623536,16.040352334242932,-2.934105740777386,2.790417565311675,3.368306851948935e-14
175.28964247224948,-39.09896878761198,16.040630313919557,-2.933837385474475,2.790280379942714,6.73661370389787e-14
175.2861246208578,-39.08933259933063,16.040908293596182,-2.933569095346329,2.7901431260663,-3.368306851948935e-14
175.28260777598894,-39.07969629757509,16.0411862732728,-2.933300870359628,2.7900058037261557,6.73661370389787e-14
175.27909193706586,-39.07005988241088,16.04146425294942,-2.933032710481073,2.7898684129659657,0.0
175.27557710351203,-39.060423353903424,16.041742232626046,-2.932764615677384,2.789730953829384,8.420767129872338e-14
175.27206327475125,-39.05078671211817,16.04202021230267,-2.932496585915303,2.7895934263600246,6.73661370389787e-14
175.2685504502078,-39.041149957120446,16.042298191979288,-2.932228621161596,2.7894558306014696,3.368306851948935e-14
175.2650386293063,-39.031513088975565,16.042576171655913,-2.931960721383045,2.7893181665972624,3.368306851948935e-14
175.26152781147178,-39.0218761077488,16.042854151332534,-2.931692886546453,2.7891804343909117,8.420767129872338e-14
175.25801799612972,-39.012239013505365,16.043132131009155,-2.931425116618647,2.78904263402589,8.420767129872338e-14
175.25450918270602,-39.00260180631043,16.04341011068578,-2.9311574115664727,2.7889047655456376,5.0524602779234026e-14
175.25100137062694,-38.9929644862291,16.0436880903624,-2.9308897713567976,2.7887668289935554,3.368306851948935e-14
175.2474945593191,-38.98332705332648,16.043966070039023,-2.930622195956508,2.78862882441301,3.368306851948935e-14
175.24398874820966,-38.973689507667586,16.044244049715648,-2.9303546853325133,2.7884907518473345,1.6841534259744676e-14
175.24048393672606,-38.9640518493174,16.04452202939227,-2.9300872394517428,2.7883526113398265,8.420767129872338e-14
175.23698012429622,-38.954414078340854,16.044800009068894,-2.929819858281144,2.788214402933742,3.368306851948935e-14
175.23347731034846,-38.94477619480282,16.04507798874552,-2.92955254178769,2.78807612667231,6.73661370389787e-14
175.22997549431142,-38.935138198768165,16.045355968422133,-2.9292852899383717,2.7879377825987235,6.73661370389787e-14
175.22647467561427,-38.92550009030167,16.04563394809876,-2.929018102700198,2.7877993707561313,6.73661370389787e-14
175.22297485368648,-38.91586186946807,16.045911927775382,-2.9287509800402036,2.7876608911876595,6.73661370389787e-14
175.21947602795794,-38.90622353633208,16.046189907452003,-2.9284839219254395,2.78752234393639,6.73661370389787e-14
175.21597819785904,-38.89658509095835,16.04646788712863,-2.92821692832298,2.787383729045372,5.0524602779234026e-14
175.21248136282045,-38.886946533411475,16.04674586680525,-2.9279499991999223,2.787245046557622,5.0524602779234026e-14
175.2089855222733,-38.87730786375601,16.047023846481874,-2.927683134523375,2.787106296516118,3.368306851948935e-14
175.20549067564912,-38.86766908205648,16.047301826158495,-2.9274163342604775,2.786967478963806,3.368306851948935e-14
175.20199682237978,-38.858030188377356,16.047579805835117,-2.9271495983783833,2.786828593943597,1.1789073981821273e-13
175.19851836352487,-38.84838729580752,16.047867670442123,-2.926882638690464,2.7866884394974205,8.420767129872338e-14
175.19506431215873,-38.83873797163112,16.04817161106749,-2.9266152741941944,2.7865462634310534,1.0104920555846805e-13
175.19161124328903,-38.829088538120715,16.048475551692853,-2.926347973264292,2.786404020886943,5.0524602779234026e-14
175.18815915635517,-38.819438995339134,16.048779492318225,-2.9260807358681844,2.786261711907404,0.0
175.18470805079696,-38.80978934334918,16.049083432943586,-2.925813561973324,2.786119336534723,6.73661370389787e-14
175.1812579260546,-38.8001395822136,16.04938737356896,-2.925546451547178,2.785976894811146,5.0524602779234026e-14
175.17780878156876,-38.79048971199508,16.04969131419432,-2.9252794045572434,2.7858343867788893,1.6841534259744676e-14
175.17436061678035,-38.780839732756306,16.049995254819684,-2.925012420971027,2.7856918124801338,5.0524602779234026e-14
175.17091343113086,-38.771189644559854,16.05029919544505,-2.9247455007560648,2.785549171957023,6.73661370389787e-14
175.16746722406205,-38.7615394474683,16.050603136070418,-2.9244786438799077,2.7854064652516684,6.73661370389787e-14
175.16402199501607,-38.751889141544204,16.050907076695783,-2.9242118503101273,2.785263692406149,1.1789073981821273e-13
175.1605777434356,-38.74223872685001,16.05121101732115,-2.923945120014321,2.785120853462505,3.368306851948935e-14
175.1571344687635,-38.73258820344815,16.051514957946516,-2.9236784529601003,2.784977948462751,1.1789073981821273e-13
175.1536921704432,-38.72293757140104,16.051818898571884,-2.923411849115102,2.784834977448855,1.0104920555846805e-13
175.15025084791853,-38.713286830770976,16.05212283919725,-2.923145308446977,2.7846919404627606,1.6841534259744676e-14
175.1468105006335,-38.70363598162027,16.052426779822614,-2.922878830923403,2.7845488375463736,5.0524602779234026e-14
175.14337112803275,-38.69398502401119,16.052730720447983,-2.9226124165120746,2.7844056687415675,1.0104920555846805e-13
175.13993272956122,-38.684333958005936,16.053034661073347,-2.9223460651807076,2.7842624340901785,5.0524602779234026e-14
175.13649530466424,-38.67468278366666,16.053338601698712,-2.922079776897037,2.7841191336340105,5.0524602779234026e-14
175.13305885278749,-38.66503150105549,16.053642542324084,-2.92181355162882,2.783975767414836,5.0524602779234026e-14
175.12962337337711,-38.65538011023449,16.053946482949446,-2.9215473893438335,2.7838323354743912,0.0
175.1261888658796,-38.64572861126569,16.054250423574814,-2.9212812900098726,2.783688837854376,5.0524602779234026e-14
175.12275532974186,-38.636077004211074,16.05455436420018,-2.921015253594756,2.7835452745964617,1.1789073981821273e-13
175.11932276441118,-38.62642528913261,16.054858304825547,-2.920749280066319,2.7834016457422806,3.368306851948935e-14
175.11589116933524,-38.61677346609214,16.055162245450916,-2.920483369392421,2.783257951333436,3.368306851948935e-14
175.11246054396204,-38.607121535151556,16.05546618607628,-2.9202175215409385,2.7831141914114923,3.368306851948935e-14
175.10903088774012,-38.59746949637263,16.055770126701645,-2.9199517364797694,2.7829703660179854,3.368306851948935e-14
175.10560220011826,-38.58781734981715,16.05607406732701,-2.919686014176832,2.7828264751944154,6.73661370389787e-14
175.10217448054567,-38.57816509554682,16.056378007952375,-2.9194203546000637,2.782682518982244,5.0524602779234026e-14
175.09874772847203,-38.56851273362332,16.056681948577744,-2.9191547577174233,2.782538497422908,3.368306851948935e-14
175.0953219433473,-38.558860264108255,16.05698588920311,-2.918889223496889,2.7823944105578047,6.73661370389787e-14
175.09189712462188,-38.54920768706324,16.057289829828473,-2.9186237519064595,2.782250258428297,1.6841534259744676e-14
175.08847327174655,-38.53955500254979,16.057593770453842,-2.918358342914152,2.7821060410757195,1.6841534259744676e-14
175.0850503841725,-38.529902210629395,16.05789771107921,-2.9180929964880065,2.7819617585413687,0.0
175.0816284613512,-38.52024931136353,16.058201651704575,-2.917827712596081,2.781817410866511,8.420767129872338e-14
175.0782075027346,-38.51059630481361,16.05850559232994,-2.917562491206456,2.781672998092377,5.0524602779234026e-14
175.0747875077751,-38.50094319104096,16.0588095329553,-2.9172973322872284,2.781528520260162,1.6841534259744676e-14
175.07136847592537,-38.491289970106926,16.05911347358067,-2.917032235806517,2.7813839774110325,1.6841534259744676e-14
175.06795040663846,-38.48163664207278,16.059417414206038,-2.91676720173246,2.7812393695861193,1.6841534259744676e-14
175.06453329936787,-38.47198320699974,16.059721354831407,-2.9165022300332177,2.7810946968265178,5.0524602779234026e-14
175.06111715356744,-38.462329664948996,16.06002529545677,-2.91623732067697,2.780949959173298,6.73661370389787e-14
175.05770196869145,-38.4526760159817,16.060329236082136,-2.9159724736319137,2.780805156667485,0.0
175.0542877441945,-38.44302226015893,16.0606331767075,-2.9157076888662674,2.7806602893500805,1.6841534259744676e-14
175.0508744795316,-38.433368397541784,16.06093711733287,-2.915442966348271,2.780515357262047,5.0524602779234026e-14
175.04746217415814,-38.42371442819124,16.061241057958235,-2.9151783060461818,2.7803703604443175,5.0524602779234026e-14
175.04405082752987,-38.41406035216825,16.061544998583596,-2.9149137079282794,2.7802252989377907,3.368306851948935e-14
175.04065041077519,-38.404403478001974,16.061856157544682,-2.9146488885601984,2.780079198639336,0.0
175.0372752910131,-38.39473992764034,16.062184939201224,-2.914383439023945,2.7799306559660413,3.368306851948935e-14
175.0339011201573,-38.38507627296579,16.062513720857773,-2.914118050963919,2.7797820494812306,3.368306851948935e-14
175.0305278976705,-38.375412514037855,16.062842502514318,-2.9138527243486396,2.7796333792252828,0.0
175.02715562301566,-38.365748650916,16.063171284170863,-2.9135874591466435,2.779484645238541,1.0104920555846805e-13
175.02378429565613,-38.35608468365969,16.06350006582741,-2.9133222553264893,2.779335847561315,8.420767129872338e-14
175.02041391505568,-38.346420612328316,16.063828847483954,-2.9130571128567553,2.779186986233884,-1.6841534259744676e-14
175.0170444806784,-38.33675643698127,16.0641576291405,-2.9127920317060356,2.7790380612964953,-3.368306851948935e-14
175.0136759919889,-38.32709215767782,16.064486410797045,-2.91252701184295,2.7788890727893603,1.6841534259744676e-14
175.01030844845192,-38.317427774477274,16.064815192453587,-2.9122620532361347,2.77874002075266,-3.368306851948935e-14
175.00694184953278,-38.307763287438846,16.065143974110132,-2.911997155854245,2.778590905226544,1.0104920555846805e-13
175.00357619469716,-38.29809869662173,16.06547275576668,-2.9117323196659566,2.778441726251123,-1.6841534259744676e-14
175.000211483411,-38.2884340020851,16.065801537423226,-2.9114675446399687,2.7782924838664877,3.368306851948935e-14
174.99684771514072,-38.27876920388804,16.066130319079768,-2.911202830744995,2.7781431781126855,3.368306851948935e-14
174.99348488935303,-38.26910430208962,16.066459100736317,-2.910938177949771,2.7779938090297343,5.0524602779234026e-14
174.9901230055151,-38.25943929674886,16.066787882392866,-2.910673586223053,2.7778443766576197,-6.73661370389787e-14
174.98676206309443,-38.24977418792472,16.06711666404941,-2.9104090555336146,2.7776948810362976,-1.6841534259744676e-14
174.98340206155893,-38.240108975676165,16.067445445705953,-2.9101445858502535,2.7775453222056905,0.0
174.98004300037675,-38.23044366006208,16.0677742273625,-2.90988017714178,2.777395700205686,8.420767129872338e-14
174.97668487901663,-38.22077824114133,16.068103009019048,-2.909615829377031,2.777246015076141,-3.368306851948935e-14
174.9733276969475,-38.2111127189727,16.06843179067559,-2.9093515425248597,2.7770962668568835,8.420767129872338e-14
174.96997145363878,-38.20144709361497,16.06876057233214,-2.909087316554138,2.7769464555877006,-3.368306851948935e-14
174.96661614856012,-38.19178136512688,16.06908935398868,-2.90882315143376,2.7767965813083593,6.73661370389787e-14
174.96326178118173,-38.182115533567085,16.06941813564523,-2.908559047132637,2.776646644058585,1.6841534259744676e-14
174.95990835097405,-38.17244959899428,16.06974691730177,-2.9082950036197035,2.7764966438780747,1.6841534259744676e-14
174.95655585740795,-38.16278356146701,16.07007569895832,-2.908031020863908,2.776346580806493,0.0
174.95320429995462,-38.15311742104387,16.07040448061486,-2.9077670988342263,2.7761964548834746,1.6841534259744676e-14
174.94985367808573,-38.143451177783376,16.070733262271407,-2.907503237499645,2.776046266148617,5.0524602779234026e-14
174.94650399127318,-38.133784831743995,16.07106204392795,-2.907239436829176,2.775896014641491,-5.0524602779234026e-14
174.9431552389893,-38.12411838298414,16.071390825584498,-2.9069756967918483,2.775745700401632,3.368306851948935e-14
174.93980742070684,-38.11445183156227,16.071719607241043,-2.906712017356713,2.775595323468547,6.73661370389787e-14
174.93646053589887,-38.10478517753667,16.07204838889759,-2.906448398492838,2.7754448838817067,-1.6841534259744676e-14
174.9331145840388,-38.095118420965676,16.072377170554134,-2.906184840169311,2.7752943816805535,0.0
174.92976956460046,-38.08545156190756,16.07270595221068,-2.9059213423552395,2.7751438169044977,5.0524602779234026e-14
174.92642547705805,-38.07578460042054,16.073034733867225,-2.9056579050197544,2.774993189592917,5.0524602779234026e-14
174.92308232088604,-38.06611753656279,16.07336351552377,-2.9053945281319975,2.7748424997851577,8.420767129872338e-14
174.91974009555946,-38.05645037039248,16.073692297180315,-2.905131211661139,2.7746917475205315,3.368306851948935e-14
174.91639880055348,-38.04678310196771,16.07402107883686,-2.904867955576361,2.7745409328383257,8.420767129872338e-14
174.91305843534386,-38.03711573134653,16.074349860493406,-2.9046047598468716,2.7743900557777863,-1.6841534259744676e-14
174.90971899940652,-38.02744825858698,16.07467864214995,-2.9043416244418943,2.774239116378138,-3.368306851948935e-14
174.9063804922179,-38.017780683747006,16.075007423806497,-2.904078549330671,2.774088114678565,0.0
174.90304291325467,-38.008113006884564,16.075336205463042,-2.903815534482465,2.773937050718226,0.0
174.89970626199403,-37.998445228057555,16.07566498711959,-2.9035525798665596,2.773785924536244,5.0524602779234026e-14
174.8963705379134,-37.98877734732381,16.075993768776137,-2.903289685452258,2.7736347361717133,5.0524602779234026e-14
174.89303574049066,-37.979109364741184,16.07632255043268,-2.9030268512088804,2.7734834856636974,3.368306851948935e-14
